200 3930 10 50
0 43
1 32
2 21
3 37
4 47
5 43
6 5
7 35
8 6
9 23
10 30
11 8
12 28
13 47
14 37
15 4
16 28
17 15
18 36
19 5
20 2
21 6
22 35
23 29
24 5
25 35
26 27
27 39
28 4
29 4
30 14
31 33
32 1
33 3
34 18
35 42
36 16
37 35
38 29
39 19
40 13
41 27
42 35
43 38
44 29
45 35
46 42
47 15
48 12
49 43
50 1
51 36
52 15
53 11
54 19
55 5
56 11
57 5
58 19
59 10
60 42
61 7
62 15
63 27
64 33
65 30
66 1
67 1
68 17
69 15
70 50
71 1
72 19
73 25
74 35
75 43
76 45
77 36
78 43
79 34
80 21
81 29
82 15
83 27
84 29
85 42
86 26
87 21
88 39
89 47
90 42
91 34
92 20
93 31
94 10
95 10
96 27
97 7
98 33
99 11
100 10
101 31
102 40
103 28
104 19
105 7
106 29
107 6
108 13
109 34
110 30
111 28
112 32
113 42
114 30
115 35
116 10
117 49
118 44
119 28
120 41
121 7
122 13
123 20
124 34
125 3
126 6
127 24
128 11
129 3
130 2
131 27
132 50
133 1
134 26
135 31
136 45
137 18
138 2
139 18
140 8
141 48
142 17
143 32
144 10
145 33
146 48
147 1
148 19
149 20
150 50
151 28
152 46
153 12
154 15
155 34
156 32
157 45
158 7
159 28
160 1
161 35
162 26
163 6
164 41
165 43
166 42
167 31
168 50
169 1
170 31
171 27
172 50
173 36
174 24
175 37
176 21
177 9
178 32
179 5
180 25
181 42
182 38
183 21
184 32
185 8
186 32
187 14
188 32
189 24
190 14
191 10
192 29
193 39
194 36
195 30
196 18
197 22
198 40
199 29
0 0 3 4
1 0 5 2
2 0 9 7
3 0 12 6
4 0 29 9
5 0 30 3
6 0 40 3
7 0 41 5
8 0 46 1
9 0 47 3
10 0 53 6
11 0 58 7
12 0 62 7
13 0 83 1
14 0 86 7
15 0 87 6
16 0 94 7
17 0 98 8
18 0 103 10
19 0 104 5
20 0 110 6
21 0 116 10
22 0 117 8
23 0 118 4
24 0 143 4
25 0 145 9
26 0 151 9
27 0 154 1
28 0 156 5
29 0 163 9
30 0 166 7
31 0 167 6
32 0 172 9
33 0 175 3
34 0 193 7
35 1 5 7
36 1 8 6
37 1 10 10
38 1 16 4
39 1 18 6
40 1 24 2
41 1 28 7
42 1 30 8
43 1 31 8
44 1 33 4
45 1 34 3
46 1 40 8
47 1 44 7
48 1 46 4
49 1 50 7
50 1 54 2
51 1 59 7
52 1 60 3
53 1 61 8
54 1 74 3
55 1 88 10
56 1 94 9
57 1 111 1
58 1 112 6
59 1 113 8
60 1 114 4
61 1 116 3
62 1 120 1
63 1 130 10
64 1 133 6
65 1 134 4
66 1 136 6
67 1 139 2
68 1 143 4
69 1 146 7
70 1 147 6
71 1 153 5
72 1 154 3
73 1 156 10
74 1 158 1
75 1 159 1
76 1 162 9
77 1 166 7
78 1 178 1
79 1 184 9
80 1 190 7
81 1 192 4
82 2 5 9
83 2 7 6
84 2 14 5
85 2 19 5
86 2 24 1
87 2 30 8
88 2 32 8
89 2 52 2
90 2 62 2
91 2 65 7
92 2 68 8
93 2 70 6
94 2 71 5
95 2 74 8
96 2 82 2
97 2 89 2
98 2 94 8
99 2 95 3
100 2 100 5
101 2 108 3
102 2 118 7
103 2 127 2
104 2 132 1
105 2 133 2
106 2 139 3
107 2 148 8
108 2 159 8
109 2 160 2
110 2 165 6
111 2 166 3
112 2 167 3
113 2 172 4
114 2 174 8
115 2 175 1
116 2 178 4
117 2 181 3
118 2 182 9
119 2 186 4
120 2 187 1
121 2 189 9
122 2 195 7
123 3 5 8
124 3 6 3
125 3 12 9
126 3 13 8
127 3 15 8
128 3 19 4
129 3 30 3
130 3 33 5
131 3 37 7
132 3 38 8
133 3 44 5
134 3 45 2
135 3 46 3
136 3 47 1
137 3 56 6
138 3 57 7
139 3 77 9
140 3 80 5
141 3 82 7
142 3 85 7
143 3 97 9
144 3 106 4
145 3 114 3
146 3 118 2
147 3 119 5
148 3 135 1
149 3 137 5
150 3 138 7
151 3 140 7
152 3 147 10
153 3 154 10
154 3 168 7
155 3 170 7
156 3 180 6
157 3 185 5
158 3 188 3
159 3 191 2
160 3 192 4
161 3 199 3
162 4 7 7
163 4 9 10
164 4 11 7
165 4 14 10
166 4 22 6
167 4 31 9
168 4 38 2
169 4 39 7
170 4 45 6
171 4 56 5
172 4 62 2
173 4 68 5
174 4 69 8
175 4 81 8
176 4 87 8
177 4 101 6
178 4 102 10
179 4 114 7
180 4 115 4
181 4 119 3
182 4 124 10
183 4 156 8
184 4 157 5
185 4 160 1
186 4 171 9
187 4 173 9
188 4 174 2
189 4 175 4
190 4 179 4
191 4 180 7
192 4 185 6
193 4 186 8
194 4 188 8
195 5 8 3
196 5 16 6
197 5 20 6
198 5 31 10
199 5 32 8
200 5 33 3
201 5 38 9
202 5 47 1
203 5 61 1
204 5 62 3
205 5 72 5
206 5 75 2
207 5 82 8
208 5 83 1
209 5 84 10
210 5 89 5
211 5 91 9
212 5 92 8
213 5 106 8
214 5 110 5
215 5 118 3
216 5 126 8
217 5 128 2
218 5 132 10
219 5 133 3
220 5 142 2
221 5 145 2
222 5 148 3
223 5 152 3
224 5 164 7
225 5 166 7
226 5 173 3
227 5 177 5
228 5 184 2
229 5 187 6
230 5 192 10
231 6 10 2
232 6 11 6
233 6 12 4
234 6 19 1
235 6 21 1
236 6 26 7
237 6 30 7
238 6 35 5
239 6 38 5
240 6 39 3
241 6 40 6
242 6 49 5
243 6 57 3
244 6 58 5
245 6 62 8
246 6 69 1
247 6 70 9
248 6 75 8
249 6 77 4
250 6 81 8
251 6 83 7
252 6 104 5
253 6 114 6
254 6 117 1
255 6 121 5
256 6 122 10
257 6 126 9
258 6 129 9
259 6 138 8
260 6 139 9
261 6 145 7
262 6 148 4
263 6 155 4
264 6 188 4
265 6 191 2
266 6 197 8
267 7 12 8
268 7 27 6
269 7 28 10
270 7 35 10
271 7 39 5
272 7 42 4
273 7 49 10
274 7 57 2
275 7 64 1
276 7 71 6
277 7 77 3
278 7 79 9
279 7 82 9
280 7 83 1
281 7 84 4
282 7 106 2
283 7 110 2
284 7 114 3
285 7 125 8
286 7 126 9
287 7 127 2
288 7 130 3
289 7 142 6
290 7 148 1
291 7 154 2
292 7 160 5
293 7 162 1
294 7 163 1
295 7 167 7
296 7 168 8
297 7 173 3
298 7 175 9
299 7 178 6
300 7 179 3
301 7 180 7
302 7 181 6
303 7 186 8
304 7 189 3
305 8 11 9
306 8 13 7
307 8 21 7
308 8 26 2
309 8 41 8
310 8 49 3
311 8 54 2
312 8 56 6
313 8 60 4
314 8 65 4
315 8 71 5
316 8 75 2
317 8 76 9
318 8 77 6
319 8 80 3
320 8 84 2
321 8 87 6
322 8 90 1
323 8 94 1
324 8 96 6
325 8 97 1
326 8 99 3
327 8 104 8
328 8 109 3
329 8 111 10
330 8 115 8
331 8 117 6
332 8 119 4
333 8 121 2
334 8 133 9
335 8 136 10
336 8 138 8
337 8 139 8
338 8 150 1
339 8 154 4
340 8 157 8
341 8 164 3
342 8 167 4
343 8 170 8
344 8 171 5
345 8 176 3
346 8 179 1
347 8 194 8
348 9 11 3
349 9 14 8
350 9 19 8
351 9 22 7
352 9 24 7
353 9 27 4
354 9 28 3
355 9 36 6
356 9 38 2
357 9 43 5
358 9 45 5
359 9 53 10
360 9 60 10
361 9 61 6
362 9 66 6
363 9 70 3
364 9 79 9
365 9 87 6
366 9 94 5
367 9 96 8
368 9 100 2
369 9 101 1
370 9 110 10
371 9 114 2
372 9 119 6
373 9 122 10
374 9 127 2
375 9 136 2
376 9 149 8
377 9 152 1
378 9 153 4
379 9 158 10
380 9 159 9
381 9 162 5
382 9 175 5
383 9 188 9
384 9 189 2
385 9 190 2
386 9 196 2
387 9 198 1
388 10 18 5
389 10 19 5
390 10 21 9
391 10 22 9
392 10 24 7
393 10 26 6
394 10 41 3
395 10 45 9
396 10 48 6
397 10 51 4
398 10 52 8
399 10 57 8
400 10 65 5
401 10 70 9
402 10 73 1
403 10 76 4
404 10 85 1
405 10 89 4
406 10 92 4
407 10 94 9
408 10 107 9
409 10 111 10
410 10 116 4
411 10 121 5
412 10 152 8
413 10 154 4
414 10 160 4
415 10 164 10
416 10 166 7
417 10 170 6
418 10 184 5
419 10 188 9
420 10 198 4
421 11 12 2
422 11 20 3
423 11 26 5
424 11 28 9
425 11 31 1
426 11 32 8
427 11 35 3
428 11 48 1
429 11 58 2
430 11 61 4
431 11 63 2
432 11 73 6
433 11 75 8
434 11 82 7
435 11 88 8
436 11 94 4
437 11 95 6
438 11 100 5
439 11 101 2
440 11 111 5
441 11 113 10
442 11 119 1
443 11 126 10
444 11 127 1
445 11 129 2
446 11 133 10
447 11 134 10
448 11 136 10
449 11 141 6
450 11 161 1
451 11 162 8
452 11 164 4
453 11 169 1
454 11 170 2
455 11 187 1
456 11 190 10
457 11 199 9
458 12 20 9
459 12 22 4
460 12 23 10
461 12 27 10
462 12 35 10
463 12 37 3
464 12 40 2
465 12 41 5
466 12 46 8
467 12 61 4
468 12 85 1
469 12 91 9
470 12 92 3
471 12 95 1
472 12 98 8
473 12 113 8
474 12 114 3
475 12 120 6
476 12 121 9
477 12 128 8
478 12 134 8
479 12 138 1
480 12 141 7
481 12 149 7
482 12 152 7
483 12 157 4
484 12 158 1
485 12 163 1
486 12 166 3
487 12 168 9
488 12 169 6
489 12 172 3
490 12 177 4
491 12 185 5
492 12 189 2
493 12 192 4
494 12 199 5
495 13 14 2
496 13 36 6
497 13 40 4
498 13 41 4
499 13 46 3
500 13 59 3
501 13 61 3
502 13 80 4
503 13 81 9
504 13 82 8
505 13 84 3
506 13 87 2
507 13 97 6
508 13 100 9
509 13 117 6
510 13 118 2
511 13 120 2
512 13 124 4
513 13 125 6
514 13 126 7
515 13 133 8
516 13 138 2
517 13 140 10
518 13 145 10
519 13 149 9
520 13 155 6
521 13 159 4
522 13 163 9
523 13 168 4
524 13 169 9
525 13 170 10
526 13 173 9
527 13 176 5
528 13 179 2
529 13 183 5
530 13 188 1
531 13 190 10
532 13 194 1
533 14 20 10
534 14 22 5
535 14 31 3
536 14 38 4
537 14 39 9
538 14 47 8
539 14 57 2
540 14 59 3
541 14 75 6
542 14 76 3
543 14 81 3
544 14 85 10
545 14 86 5
546 14 88 7
547 14 89 5
548 14 101 7
549 14 103 4
550 14 107 9
551 14 110 10
552 14 111 6
553 14 115 8
554 14 128 1
555 14 131 4
556 14 138 2
557 14 142 8
558 14 148 3
559 14 154 4
560 14 162 10
561 14 175 2
562 14 177 6
563 14 179 7
564 15 20 3
565 15 21 2
566 15 23 10
567 15 25 5
568 15 30 2
569 15 43 8
570 15 47 4
571 15 48 10
572 15 49 6
573 15 51 1
574 15 54 6
575 15 55 10
576 15 61 8
577 15 62 3
578 15 72 10
579 15 76 3
580 15 93 6
581 15 100 7
582 15 108 8
583 15 113 6
584 15 117 1
585 15 122 10
586 15 126 6
587 15 131 8
588 15 137 5
589 15 141 6
590 15 142 5
591 15 145 8
592 15 155 1
593 15 156 4
594 15 157 6
595 15 158 6
596 15 163 5
597 15 167 2
598 15 175 7
599 15 178 1
600 15 186 2
601 15 187 9
602 15 192 10
603 15 195 10
604 15 197 5
605 15 198 7
606 15 199 7
607 16 19 10
608 16 20 9
609 16 21 4
610 16 22 6
611 16 28 10
612 16 29 4
613 16 30 10
614 16 31 8
615 16 33 10
616 16 36 4
617 16 55 10
618 16 56 4
619 16 65 8
620 16 68 4
621 16 83 3
622 16 85 1
623 16 91 8
624 16 94 1
625 16 98 5
626 16 105 7
627 16 109 10
628 16 126 10
629 16 137 3
630 16 143 6
631 16 146 2
632 16 150 6
633 16 164 9
634 16 167 8
635 16 171 4
636 16 180 6
637 16 183 1
638 16 186 7
639 16 188 8
640 16 195 10
641 17 29 5
642 17 34 7
643 17 41 4
644 17 43 3
645 17 44 10
646 17 51 5
647 17 61 9
648 17 65 10
649 17 66 5
650 17 67 4
651 17 70 7
652 17 74 9
653 17 78 3
654 17 88 4
655 17 90 3
656 17 103 7
657 17 112 5
658 17 115 7
659 17 124 4
660 17 126 6
661 17 127 8
662 17 131 10
663 17 134 3
664 17 135 4
665 17 144 7
666 17 147 4
667 17 164 4
668 17 165 10
669 17 167 2
670 17 169 1
671 17 172 2
672 17 188 10
673 17 190 1
674 17 195 1
675 17 197 4
676 18 21 10
677 18 27 1
678 18 31 3
679 18 36 7
680 18 47 4
681 18 53 1
682 18 58 3
683 18 61 2
684 18 64 10
685 18 65 7
686 18 67 1
687 18 68 3
688 18 74 5
689 18 76 8
690 18 82 2
691 18 92 7
692 18 115 8
693 18 117 4
694 18 126 4
695 18 132 5
696 18 140 7
697 18 151 2
698 18 155 7
699 18 156 2
700 18 158 7
701 18 159 10
702 18 163 9
703 18 167 1
704 18 170 9
705 18 178 6
706 18 180 9
707 18 183 3
708 18 189 5
709 19 21 1
710 19 22 3
711 19 23 6
712 19 25 8
713 19 29 2
714 19 34 10
715 19 35 3
716 19 43 9
717 19 44 7
718 19 55 2
719 19 57 4
720 19 58 7
721 19 62 2
722 19 73 8
723 19 78 2
724 19 87 4
725 19 92 4
726 19 100 7
727 19 101 9
728 19 104 5
729 19 110 1
730 19 119 9
731 19 120 8
732 19 144 8
733 19 152 3
734 19 160 6
735 19 168 6
736 19 171 2
737 19 173 1
738 19 176 1
739 19 178 5
740 19 180 9
741 19 184 3
742 19 186 7
743 19 196 9
744 20 23 6
745 20 28 7
746 20 29 3
747 20 32 10
748 20 40 2
749 20 42 10
750 20 44 4
751 20 49 1
752 20 52 8
753 20 54 4
754 20 55 10
755 20 61 2
756 20 64 6
757 20 66 8
758 20 68 4
759 20 69 5
760 20 83 3
761 20 84 9
762 20 101 1
763 20 103 1
764 20 111 4
765 20 113 4
766 20 117 1
767 20 120 2
768 20 123 9
769 20 126 7
770 20 128 3
771 20 132 10
772 20 137 8
773 20 140 7
774 20 144 6
775 20 146 9
776 20 151 3
777 20 154 7
778 20 163 7
779 20 168 10
780 20 171 6
781 20 177 9
782 20 182 1
783 20 184 2
784 20 185 9
785 20 188 4
786 20 190 6
787 20 195 10
788 20 197 2
789 21 39 4
790 21 42 1
791 21 44 8
792 21 47 8
793 21 60 9
794 21 63 1
795 21 81 7
796 21 90 8
797 21 93 8
798 21 98 4
799 21 110 6
800 21 118 2
801 21 143 1
802 21 151 5
803 21 152 9
804 21 154 6
805 21 155 3
806 21 158 3
807 21 161 4
808 21 167 2
809 21 171 2
810 21 175 7
811 21 178 10
812 21 182 6
813 21 187 4
814 21 195 5
815 21 197 3
816 22 24 5
817 22 25 6
818 22 31 7
819 22 32 6
820 22 34 9
821 22 41 1
822 22 42 10
823 22 48 7
824 22 51 3
825 22 70 1
826 22 74 3
827 22 81 9
828 22 82 7
829 22 86 10
830 22 94 6
831 22 95 3
832 22 98 8
833 22 101 6
834 22 104 8
835 22 110 7
836 22 116 1
837 22 121 9
838 22 122 8
839 22 123 5
840 22 125 5
841 22 131 2
842 22 138 7
843 22 148 1
844 22 149 3
845 22 150 7
846 22 152 2
847 22 155 9
848 22 160 5
849 22 161 2
850 22 165 7
851 22 167 9
852 22 174 2
853 22 175 10
854 22 176 2
855 22 181 3
856 22 183 4
857 22 184 8
858 22 185 7
859 22 192 10
860 22 199 1
861 23 34 3
862 23 42 2
863 23 43 5
864 23 44 8
865 23 48 6
866 23 57 5
867 23 63 8
868 23 67 5
869 23 76 10
870 23 102 10
871 23 103 2
872 23 105 8
873 23 107 6
874 23 110 2
875 23 116 9
876 23 126 1
877 23 128 3
878 23 131 9
879 23 135 8
880 23 138 3
881 23 143 7
882 23 144 5
883 23 149 3
884 23 154 6
885 23 158 5
886 23 171 10
887 23 172 1
888 23 173 1
889 23 185 7
890 23 195 3
891 24 27 9
892 24 30 7
893 24 38 6
894 24 40 5
895 24 41 7
896 24 43 8
897 24 45 5
898 24 47 10
899 24 52 1
900 24 53 9
901 24 56 1
902 24 58 10
903 24 65 9
904 24 66 10
905 24 74 4
906 24 76 9
907 24 81 9
908 24 88 1
909 24 89 10
910 24 93 8
911 24 95 10
912 24 104 4
913 24 106 2
914 24 122 3
915 24 132 9
916 24 133 1
917 24 134 3
918 24 140 4
919 24 144 6
920 24 160 9
921 24 161 8
922 24 168 10
923 24 170 6
924 24 174 4
925 24 176 5
926 24 181 5
927 24 185 6
928 24 190 2
929 25 31 9
930 25 32 1
931 25 37 4
932 25 38 10
933 25 45 2
934 25 54 3
935 25 55 6
936 25 57 5
937 25 62 6
938 25 77 4
939 25 78 10
940 25 83 10
941 25 88 7
942 25 89 8
943 25 92 4
944 25 95 10
945 25 105 6
946 25 106 6
947 25 108 9
948 25 114 3
949 25 118 7
950 25 119 4
951 25 122 2
952 25 126 6
953 25 133 1
954 25 137 3
955 25 141 2
956 25 150 8
957 25 157 2
958 25 168 9
959 25 171 7
960 25 176 1
961 25 182 2
962 25 188 3
963 25 194 7
964 25 198 9
965 26 39 6
966 26 45 2
967 26 48 9
968 26 50 1
969 26 53 1
970 26 61 4
971 26 63 6
972 26 66 3
973 26 67 4
974 26 69 4
975 26 71 5
976 26 72 9
977 26 75 4
978 26 76 4
979 26 77 6
980 26 85 4
981 26 87 10
982 26 100 3
983 26 101 10
984 26 109 10
985 26 117 3
986 26 124 2
987 26 129 3
988 26 132 7
989 26 134 8
990 26 144 4
991 26 150 8
992 26 154 4
993 26 168 10
994 26 178 10
995 26 180 1
996 26 184 1
997 26 186 1
998 27 32 7
999 27 33 5
1000 27 35 10
1001 27 37 10
1002 27 41 10
1003 27 46 7
1004 27 48 4
1005 27 55 5
1006 27 57 8
1007 27 62 8
1008 27 66 4
1009 27 68 1
1010 27 73 8
1011 27 80 8
1012 27 82 10
1013 27 89 8
1014 27 97 1
1015 27 109 8
1016 27 110 3
1017 27 116 4
1018 27 117 9
1019 27 118 3
1020 27 122 10
1021 27 131 3
1022 27 138 1
1023 27 141 9
1024 27 143 3
1025 27 146 8
1026 27 149 6
1027 27 150 2
1028 27 154 5
1029 27 158 10
1030 27 164 1
1031 27 169 2
1032 27 175 9
1033 27 182 2
1034 27 189 1
1035 27 190 8
1036 27 194 2
1037 27 198 9
1038 27 199 5
1039 28 45 9
1040 28 49 8
1041 28 64 6
1042 28 66 9
1043 28 68 5
1044 28 75 8
1045 28 80 4
1046 28 81 9
1047 28 97 10
1048 28 101 10
1049 28 103 6
1050 28 115 4
1051 28 118 1
1052 28 122 6
1053 28 126 1
1054 28 130 4
1055 28 132 1
1056 28 142 8
1057 28 177 6
1058 28 181 4
1059 28 184 7
1060 28 191 6
1061 28 193 1
1062 29 34 10
1063 29 41 2
1064 29 42 10
1065 29 44 1
1066 29 50 2
1067 29 55 1
1068 29 62 1
1069 29 67 1
1070 29 72 6
1071 29 73 10
1072 29 75 6
1073 29 79 8
1074 29 83 1
1075 29 85 4
1076 29 93 9
1077 29 95 10
1078 29 106 8
1079 29 108 3
1080 29 109 10
1081 29 111 10
1082 29 113 9
1083 29 118 2
1084 29 119 8
1085 29 121 7
1086 29 127 7
1087 29 129 9
1088 29 130 7
1089 29 131 8
1090 29 145 8
1091 29 154 7
1092 29 156 9
1093 29 164 5
1094 29 169 8
1095 29 170 9
1096 29 174 7
1097 29 175 5
1098 29 179 4
1099 29 182 10
1100 29 189 3
1101 29 192 3
1102 30 34 9
1103 30 48 9
1104 30 52 1
1105 30 53 6
1106 30 58 1
1107 30 59 7
1108 30 64 5
1109 30 67 7
1110 30 72 9
1111 30 94 1
1112 30 98 5
1113 30 103 10
1114 30 105 10
1115 30 106 4
1116 30 112 7
1117 30 113 7
1118 30 120 3
1119 30 127 3
1120 30 130 7
1121 30 140 10
1122 30 141 5
1123 30 142 5
1124 30 144 7
1125 30 150 7
1126 30 152 8
1127 30 156 3
1128 30 160 9
1129 30 165 2
1130 30 179 5
1131 30 182 1
1132 30 185 7
1133 30 186 2
1134 30 195 1
1135 31 33 3
1136 31 39 6
1137 31 49 2
1138 31 56 9
1139 31 61 8
1140 31 66 5
1141 31 67 2
1142 31 70 3
1143 31 76 9
1144 31 80 6
1145 31 81 7
1146 31 118 7
1147 31 119 7
1148 31 135 6
1149 31 152 3
1150 31 163 8
1151 31 165 5
1152 31 169 7
1153 31 170 10
1154 31 172 5
1155 31 177 3
1156 31 179 4
1157 31 180 10
1158 31 184 4
1159 31 186 1
1160 31 191 1
1161 31 194 6
1162 31 197 5
1163 31 199 5
1164 32 37 9
1165 32 39 1
1166 32 49 7
1167 32 51 6
1168 32 55 9
1169 32 58 2
1170 32 62 1
1171 32 69 9
1172 32 79 9
1173 32 85 5
1174 32 88 2
1175 32 89 5
1176 32 93 2
1177 32 101 8
1178 32 102 2
1179 32 103 3
1180 32 108 7
1181 32 112 1
1182 32 118 9
1183 32 121 5
1184 32 132 4
1185 32 133 7
1186 32 135 3
1187 32 142 10
1188 32 143 9
1189 32 147 9
1190 32 150 4
1191 32 152 2
1192 32 160 10
1193 32 168 2
1194 32 177 2
1195 32 182 7
1196 32 183 4
1197 32 184 7
1198 32 185 4
1199 32 197 3
1200 32 198 6
1201 33 35 3
1202 33 38 6
1203 33 52 9
1204 33 53 7
1205 33 59 5
1206 33 68 3
1207 33 69 2
1208 33 82 2
1209 33 86 7
1210 33 109 8
1211 33 110 3
1212 33 112 5
1213 33 121 8
1214 33 124 4
1215 33 128 10
1216 33 133 8
1217 33 138 2
1218 33 140 5
1219 33 142 7
1220 33 145 6
1221 33 148 7
1222 33 154 10
1223 33 155 9
1224 33 159 4
1225 33 160 9
1226 33 161 9
1227 33 162 7
1228 33 165 2
1229 33 168 3
1230 33 170 10
1231 33 176 1
1232 33 179 4
1233 33 180 8
1234 33 181 1
1235 33 188 6
1236 34 35 6
1237 34 36 5
1238 34 41 4
1239 34 42 5
1240 34 43 10
1241 34 47 8
1242 34 49 8
1243 34 53 10
1244 34 61 4
1245 34 63 9
1246 34 65 5
1247 34 70 8
1248 34 72 5
1249 34 76 9
1250 34 82 3
1251 34 86 8
1252 34 87 8
1253 34 96 2
1254 34 118 8
1255 34 119 10
1256 34 121 7
1257 34 124 6
1258 34 125 6
1259 34 146 5
1260 34 148 7
1261 34 156 10
1262 34 157 9
1263 34 163 1
1264 34 173 7
1265 34 176 1
1266 34 190 5
1267 34 191 9
1268 34 192 8
1269 35 42 4
1270 35 43 3
1271 35 52 6
1272 35 56 5
1273 35 62 1
1274 35 64 9
1275 35 74 4
1276 35 78 9
1277 35 81 10
1278 35 87 3
1279 35 88 3
1280 35 90 10
1281 35 91 2
1282 35 103 3
1283 35 105 1
1284 35 116 7
1285 35 120 7
1286 35 134 5
1287 35 146 5
1288 35 148 3
1289 35 159 4
1290 35 162 4
1291 35 165 7
1292 35 167 10
1293 35 182 9
1294 35 190 5
1295 35 196 9
1296 35 197 6
1297 36 45 10
1298 36 60 9
1299 36 62 3
1300 36 66 6
1301 36 68 7
1302 36 70 1
1303 36 71 5
1304 36 79 9
1305 36 86 8
1306 36 87 6
1307 36 99 10
1308 36 108 6
1309 36 111 1
1310 36 115 3
1311 36 117 2
1312 36 124 8
1313 36 128 3
1314 36 131 5
1315 36 136 2
1316 36 143 5
1317 36 149 3
1318 36 164 2
1319 36 168 5
1320 36 169 6
1321 36 170 5
1322 36 175 3
1323 36 176 10
1324 36 178 9
1325 36 186 7
1326 36 195 7
1327 36 196 3
1328 37 38 4
1329 37 41 7
1330 37 48 5
1331 37 52 9
1332 37 61 3
1333 37 66 2
1334 37 70 2
1335 37 74 3
1336 37 77 7
1337 37 83 7
1338 37 90 8
1339 37 91 2
1340 37 96 2
1341 37 100 1
1342 37 103 3
1343 37 106 6
1344 37 109 5
1345 37 112 9
1346 37 116 7
1347 37 136 9
1348 37 138 5
1349 37 147 3
1350 37 148 7
1351 37 158 4
1352 37 164 10
1353 37 166 5
1354 37 167 10
1355 37 169 8
1356 37 170 1
1357 37 171 7
1358 37 175 5
1359 37 182 10
1360 37 189 7
1361 38 40 8
1362 38 44 7
1363 38 49 10
1364 38 50 4
1365 38 58 9
1366 38 61 7
1367 38 62 8
1368 38 63 7
1369 38 66 4
1370 38 72 4
1371 38 83 4
1372 38 88 3
1373 38 99 8
1374 38 103 5
1375 38 115 1
1376 38 128 8
1377 38 129 9
1378 38 134 2
1379 38 142 4
1380 38 173 4
1381 38 180 3
1382 38 193 8
1383 39 46 1
1384 39 55 6
1385 39 56 8
1386 39 62 6
1387 39 67 7
1388 39 70 9
1389 39 75 10
1390 39 78 1
1391 39 83 5
1392 39 85 3
1393 39 87 6
1394 39 92 5
1395 39 94 6
1396 39 97 3
1397 39 99 1
1398 39 102 5
1399 39 110 1
1400 39 116 8
1401 39 117 1
1402 39 127 6
1403 39 130 7
1404 39 141 5
1405 39 155 4
1406 39 160 8
1407 39 167 2
1408 39 172 10
1409 39 174 2
1410 39 175 1
1411 39 192 3
1412 39 193 2
1413 39 195 8
1414 39 198 5
1415 40 44 8
1416 40 50 2
1417 40 64 2
1418 40 68 4
1419 40 70 1
1420 40 72 10
1421 40 79 8
1422 40 85 4
1423 40 87 5
1424 40 98 5
1425 40 105 2
1426 40 109 10
1427 40 118 1
1428 40 121 7
1429 40 136 10
1430 40 142 9
1431 40 143 8
1432 40 152 4
1433 40 165 8
1434 40 166 8
1435 40 168 8
1436 40 177 2
1437 40 182 8
1438 40 184 1
1439 40 186 1
1440 40 192 6
1441 40 194 2
1442 40 198 5
1443 41 44 3
1444 41 47 3
1445 41 50 8
1446 41 53 7
1447 41 63 10
1448 41 67 4
1449 41 68 8
1450 41 69 5
1451 41 73 6
1452 41 76 5
1453 41 77 1
1454 41 82 5
1455 41 86 5
1456 41 94 4
1457 41 95 1
1458 41 99 5
1459 41 108 3
1460 41 114 2
1461 41 118 7
1462 41 120 3
1463 41 122 3
1464 41 124 9
1465 41 132 6
1466 41 143 2
1467 41 150 8
1468 41 151 5
1469 41 152 3
1470 41 156 8
1471 41 158 3
1472 41 164 7
1473 41 169 1
1474 41 170 10
1475 41 175 8
1476 41 176 5
1477 41 181 5
1478 41 188 10
1479 41 192 9
1480 41 199 2
1481 42 51 5
1482 42 53 8
1483 42 56 10
1484 42 57 4
1485 42 58 5
1486 42 79 8
1487 42 84 3
1488 42 86 7
1489 42 89 7
1490 42 95 8
1491 42 97 2
1492 42 98 3
1493 42 105 2
1494 42 112 6
1495 42 113 8
1496 42 115 10
1497 42 117 10
1498 42 128 5
1499 42 132 4
1500 42 139 3
1501 42 146 7
1502 42 148 5
1503 42 164 7
1504 42 177 9
1505 42 180 4
1506 42 185 4
1507 42 189 9
1508 42 194 8
1509 43 44 5
1510 43 50 3
1511 43 52 9
1512 43 58 5
1513 43 59 5
1514 43 62 2
1515 43 64 2
1516 43 66 4
1517 43 68 6
1518 43 75 5
1519 43 77 1
1520 43 80 5
1521 43 87 1
1522 43 94 7
1523 43 101 4
1524 43 102 5
1525 43 120 4
1526 43 122 6
1527 43 124 9
1528 43 126 3
1529 43 127 8
1530 43 132 6
1531 43 133 8
1532 43 138 6
1533 43 139 9
1534 43 142 4
1535 43 143 8
1536 43 146 5
1537 43 161 7
1538 43 171 10
1539 43 172 4
1540 43 174 9
1541 43 179 10
1542 43 181 9
1543 43 190 5
1544 43 195 4
1545 43 197 7
1546 44 46 10
1547 44 50 7
1548 44 60 10
1549 44 63 9
1550 44 64 6
1551 44 65 10
1552 44 71 7
1553 44 72 2
1554 44 93 3
1555 44 98 8
1556 44 104 1
1557 44 110 7
1558 44 111 3
1559 44 112 7
1560 44 114 5
1561 44 116 5
1562 44 117 6
1563 44 123 3
1564 44 127 8
1565 44 135 4
1566 44 136 4
1567 44 137 6
1568 44 144 9
1569 44 147 1
1570 44 151 8
1571 44 152 1
1572 44 156 1
1573 44 163 5
1574 44 168 8
1575 44 171 3
1576 44 172 8
1577 44 178 2
1578 44 180 10
1579 44 181 10
1580 44 184 7
1581 44 185 2
1582 44 187 8
1583 44 188 4
1584 44 191 5
1585 45 51 10
1586 45 58 1
1587 45 61 6
1588 45 62 7
1589 45 63 4
1590 45 71 8
1591 45 92 6
1592 45 95 8
1593 45 96 3
1594 45 109 3
1595 45 113 6
1596 45 114 9
1597 45 121 2
1598 45 130 4
1599 45 132 7
1600 45 135 2
1601 45 142 8
1602 45 143 1
1603 45 145 5
1604 45 149 1
1605 45 151 5
1606 45 152 9
1607 45 157 9
1608 45 166 7
1609 45 169 3
1610 45 179 9
1611 45 180 8
1612 45 182 6
1613 45 189 7
1614 46 47 6
1615 46 52 10
1616 46 58 8
1617 46 63 7
1618 46 72 4
1619 46 76 2
1620 46 84 5
1621 46 88 5
1622 46 92 5
1623 46 108 2
1624 46 111 10
1625 46 115 1
1626 46 116 1
1627 46 118 1
1628 46 119 7
1629 46 120 5
1630 46 123 6
1631 46 131 8
1632 46 132 8
1633 46 136 4
1634 46 158 2
1635 46 166 1
1636 46 169 9
1637 46 175 2
1638 46 180 7
1639 46 184 2
1640 46 188 8
1641 46 191 7
1642 46 196 4
1643 47 49 1
1644 47 52 2
1645 47 57 4
1646 47 64 6
1647 47 67 2
1648 47 70 10
1649 47 75 6
1650 47 86 8
1651 47 94 7
1652 47 97 5
1653 47 100 2
1654 47 108 4
1655 47 117 1
1656 47 125 6
1657 47 127 4
1658 47 129 1
1659 47 135 9
1660 47 144 10
1661 47 149 5
1662 47 155 2
1663 47 162 5
1664 47 163 1
1665 47 165 8
1666 47 168 6
1667 47 169 5
1668 47 170 6
1669 47 181 5
1670 47 184 8
1671 47 186 10
1672 47 188 6
1673 47 189 7
1674 47 191 4
1675 47 192 9
1676 47 194 3
1677 48 50 2
1678 48 53 7
1679 48 55 3
1680 48 59 8
1681 48 66 3
1682 48 69 10
1683 48 76 10
1684 48 78 7
1685 48 80 8
1686 48 82 5
1687 48 96 6
1688 48 120 1
1689 48 123 8
1690 48 132 10
1691 48 147 6
1692 48 153 3
1693 48 156 3
1694 48 159 10
1695 48 171 6
1696 48 189 6
1697 48 193 1
1698 48 196 3
1699 49 51 9
1700 49 58 4
1701 49 65 3
1702 49 84 6
1703 49 87 5
1704 49 90 4
1705 49 97 8
1706 49 100 7
1707 49 106 3
1708 49 116 4
1709 49 117 3
1710 49 126 10
1711 49 135 2
1712 49 144 9
1713 49 147 10
1714 49 149 4
1715 49 150 8
1716 49 154 7
1717 49 155 9
1718 49 162 10
1719 49 163 5
1720 49 165 6
1721 49 166 10
1722 49 170 3
1723 49 172 3
1724 49 176 9
1725 49 179 4
1726 49 183 9
1727 49 184 6
1728 49 185 2
1729 49 189 2
1730 49 194 1
1731 49 197 7
1732 49 198 5
1733 50 51 1
1734 50 59 10
1735 50 61 10
1736 50 76 4
1737 50 77 6
1738 50 78 6
1739 50 86 1
1740 50 99 2
1741 50 104 2
1742 50 112 6
1743 50 118 9
1744 50 133 10
1745 50 134 4
1746 50 135 5
1747 50 139 4
1748 50 142 4
1749 50 145 10
1750 50 149 3
1751 50 155 9
1752 50 162 4
1753 50 168 9
1754 50 169 8
1755 50 187 9
1756 50 194 10
1757 51 52 3
1758 51 61 5
1759 51 62 1
1760 51 67 2
1761 51 72 9
1762 51 73 2
1763 51 75 9
1764 51 76 10
1765 51 77 10
1766 51 82 10
1767 51 83 1
1768 51 86 9
1769 51 88 7
1770 51 89 10
1771 51 102 6
1772 51 103 10
1773 51 105 4
1774 51 112 5
1775 51 114 6
1776 51 119 10
1777 51 120 6
1778 51 123 9
1779 51 125 1
1780 51 131 5
1781 51 133 1
1782 51 135 5
1783 51 137 4
1784 51 145 4
1785 51 153 10
1786 51 158 2
1787 51 162 5
1788 51 163 1
1789 51 165 7
1790 51 187 6
1791 51 191 7
1792 51 197 2
1793 52 55 3
1794 52 56 7
1795 52 60 5
1796 52 63 3
1797 52 67 8
1798 52 68 8
1799 52 75 1
1800 52 78 5
1801 52 82 6
1802 52 89 1
1803 52 97 8
1804 52 99 9
1805 52 100 7
1806 52 101 2
1807 52 108 2
1808 52 114 9
1809 52 121 10
1810 52 126 8
1811 52 129 2
1812 52 132 10
1813 52 133 9
1814 52 138 4
1815 52 139 9
1816 52 141 2
1817 52 149 9
1818 52 152 4
1819 52 154 5
1820 52 158 9
1821 52 159 3
1822 52 171 2
1823 52 173 1
1824 52 181 2
1825 52 182 8
1826 52 183 1
1827 52 186 9
1828 52 188 8
1829 52 197 1
1830 52 199 6
1831 53 55 8
1832 53 57 10
1833 53 60 6
1834 53 66 3
1835 53 67 9
1836 53 77 5
1837 53 85 1
1838 53 90 3
1839 53 91 6
1840 53 94 1
1841 53 95 9
1842 53 98 8
1843 53 99 9
1844 53 112 1
1845 53 122 5
1846 53 124 7
1847 53 126 6
1848 53 144 10
1849 53 152 6
1850 53 164 1
1851 53 168 2
1852 53 174 10
1853 53 175 6
1854 53 181 9
1855 53 184 5
1856 53 185 4
1857 53 191 7
1858 53 196 5
1859 53 198 1
1860 54 59 10
1861 54 70 1
1862 54 80 3
1863 54 81 7
1864 54 82 2
1865 54 85 2
1866 54 94 10
1867 54 109 10
1868 54 116 10
1869 54 123 2
1870 54 125 9
1871 54 130 10
1872 54 135 2
1873 54 137 7
1874 54 143 5
1875 54 157 8
1876 54 183 7
1877 54 185 10
1878 54 196 7
1879 55 56 2
1880 55 57 7
1881 55 60 2
1882 55 62 8
1883 55 70 3
1884 55 76 6
1885 55 79 6
1886 55 82 2
1887 55 83 5
1888 55 84 7
1889 55 85 7
1890 55 86 5
1891 55 92 1
1892 55 99 10
1893 55 100 6
1894 55 105 8
1895 55 106 7
1896 55 111 9
1897 55 123 6
1898 55 125 9
1899 55 128 7
1900 55 135 2
1901 55 151 7
1902 55 155 1
1903 55 156 9
1904 55 168 4
1905 55 179 6
1906 55 187 9
1907 55 192 7
1908 55 195 6
1909 55 197 9
1910 56 63 7
1911 56 65 2
1912 56 76 8
1913 56 78 10
1914 56 81 2
1915 56 82 6
1916 56 99 6
1917 56 104 2
1918 56 112 4
1919 56 120 1
1920 56 130 1
1921 56 133 1
1922 56 138 5
1923 56 140 7
1924 56 144 6
1925 56 147 3
1926 56 148 2
1927 56 152 5
1928 56 154 7
1929 56 157 8
1930 56 158 8
1931 56 162 8
1932 56 183 10
1933 56 190 5
1934 56 191 6
1935 56 196 4
1936 56 199 1
1937 57 71 4
1938 57 77 5
1939 57 83 8
1940 57 84 6
1941 57 86 2
1942 57 90 3
1943 57 94 9
1944 57 98 9
1945 57 99 8
1946 57 144 7
1947 57 151 7
1948 57 166 10
1949 57 169 3
1950 57 172 3
1951 57 177 7
1952 57 180 1
1953 57 181 3
1954 57 185 5
1955 57 188 6
1956 57 190 4
1957 57 191 3
1958 58 65 4
1959 58 70 7
1960 58 72 3
1961 58 74 8
1962 58 79 7
1963 58 83 4
1964 58 84 6
1965 58 88 4
1966 58 93 3
1967 58 102 3
1968 58 105 6
1969 58 111 7
1970 58 113 6
1971 58 115 2
1972 58 119 2
1973 58 130 10
1974 58 135 9
1975 58 136 7
1976 58 139 5
1977 58 144 4
1978 58 150 8
1979 58 159 9
1980 58 161 5
1981 58 166 7
1982 58 168 4
1983 58 176 3
1984 58 177 1
1985 58 186 8
1986 58 191 3
1987 58 194 10
1988 58 195 3
1989 59 69 7
1990 59 72 6
1991 59 73 2
1992 59 81 6
1993 59 83 6
1994 59 85 2
1995 59 90 2
1996 59 93 8
1997 59 103 1
1998 59 109 7
1999 59 118 10
2000 59 122 1
2001 59 124 2
2002 59 127 2
2003 59 136 4
2004 59 137 8
2005 59 138 9
2006 59 142 3
2007 59 149 4
2008 59 152 10
2009 59 154 8
2010 59 159 9
2011 59 161 4
2012 59 165 6
2013 59 176 6
2014 59 180 5
2015 59 184 8
2016 59 189 10
2017 59 191 8
2018 59 193 9
2019 59 194 7
2020 60 66 4
2021 60 68 10
2022 60 73 1
2023 60 75 4
2024 60 79 6
2025 60 83 10
2026 60 85 5
2027 60 89 2
2028 60 90 1
2029 60 96 5
2030 60 101 10
2031 60 104 7
2032 60 108 10
2033 60 110 4
2034 60 111 7
2035 60 112 2
2036 60 118 4
2037 60 119 7
2038 60 122 10
2039 60 125 4
2040 60 129 5
2041 60 130 9
2042 60 131 1
2043 60 133 3
2044 60 135 1
2045 60 139 4
2046 60 140 10
2047 60 145 7
2048 60 160 1
2049 60 162 1
2050 60 167 7
2051 60 170 10
2052 60 184 3
2053 60 186 10
2054 60 190 6
2055 60 191 4
2056 60 195 1
2057 61 63 7
2058 61 71 9
2059 61 72 8
2060 61 77 2
2061 61 78 8
2062 61 81 1
2063 61 87 4
2064 61 103 2
2065 61 107 2
2066 61 108 4
2067 61 115 3
2068 61 117 10
2069 61 120 3
2070 61 126 8
2071 61 128 9
2072 61 137 2
2073 61 139 5
2074 61 143 4
2075 61 150 7
2076 61 175 7
2077 61 176 5
2078 61 187 6
2079 61 193 10
2080 61 194 1
2081 62 73 2
2082 62 80 5
2083 62 81 10
2084 62 86 10
2085 62 87 4
2086 62 92 5
2087 62 94 1
2088 62 97 2
2089 62 103 3
2090 62 108 10
2091 62 110 3
2092 62 115 10
2093 62 118 5
2094 62 123 5
2095 62 125 5
2096 62 128 8
2097 62 131 9
2098 62 132 7
2099 62 134 7
2100 62 139 9
2101 62 150 3
2102 62 156 3
2103 62 165 10
2104 62 170 2
2105 62 173 7
2106 62 174 6
2107 62 176 10
2108 62 196 4
2109 63 66 6
2110 63 82 7
2111 63 92 2
2112 63 94 10
2113 63 95 6
2114 63 96 6
2115 63 98 6
2116 63 111 10
2117 63 113 4
2118 63 118 8
2119 63 126 10
2120 63 144 9
2121 63 159 9
2122 63 161 3
2123 63 163 4
2124 63 178 8
2125 63 180 8
2126 63 182 5
2127 63 185 6
2128 63 189 8
2129 63 197 9
2130 64 66 10
2131 64 72 5
2132 64 80 3
2133 64 81 4
2134 64 83 7
2135 64 84 2
2136 64 90 2
2137 64 92 2
2138 64 94 4
2139 64 99 6
2140 64 104 9
2141 64 106 9
2142 64 111 5
2143 64 126 7
2144 64 136 6
2145 64 142 5
2146 64 149 1
2147 64 151 2
2148 64 158 8
2149 64 171 3
2150 64 172 4
2151 64 178 8
2152 64 195 1
2153 64 197 8
2154 65 68 9
2155 65 79 10
2156 65 81 9
2157 65 84 2
2158 65 86 7
2159 65 87 9
2160 65 89 10
2161 65 90 5
2162 65 92 6
2163 65 106 9
2164 65 107 9
2165 65 108 7
2166 65 123 4
2167 65 129 3
2168 65 133 1
2169 65 135 4
2170 65 144 2
2171 65 147 5
2172 65 152 7
2173 65 163 9
2174 65 166 2
2175 65 167 7
2176 65 177 9
2177 65 181 5
2178 65 182 1
2179 65 185 3
2180 65 188 3
2181 65 189 10
2182 65 194 9
2183 66 67 3
2184 66 76 8
2185 66 77 9
2186 66 78 10
2187 66 93 6
2188 66 99 4
2189 66 109 3
2190 66 116 6
2191 66 117 2
2192 66 121 10
2193 66 122 4
2194 66 124 6
2195 66 132 7
2196 66 134 3
2197 66 137 4
2198 66 139 4
2199 66 151 2
2200 66 153 4
2201 66 159 10
2202 66 163 10
2203 66 168 2
2204 66 169 5
2205 66 173 7
2206 66 175 8
2207 66 178 1
2208 66 182 9
2209 66 185 10
2210 66 189 8
2211 66 194 5
2212 67 69 6
2213 67 84 8
2214 67 88 2
2215 67 98 1
2216 67 99 7
2217 67 107 6
2218 67 108 7
2219 67 109 1
2220 67 111 8
2221 67 114 9
2222 67 115 2
2223 67 122 10
2224 67 123 2
2225 67 126 7
2226 67 131 9
2227 67 141 1
2228 67 149 3
2229 67 155 3
2230 67 164 7
2231 67 166 3
2232 67 171 3
2233 67 174 3
2234 67 186 6
2235 67 189 8
2236 67 191 2
2237 67 192 9
2238 67 195 7
2239 67 198 1
2240 67 199 7
2241 68 69 10
2242 68 76 1
2243 68 80 8
2244 68 86 5
2245 68 87 3
2246 68 89 3
2247 68 105 7
2248 68 114 6
2249 68 123 3
2250 68 129 5
2251 68 130 1
2252 68 135 5
2253 68 142 6
2254 68 158 5
2255 68 162 5
2256 68 172 5
2257 68 188 5
2258 68 191 9
2259 68 196 9
2260 68 197 10
2261 69 71 1
2262 69 73 4
2263 69 79 2
2264 69 81 6
2265 69 85 2
2266 69 95 8
2267 69 98 8
2268 69 107 1
2269 69 117 3
2270 69 119 5
2271 69 136 3
2272 69 139 9
2273 69 148 1
2274 69 151 4
2275 69 154 10
2276 69 162 6
2277 69 168 2
2278 69 173 8
2279 69 185 1
2280 69 196 8
2281 69 199 10
2282 70 72 7
2283 70 81 4
2284 70 89 3
2285 70 100 5
2286 70 103 2
2287 70 104 10
2288 70 114 6
2289 70 115 5
2290 70 123 3
2291 70 124 1
2292 70 130 2
2293 70 132 10
2294 70 140 7
2295 70 147 8
2296 70 160 4
2297 70 170 1
2298 70 174 6
2299 70 176 8
2300 70 182 8
2301 70 195 5
2302 70 196 8
2303 70 199 2
2304 71 74 6
2305 71 93 8
2306 71 95 9
2307 71 101 4
2308 71 103 3
2309 71 104 4
2310 71 109 6
2311 71 110 1
2312 71 111 10
2313 71 112 7
2314 71 116 4
2315 71 122 10
2316 71 123 8
2317 71 130 6
2318 71 134 6
2319 71 136 2
2320 71 138 6
2321 71 142 1
2322 71 143 1
2323 71 147 2
2324 71 153 5
2325 71 156 3
2326 71 157 8
2327 71 160 3
2328 71 161 7
2329 71 165 7
2330 71 167 10
2331 71 169 1
2332 71 176 7
2333 71 180 5
2334 71 183 3
2335 71 188 9
2336 71 194 1
2337 72 77 4
2338 72 79 5
2339 72 83 3
2340 72 95 2
2341 72 108 5
2342 72 110 1
2343 72 119 6
2344 72 121 2
2345 72 123 7
2346 72 124 6
2347 72 126 2
2348 72 128 5
2349 72 137 7
2350 72 138 9
2351 72 141 2
2352 72 143 7
2353 72 146 7
2354 72 147 9
2355 72 153 10
2356 72 156 2
2357 72 158 5
2358 72 164 2
2359 72 166 10
2360 72 180 4
2361 72 184 3
2362 73 75 6
2363 73 78 4
2364 73 84 9
2365 73 85 7
2366 73 89 4
2367 73 91 6
2368 73 96 8
2369 73 114 10
2370 73 120 9
2371 73 123 6
2372 73 126 7
2373 73 127 4
2374 73 135 9
2375 73 139 7
2376 73 143 3
2377 73 145 5
2378 73 153 3
2379 73 159 4
2380 73 162 6
2381 73 163 2
2382 73 164 6
2383 73 170 7
2384 73 175 9
2385 73 178 7
2386 73 194 7
2387 74 77 4
2388 74 82 8
2389 74 105 6
2390 74 109 8
2391 74 111 7
2392 74 113 7
2393 74 116 5
2394 74 125 2
2395 74 126 7
2396 74 141 10
2397 74 145 6
2398 74 151 8
2399 74 152 1
2400 74 161 2
2401 74 166 2
2402 74 167 2
2403 74 168 2
2404 74 174 9
2405 74 176 7
2406 74 178 1
2407 74 180 6
2408 74 186 2
2409 74 194 9
2410 74 198 3
2411 75 78 10
2412 75 82 2
2413 75 87 1
2414 75 91 3
2415 75 92 4
2416 75 97 5
2417 75 105 5
2418 75 113 2
2419 75 119 10
2420 75 129 1
2421 75 134 1
2422 75 145 6
2423 75 148 2
2424 75 153 5
2425 75 164 3
2426 75 170 7
2427 75 171 3
2428 75 172 1
2429 75 176 6
2430 75 177 7
2431 75 182 9
2432 75 188 5
2433 75 192 1
2434 75 196 7
2435 75 199 3
2436 76 84 4
2437 76 85 5
2438 76 86 3
2439 76 87 1
2440 76 90 7
2441 76 111 9
2442 76 117 1
2443 76 122 6
2444 76 124 2
2445 76 133 2
2446 76 135 3
2447 76 148 10
2448 76 154 10
2449 76 162 3
2450 76 165 2
2451 76 184 10
2452 76 185 8
2453 76 186 9
2454 76 198 1
2455 77 84 7
2456 77 98 5
2457 77 104 1
2458 77 115 7
2459 77 127 7
2460 77 132 6
2461 77 135 6
2462 77 138 9
2463 77 145 2
2464 77 146 5
2465 77 147 9
2466 77 150 2
2467 77 154 7
2468 77 159 4
2469 77 164 7
2470 77 168 7
2471 77 172 10
2472 77 179 2
2473 77 184 5
2474 77 186 5
2475 77 188 2
2476 77 196 9
2477 77 197 2
2478 78 83 4
2479 78 86 4
2480 78 90 2
2481 78 94 6
2482 78 104 1
2483 78 110 6
2484 78 115 9
2485 78 117 7
2486 78 118 5
2487 78 119 9
2488 78 122 6
2489 78 124 1
2490 78 125 2
2491 78 139 10
2492 78 143 10
2493 78 151 3
2494 78 156 3
2495 78 158 3
2496 78 177 10
2497 78 179 5
2498 78 184 6
2499 78 185 2
2500 78 186 2
2501 78 187 8
2502 78 190 5
2503 79 81 6
2504 79 85 2
2505 79 88 1
2506 79 92 10
2507 79 107 3
2508 79 110 7
2509 79 117 1
2510 79 129 1
2511 79 132 4
2512 79 142 4
2513 79 144 2
2514 79 148 4
2515 79 150 9
2516 79 154 9
2517 79 162 3
2518 79 165 5
2519 79 177 6
2520 79 184 7
2521 79 191 6
2522 79 193 8
2523 79 194 1
2524 79 198 10
2525 79 199 6
2526 80 81 1
2527 80 85 9
2528 80 89 1
2529 80 99 7
2530 80 103 8
2531 80 112 9
2532 80 123 1
2533 80 135 3
2534 80 138 10
2535 80 140 4
2536 80 146 3
2537 80 151 6
2538 80 152 3
2539 80 157 3
2540 80 184 2
2541 80 192 8
2542 80 194 10
2543 81 82 8
2544 81 83 5
2545 81 90 10
2546 81 93 10
2547 81 101 6
2548 81 102 6
2549 81 105 5
2550 81 107 7
2551 81 109 5
2552 81 111 10
2553 81 114 4
2554 81 117 2
2555 81 126 5
2556 81 133 10
2557 81 145 1
2558 81 147 2
2559 81 149 3
2560 81 150 10
2561 81 156 1
2562 81 157 2
2563 81 160 3
2564 81 161 5
2565 81 166 7
2566 81 171 6
2567 81 175 5
2568 81 178 9
2569 81 185 7
2570 81 191 6
2571 81 193 1
2572 81 196 2
2573 82 91 8
2574 82 96 3
2575 82 100 6
2576 82 104 10
2577 82 106 1
2578 82 107 5
2579 82 109 2
2580 82 110 3
2581 82 112 2
2582 82 116 1
2583 82 118 1
2584 82 119 3
2585 82 123 3
2586 82 134 2
2587 82 150 7
2588 82 151 4
2589 82 161 3
2590 82 167 2
2591 82 170 5
2592 82 172 3
2593 82 173 7
2594 82 174 9
2595 82 175 9
2596 82 178 9
2597 82 182 3
2598 82 185 4
2599 82 189 7
2600 82 190 8
2601 82 193 1
2602 82 199 6
2603 83 90 3
2604 83 92 9
2605 83 94 6
2606 83 96 5
2607 83 100 7
2608 83 101 3
2609 83 103 3
2610 83 104 3
2611 83 112 9
2612 83 114 1
2613 83 125 10
2614 83 126 8
2615 83 132 9
2616 83 139 1
2617 83 140 2
2618 83 143 6
2619 83 152 6
2620 83 176 7
2621 83 182 4
2622 83 185 9
2623 83 189 6
2624 84 86 3
2625 84 90 1
2626 84 98 8
2627 84 101 3
2628 84 111 3
2629 84 113 4
2630 84 116 3
2631 84 129 5
2632 84 137 4
2633 84 155 4
2634 84 160 2
2635 84 163 10
2636 84 165 3
2637 84 166 2
2638 84 169 3
2639 84 177 3
2640 84 185 3
2641 85 88 9
2642 85 98 7
2643 85 100 3
2644 85 101 5
2645 85 108 7
2646 85 116 8
2647 85 119 8
2648 85 121 1
2649 85 123 1
2650 85 133 10
2651 85 135 5
2652 85 148 3
2653 85 155 2
2654 85 159 1
2655 85 166 4
2656 85 185 3
2657 85 194 2
2658 85 196 4
2659 86 89 10
2660 86 90 6
2661 86 91 2
2662 86 93 9
2663 86 95 8
2664 86 96 2
2665 86 105 3
2666 86 106 9
2667 86 107 9
2668 86 111 8
2669 86 115 7
2670 86 116 4
2671 86 128 1
2672 86 134 5
2673 86 136 4
2674 86 140 8
2675 86 145 7
2676 86 148 10
2677 86 149 9
2678 86 156 5
2679 86 157 10
2680 86 160 5
2681 86 161 8
2682 86 167 8
2683 86 173 6
2684 86 175 1
2685 86 178 6
2686 86 182 3
2687 86 184 3
2688 86 191 8
2689 86 193 10
2690 86 199 2
2691 87 109 6
2692 87 112 9
2693 87 114 7
2694 87 127 4
2695 87 128 7
2696 87 129 7
2697 87 130 10
2698 87 134 9
2699 87 137 5
2700 87 139 4
2701 87 141 4
2702 87 146 6
2703 87 147 8
2704 87 155 3
2705 87 156 9
2706 87 168 10
2707 87 170 7
2708 87 173 6
2709 87 174 8
2710 87 180 6
2711 87 182 5
2712 87 186 6
2713 87 196 8
2714 87 197 6
2715 88 94 1
2716 88 101 1
2717 88 103 3
2718 88 105 8
2719 88 107 5
2720 88 111 10
2721 88 114 7
2722 88 123 8
2723 88 128 1
2724 88 134 7
2725 88 137 2
2726 88 138 6
2727 88 139 6
2728 88 141 9
2729 88 143 4
2730 88 160 4
2731 88 175 3
2732 88 182 9
2733 88 185 8
2734 88 188 7
2735 88 191 10
2736 88 194 5
2737 89 92 6
2738 89 99 6
2739 89 100 4
2740 89 110 4
2741 89 113 10
2742 89 118 1
2743 89 121 8
2744 89 124 2
2745 89 129 10
2746 89 135 1
2747 89 136 1
2748 89 144 3
2749 89 147 7
2750 89 172 1
2751 89 178 8
2752 89 187 6
2753 89 188 8
2754 89 189 8
2755 90 92 10
2756 90 94 8
2757 90 102 4
2758 90 105 1
2759 90 106 7
2760 90 112 6
2761 90 121 6
2762 90 124 6
2763 90 126 4
2764 90 131 5
2765 90 141 2
2766 90 152 6
2767 90 155 10
2768 90 160 5
2769 90 161 7
2770 90 170 7
2771 90 171 10
2772 90 173 10
2773 90 181 7
2774 90 184 2
2775 90 188 5
2776 90 195 7
2777 91 97 7
2778 91 98 7
2779 91 102 5
2780 91 104 7
2781 91 108 3
2782 91 109 3
2783 91 113 2
2784 91 114 7
2785 91 116 5
2786 91 117 6
2787 91 125 3
2788 91 138 1
2789 91 139 9
2790 91 141 9
2791 91 150 2
2792 91 152 10
2793 91 161 5
2794 91 169 5
2795 91 170 9
2796 91 192 10
2797 91 193 8
2798 92 106 10
2799 92 109 3
2800 92 110 3
2801 92 111 7
2802 92 122 1
2803 92 128 10
2804 92 130 8
2805 92 133 2
2806 92 142 8
2807 92 145 5
2808 92 149 3
2809 92 150 1
2810 92 152 5
2811 92 155 10
2812 92 160 6
2813 92 173 4
2814 92 175 4
2815 92 178 7
2816 92 181 8
2817 92 182 5
2818 92 183 1
2819 92 195 7
2820 93 110 1
2821 93 112 1
2822 93 114 5
2823 93 116 6
2824 93 117 7
2825 93 122 10
2826 93 123 2
2827 93 125 9
2828 93 127 7
2829 93 130 8
2830 93 134 7
2831 93 136 7
2832 93 142 10
2833 93 147 10
2834 93 156 6
2835 93 161 5
2836 93 163 7
2837 93 175 7
2838 93 177 2
2839 93 180 8
2840 93 187 6
2841 93 191 8
2842 93 194 5
2843 93 195 5
2844 93 199 10
2845 94 97 3
2846 94 110 5
2847 94 116 10
2848 94 119 5
2849 94 121 8
2850 94 133 7
2851 94 136 1
2852 94 156 2
2853 94 160 6
2854 94 168 6
2855 94 171 4
2856 94 188 3
2857 95 101 2
2858 95 103 7
2859 95 107 10
2860 95 110 7
2861 95 113 1
2862 95 117 10
2863 95 119 2
2864 95 121 4
2865 95 122 3
2866 95 123 5
2867 95 126 8
2868 95 127 5
2869 95 132 2
2870 95 136 9
2871 95 140 6
2872 95 146 9
2873 95 149 2
2874 95 151 2
2875 95 158 9
2876 95 179 7
2877 95 189 2
2878 96 101 5
2879 96 106 1
2880 96 118 10
2881 96 121 6
2882 96 124 2
2883 96 127 6
2884 96 132 1
2885 96 135 5
2886 96 139 8
2887 96 142 5
2888 96 156 3
2889 96 158 5
2890 96 169 5
2891 96 172 6
2892 96 182 6
2893 96 183 3
2894 96 187 2
2895 97 100 8
2896 97 104 3
2897 97 106 1
2898 97 109 4
2899 97 111 10
2900 97 120 10
2901 97 130 2
2902 97 132 7
2903 97 133 8
2904 97 137 4
2905 97 148 5
2906 97 151 9
2907 97 152 6
2908 97 159 10
2909 97 166 9
2910 97 171 6
2911 97 172 10
2912 97 178 1
2913 97 183 10
2914 97 186 4
2915 97 194 5
2916 98 102 2
2917 98 104 9
2918 98 109 9
2919 98 122 6
2920 98 123 1
2921 98 124 4
2922 98 130 5
2923 98 131 4
2924 98 132 9
2925 98 133 6
2926 98 137 2
2927 98 142 7
2928 98 148 5
2929 98 152 7
2930 98 153 6
2931 98 158 1
2932 98 166 6
2933 98 167 3
2934 98 169 8
2935 98 171 7
2936 98 174 7
2937 98 176 3
2938 98 179 7
2939 98 181 2
2940 98 182 1
2941 98 185 4
2942 99 111 3
2943 99 117 4
2944 99 118 3
2945 99 133 8
2946 99 135 3
2947 99 136 1
2948 99 139 7
2949 99 142 8
2950 99 146 1
2951 99 153 6
2952 99 154 3
2953 99 165 3
2954 99 166 1
2955 99 170 6
2956 99 171 1
2957 99 172 5
2958 99 181 6
2959 99 188 2
2960 99 196 1
2961 100 101 4
2962 100 105 9
2963 100 117 9
2964 100 125 1
2965 100 132 4
2966 100 147 8
2967 100 151 9
2968 100 155 6
2969 100 161 1
2970 100 169 1
2971 100 173 10
2972 100 180 6
2973 100 183 9
2974 100 186 9
2975 100 192 5
2976 100 198 4
2977 101 110 9
2978 101 112 1
2979 101 115 5
2980 101 133 10
2981 101 135 3
2982 101 145 3
2983 101 147 10
2984 101 149 4
2985 101 151 9
2986 101 156 1
2987 101 164 10
2988 101 180 9
2989 101 182 5
2990 101 187 4
2991 102 103 6
2992 102 106 2
2993 102 109 3
2994 102 111 5
2995 102 113 6
2996 102 121 5
2997 102 128 10
2998 102 130 3
2999 102 138 6
3000 102 140 3
3001 102 148 2
3002 102 149 5
3003 102 151 5
3004 102 159 10
3005 102 161 4
3006 102 163 1
3007 102 166 8
3008 102 168 5
3009 102 169 8
3010 102 181 10
3011 102 184 9
3012 102 194 8
3013 102 196 1
3014 102 198 4
3015 103 107 5
3016 103 110 2
3017 103 112 1
3018 103 123 10
3019 103 134 6
3020 103 146 7
3021 103 148 9
3022 103 158 4
3023 103 161 7
3024 103 162 5
3025 103 165 7
3026 103 171 5
3027 103 174 8
3028 103 182 5
3029 103 185 4
3030 103 193 10
3031 103 199 7
3032 104 109 10
3033 104 118 4
3034 104 122 6
3035 104 127 4
3036 104 129 3
3037 104 137 5
3038 104 139 3
3039 104 140 5
3040 104 147 8
3041 104 153 3
3042 104 155 6
3043 104 156 2
3044 104 181 2
3045 104 183 6
3046 104 185 6
3047 104 194 5
3048 105 110 3
3049 105 114 1
3050 105 118 2
3051 105 119 9
3052 105 121 2
3053 105 130 10
3054 105 131 9
3055 105 133 7
3056 105 146 8
3057 105 147 5
3058 105 150 7
3059 105 168 7
3060 105 183 8
3061 105 194 6
3062 105 196 5
3063 106 111 3
3064 106 117 5
3065 106 118 2
3066 106 130 4
3067 106 131 6
3068 106 132 2
3069 106 135 3
3070 106 137 7
3071 106 150 8
3072 106 156 6
3073 106 161 8
3074 106 162 3
3075 106 167 5
3076 106 173 9
3077 106 176 2
3078 106 179 7
3079 106 182 6
3080 106 186 6
3081 106 187 6
3082 107 111 3
3083 107 117 9
3084 107 120 10
3085 107 138 4
3086 107 143 7
3087 107 146 2
3088 107 148 3
3089 107 151 9
3090 107 152 3
3091 107 153 1
3092 107 154 7
3093 107 171 8
3094 107 173 10
3095 107 175 5
3096 107 177 2
3097 107 178 6
3098 107 180 2
3099 107 182 2
3100 107 184 5
3101 107 192 2
3102 107 193 2
3103 108 113 7
3104 108 116 1
3105 108 121 7
3106 108 122 4
3107 108 132 7
3108 108 134 5
3109 108 136 7
3110 108 139 9
3111 108 141 6
3112 108 142 1
3113 108 150 1
3114 108 155 7
3115 108 157 6
3116 108 162 4
3117 108 163 3
3118 108 167 8
3119 108 185 8
3120 109 111 3
3121 109 113 7
3122 109 131 3
3123 109 139 8
3124 109 154 10
3125 109 158 7
3126 109 160 7
3127 109 164 6
3128 109 167 10
3129 109 172 2
3130 109 178 2
3131 109 183 9
3132 109 184 7
3133 109 190 1
3134 109 192 10
3135 109 198 1
3136 109 199 1
3137 110 117 1
3138 110 120 2
3139 110 128 6
3140 110 130 1
3141 110 143 2
3142 110 146 7
3143 110 148 6
3144 110 152 9
3145 110 153 2
3146 110 156 1
3147 110 170 6
3148 110 185 2
3149 110 186 2
3150 110 190 7
3151 111 118 10
3152 111 122 8
3153 111 124 9
3154 111 129 1
3155 111 130 5
3156 111 131 2
3157 111 132 4
3158 111 134 10
3159 111 137 9
3160 111 141 1
3161 111 142 10
3162 111 152 6
3163 111 158 6
3164 111 161 7
3165 111 162 2
3166 111 163 9
3167 111 164 5
3168 111 170 10
3169 111 183 9
3170 111 186 3
3171 111 192 2
3172 111 194 6
3173 112 114 5
3174 112 117 7
3175 112 118 3
3176 112 119 5
3177 112 122 3
3178 112 133 4
3179 112 135 8
3180 112 142 2
3181 112 144 6
3182 112 155 9
3183 112 162 4
3184 112 163 7
3185 112 165 6
3186 112 168 7
3187 112 176 6
3188 112 182 6
3189 112 183 1
3190 112 189 9
3191 112 190 2
3192 112 191 6
3193 113 121 7
3194 113 124 6
3195 113 126 6
3196 113 132 3
3197 113 138 6
3198 113 140 7
3199 113 144 8
3200 113 148 4
3201 113 149 3
3202 113 157 7
3203 113 159 7
3204 113 160 7
3205 113 162 9
3206 113 166 8
3207 113 171 6
3208 113 173 1
3209 113 175 5
3210 113 179 10
3211 113 181 5
3212 113 187 9
3213 113 188 4
3214 113 190 8
3215 113 199 4
3216 114 123 2
3217 114 129 2
3218 114 134 4
3219 114 140 5
3220 114 149 1
3221 114 150 6
3222 114 168 1
3223 114 170 2
3224 114 172 10
3225 114 186 3
3226 114 188 9
3227 114 189 3
3228 115 116 1
3229 115 122 7
3230 115 129 4
3231 115 130 9
3232 115 132 3
3233 115 137 10
3234 115 145 6
3235 115 153 10
3236 115 159 1
3237 115 163 5
3238 115 173 6
3239 115 174 8
3240 115 179 1
3241 115 181 2
3242 115 183 6
3243 115 186 2
3244 115 195 10
3245 116 117 6
3246 116 123 8
3247 116 129 6
3248 116 142 5
3249 116 148 9
3250 116 151 10
3251 116 154 4
3252 116 155 5
3253 116 163 9
3254 116 164 10
3255 116 166 10
3256 116 186 5
3257 116 194 6
3258 117 121 4
3259 117 124 6
3260 117 129 3
3261 117 130 4
3262 117 133 5
3263 117 150 1
3264 117 157 1
3265 117 166 7
3266 117 170 7
3267 117 175 9
3268 117 176 10
3269 117 179 4
3270 117 180 9
3271 117 184 7
3272 117 188 5
3273 117 189 10
3274 117 194 5
3275 117 195 6
3276 118 119 5
3277 118 122 10
3278 118 123 2
3279 118 128 3
3280 118 134 6
3281 118 137 1
3282 118 138 9
3283 118 140 10
3284 118 149 9
3285 118 152 9
3286 118 153 9
3287 118 156 9
3288 118 161 2
3289 118 162 7
3290 118 165 3
3291 118 166 6
3292 118 174 4
3293 118 188 3
3294 118 193 10
3295 119 133 8
3296 119 143 4
3297 119 146 2
3298 119 149 9
3299 119 151 7
3300 119 152 8
3301 119 154 4
3302 119 156 3
3303 119 158 7
3304 119 161 9
3305 119 162 6
3306 119 166 3
3307 119 168 7
3308 119 172 6
3309 119 179 1
3310 119 182 2
3311 119 189 2
3312 119 195 8
3313 119 197 10
3314 119 198 1
3315 120 131 2
3316 120 138 10
3317 120 141 2
3318 120 143 3
3319 120 146 10
3320 120 148 1
3321 120 160 7
3322 120 166 10
3323 120 171 9
3324 120 178 10
3325 120 187 6
3326 120 194 7
3327 120 196 6
3328 121 130 6
3329 121 135 6
3330 121 171 6
3331 121 173 9
3332 121 180 10
3333 121 186 3
3334 121 188 4
3335 121 195 1
3336 121 197 7
3337 121 199 2
3338 122 124 2
3339 122 125 1
3340 122 127 2
3341 122 128 2
3342 122 129 3
3343 122 130 4
3344 122 133 1
3345 122 144 7
3346 122 146 7
3347 122 147 3
3348 122 148 3
3349 122 153 1
3350 122 154 2
3351 122 155 4
3352 122 159 6
3353 122 162 7
3354 122 169 10
3355 122 180 10
3356 122 181 9
3357 122 182 3
3358 122 186 10
3359 122 193 1
3360 122 198 3
3361 123 124 1
3362 123 133 4
3363 123 134 9
3364 123 138 7
3365 123 143 1
3366 123 152 5
3367 123 155 1
3368 123 156 6
3369 123 158 3
3370 123 161 1
3371 123 166 8
3372 123 169 6
3373 123 170 10
3374 123 174 8
3375 123 188 3
3376 123 189 4
3377 124 125 10
3378 124 129 9
3379 124 131 8
3380 124 140 3
3381 124 145 3
3382 124 152 6
3383 124 156 1
3384 124 172 9
3385 124 183 6
3386 124 186 4
3387 124 191 4
3388 124 195 9
3389 124 197 10
3390 125 138 7
3391 125 139 3
3392 125 141 6
3393 125 165 3
3394 125 176 8
3395 125 183 3
3396 125 186 6
3397 125 188 4
3398 125 195 8
3399 126 127 7
3400 126 130 1
3401 126 132 9
3402 126 135 9
3403 126 138 8
3404 126 144 6
3405 126 147 8
3406 126 153 8
3407 126 159 6
3408 126 160 7
3409 126 166 7
3410 126 174 6
3411 126 177 6
3412 126 182 8
3413 126 183 1
3414 126 184 1
3415 126 185 7
3416 127 133 4
3417 127 134 8
3418 127 140 3
3419 127 142 6
3420 127 155 10
3421 127 160 4
3422 127 165 3
3423 127 167 9
3424 127 168 1
3425 127 172 6
3426 127 177 6
3427 127 179 8
3428 127 180 6
3429 127 184 4
3430 127 192 6
3431 127 197 2
3432 128 131 8
3433 128 134 10
3434 128 150 9
3435 128 160 9
3436 128 165 2
3437 128 166 4
3438 128 170 4
3439 128 171 5
3440 128 178 5
3441 128 187 4
3442 129 133 10
3443 129 134 5
3444 129 138 3
3445 129 162 7
3446 129 163 6
3447 129 164 8
3448 129 165 5
3449 129 166 8
3450 129 170 9
3451 129 172 6
3452 129 178 7
3453 129 180 3
3454 129 181 3
3455 129 185 10
3456 129 187 9
3457 129 188 1
3458 129 191 2
3459 129 196 5
3460 130 138 4
3461 130 139 7
3462 130 140 9
3463 130 143 7
3464 130 147 2
3465 130 154 6
3466 130 157 2
3467 130 158 1
3468 130 165 4
3469 130 167 2
3470 130 168 7
3471 130 174 10
3472 130 195 6
3473 130 199 1
3474 131 135 3
3475 131 146 6
3476 131 158 10
3477 131 169 5
3478 131 177 9
3479 131 180 9
3480 131 181 8
3481 131 183 8
3482 131 188 4
3483 131 196 3
3484 131 199 8
3485 132 134 2
3486 132 143 1
3487 132 145 10
3488 132 146 1
3489 132 148 6
3490 132 150 7
3491 132 154 5
3492 132 160 2
3493 132 167 10
3494 132 180 1
3495 132 182 6
3496 132 186 3
3497 132 187 1
3498 132 188 8
3499 132 195 8
3500 133 143 5
3501 133 145 4
3502 133 150 3
3503 133 151 8
3504 133 163 10
3505 133 182 8
3506 133 199 4
3507 134 135 10
3508 134 140 3
3509 134 162 10
3510 134 163 3
3511 134 164 2
3512 134 173 5
3513 134 190 9
3514 134 193 9
3515 134 196 6
3516 134 199 7
3517 135 140 6
3518 135 143 6
3519 135 148 3
3520 135 150 3
3521 135 153 9
3522 135 156 9
3523 135 165 4
3524 135 171 8
3525 135 181 4
3526 135 191 9
3527 136 137 3
3528 136 142 9
3529 136 146 3
3530 136 151 10
3531 136 153 3
3532 136 154 4
3533 136 163 5
3534 136 168 7
3535 136 175 8
3536 136 177 9
3537 136 180 6
3538 136 181 8
3539 136 182 10
3540 136 186 7
3541 136 191 10
3542 136 192 1
3543 136 194 2
3544 136 196 9
3545 136 199 10
3546 137 138 10
3547 137 144 9
3548 137 159 5
3549 137 163 5
3550 137 164 5
3551 137 166 3
3552 137 170 4
3553 137 171 4
3554 137 176 8
3555 137 183 9
3556 137 191 5
3557 138 141 1
3558 138 148 8
3559 138 152 6
3560 138 159 3
3561 138 173 5
3562 138 174 5
3563 138 178 1
3564 138 182 9
3565 138 190 10
3566 138 193 5
3567 139 141 3
3568 139 156 1
3569 139 157 2
3570 139 165 8
3571 139 169 7
3572 139 170 6
3573 139 171 2
3574 139 174 3
3575 139 181 10
3576 139 182 1
3577 139 183 3
3578 139 188 8
3579 140 157 8
3580 140 161 9
3581 140 162 5
3582 140 165 6
3583 140 174 10
3584 140 175 9
3585 140 181 5
3586 140 187 6
3587 140 188 6
3588 140 194 10
3589 140 195 5
3590 140 198 3
3591 141 145 9
3592 141 149 7
3593 141 150 2
3594 141 153 10
3595 141 154 1
3596 141 158 1
3597 141 160 7
3598 141 174 9
3599 141 175 10
3600 141 176 10
3601 141 177 5
3602 141 180 1
3603 141 182 9
3604 141 184 5
3605 141 192 3
3606 141 199 1
3607 142 149 8
3608 142 156 10
3609 142 163 10
3610 142 164 3
3611 142 170 4
3612 142 175 1
3613 142 189 4
3614 142 195 1
3615 142 196 9
3616 142 197 3
3617 142 199 6
3618 143 148 3
3619 143 151 8
3620 143 152 3
3621 143 156 3
3622 143 160 8
3623 143 163 10
3624 143 166 7
3625 143 172 3
3626 143 177 2
3627 143 181 1
3628 143 182 4
3629 143 184 1
3630 143 189 9
3631 143 193 4
3632 143 197 10
3633 144 146 10
3634 144 147 6
3635 144 148 7
3636 144 149 4
3637 144 152 8
3638 144 161 3
3639 144 162 2
3640 144 163 9
3641 144 167 10
3642 144 169 8
3643 144 175 4
3644 144 178 2
3645 144 183 8
3646 144 192 4
3647 144 193 10
3648 144 195 8
3649 145 151 6
3650 145 156 1
3651 145 169 7
3652 145 172 9
3653 145 175 3
3654 145 176 8
3655 145 177 1
3656 145 181 6
3657 145 185 2
3658 146 149 2
3659 146 154 2
3660 146 156 5
3661 146 160 1
3662 146 162 3
3663 146 166 10
3664 146 168 2
3665 146 175 1
3666 146 176 7
3667 146 178 8
3668 146 181 10
3669 146 182 5
3670 146 189 5
3671 146 198 8
3672 146 199 3
3673 147 148 4
3674 147 158 8
3675 147 160 7
3676 147 161 3
3677 147 164 1
3678 147 169 9
3679 147 172 3
3680 147 173 6
3681 147 176 6
3682 148 162 9
3683 148 165 8
3684 148 167 8
3685 148 168 6
3686 148 174 9
3687 148 181 5
3688 148 189 4
3689 148 190 6
3690 149 155 5
3691 149 156 5
3692 149 158 7
3693 149 159 3
3694 149 162 1
3695 149 166 2
3696 149 173 6
3697 149 183 1
3698 149 189 7
3699 149 191 5
3700 149 193 1
3701 150 151 8
3702 150 152 2
3703 150 153 9
3704 150 159 8
3705 150 160 4
3706 150 172 10
3707 150 174 3
3708 150 177 1
3709 150 180 3
3710 150 182 7
3711 150 184 9
3712 150 197 9
3713 151 157 9
3714 151 163 1
3715 151 168 1
3716 151 181 2
3717 151 183 6
3718 151 190 9
3719 151 192 4
3720 151 194 10
3721 152 156 6
3722 152 157 6
3723 152 159 9
3724 152 162 9
3725 152 169 9
3726 152 175 5
3727 152 187 3
3728 152 194 8
3729 152 195 10
3730 152 199 1
3731 153 171 8
3732 153 174 7
3733 153 181 10
3734 153 186 2
3735 153 194 7
3736 154 159 8
3737 154 173 8
3738 154 174 5
3739 154 178 7
3740 154 184 1
3741 154 189 1
3742 154 194 1
3743 154 195 7
3744 154 196 5
3745 155 156 1
3746 155 159 4
3747 155 160 1
3748 155 163 9
3749 155 171 5
3750 155 172 6
3751 155 174 7
3752 155 183 4
3753 155 185 5
3754 155 192 7
3755 156 157 8
3756 156 161 5
3757 156 173 6
3758 156 174 1
3759 156 176 9
3760 156 183 10
3761 157 182 5
3762 157 188 7
3763 157 194 8
3764 157 196 9
3765 158 176 2
3766 158 178 5
3767 158 189 8
3768 158 190 7
3769 158 196 2
3770 158 198 7
3771 159 161 9
3772 159 170 5
3773 159 171 3
3774 159 173 2
3775 159 174 6
3776 159 177 4
3777 159 179 7
3778 160 164 4
3779 160 165 7
3780 160 172 10
3781 160 179 8
3782 160 180 10
3783 160 186 5
3784 161 164 9
3785 161 165 10
3786 161 169 7
3787 161 172 4
3788 161 173 8
3789 161 177 1
3790 161 180 3
3791 161 195 9
3792 161 196 2
3793 161 198 4
3794 162 167 9
3795 162 168 5
3796 162 174 2
3797 162 175 6
3798 162 179 5
3799 162 182 3
3800 162 184 10
3801 162 188 7
3802 162 191 3
3803 162 196 4
3804 163 168 1
3805 163 170 2
3806 163 183 2
3807 163 187 9
3808 163 196 3
3809 164 167 2
3810 164 183 1
3811 164 184 8
3812 164 190 9
3813 164 191 4
3814 164 198 1
3815 165 172 3
3816 165 174 2
3817 165 180 2
3818 165 198 9
3819 166 168 1
3820 166 170 10
3821 166 173 10
3822 166 186 8
3823 166 192 7
3824 167 174 4
3825 168 177 4
3826 168 194 10
3827 169 175 8
3828 169 177 8
3829 169 181 4
3830 169 188 3
3831 169 193 3
3832 169 194 9
3833 170 173 5
3834 170 178 5
3835 170 180 6
3836 170 188 1
3837 170 194 5
3838 170 196 7
3839 170 197 1
3840 170 198 8
3841 171 173 4
3842 171 183 5
3843 171 184 2
3844 171 185 6
3845 171 188 4
3846 171 192 4
3847 171 199 10
3848 172 176 5
3849 172 180 2
3850 172 187 4
3851 172 188 10
3852 172 191 3
3853 172 194 2
3854 173 179 1
3855 173 184 1
3856 173 189 1
3857 173 191 1
3858 173 197 5
3859 174 180 6
3860 174 184 5
3861 174 185 3
3862 174 190 6
3863 174 193 4
3864 174 196 1
3865 174 197 4
3866 175 177 9
3867 175 180 3
3868 175 184 2
3869 175 187 8
3870 175 188 7
3871 175 194 7
3872 175 195 7
3873 176 180 5
3874 176 182 8
3875 176 184 8
3876 176 186 10
3877 176 193 1
3878 176 196 3
3879 176 197 5
3880 176 198 10
3881 177 178 1
3882 177 186 6
3883 177 193 8
3884 177 199 3
3885 178 181 3
3886 178 183 6
3887 178 197 9
3888 179 180 7
3889 179 195 4
3890 179 197 2
3891 179 198 2
3892 179 199 4
3893 180 191 10
3894 180 192 9
3895 180 194 8
3896 180 197 10
3897 180 199 7
3898 181 186 10
3899 181 191 10
3900 181 193 3
3901 181 198 5
3902 181 199 1
3903 182 188 7
3904 182 192 8
3905 182 193 10
3906 182 196 8
3907 182 198 4
3908 183 186 4
3909 183 190 3
3910 183 192 3
3911 184 196 8
3912 185 189 9
3913 185 195 6
3914 186 191 8
3915 186 192 4
3916 186 194 7
3917 187 198 1
3918 188 195 1
3919 188 197 2
3920 189 191 3
3921 189 194 7
3922 189 196 1
3923 191 198 10
3924 191 199 6
3925 192 193 2
3926 192 196 7
3927 195 198 7
3928 195 199 5
3929 197 198 2
