200 3956 10 50
0 49
1 50
2 24
3 36
4 8
5 32
6 34
7 36
8 8
9 30
10 27
11 45
12 2
13 13
14 18
15 36
16 31
17 18
18 38
19 2
20 37
21 45
22 17
23 20
24 19
25 17
26 20
27 2
28 47
29 18
30 6
31 24
32 40
33 12
34 50
35 38
36 18
37 6
38 39
39 16
40 7
41 32
42 3
43 43
44 44
45 4
46 15
47 3
48 13
49 4
50 5
51 46
52 13
53 46
54 42
55 19
56 47
57 24
58 39
59 4
60 46
61 29
62 2
63 15
64 49
65 22
66 15
67 20
68 40
69 14
70 36
71 34
72 4
73 47
74 24
75 9
76 35
77 33
78 6
79 29
80 11
81 9
82 24
83 5
84 12
85 4
86 19
87 45
88 41
89 44
90 38
91 18
92 36
93 48
94 5
95 21
96 17
97 40
98 40
99 36
100 2
101 26
102 41
103 1
104 17
105 12
106 23
107 3
108 10
109 41
110 7
111 19
112 40
113 27
114 6
115 35
116 1
117 5
118 25
119 8
120 25
121 43
122 12
123 33
124 49
125 20
126 44
127 36
128 45
129 48
130 13
131 47
132 1
133 11
134 40
135 7
136 47
137 10
138 8
139 40
140 15
141 16
142 31
143 3
144 38
145 2
146 36
147 36
148 50
149 12
150 34
151 8
152 7
153 12
154 35
155 10
156 15
157 24
158 47
159 33
160 7
161 25
162 42
163 27
164 36
165 3
166 37
167 25
168 11
169 2
170 35
171 16
172 32
173 33
174 31
175 3
176 13
177 19
178 43
179 23
180 31
181 40
182 18
183 43
184 9
185 19
186 13
187 24
188 15
189 6
190 20
191 26
192 39
193 34
194 39
195 41
196 3
197 31
198 31
199 41
0 0 7 2
1 0 10 10
2 0 17 10
3 0 22 8
4 0 32 9
5 0 35 4
6 0 45 7
7 0 61 8
8 0 62 2
9 0 74 6
10 0 75 3
11 0 76 6
12 0 77 10
13 0 94 5
14 0 97 7
15 0 98 7
16 0 101 8
17 0 102 7
18 0 106 8
19 0 113 4
20 0 119 4
21 0 135 3
22 0 137 6
23 0 139 3
24 0 146 9
25 0 148 7
26 0 150 2
27 0 159 3
28 0 161 9
29 0 178 5
30 0 182 1
31 0 194 6
32 0 195 10
33 1 4 10
34 1 18 6
35 1 40 1
36 1 41 5
37 1 47 4
38 1 50 5
39 1 57 5
40 1 66 6
41 1 69 6
42 1 76 8
43 1 78 2
44 1 81 9
45 1 89 3
46 1 107 1
47 1 109 3
48 1 115 4
49 1 119 1
50 1 121 10
51 1 131 4
52 1 137 2
53 1 139 5
54 1 141 10
55 1 153 9
56 1 155 7
57 1 156 1
58 1 158 10
59 1 160 7
60 1 161 4
61 1 162 3
62 1 182 1
63 1 188 7
64 1 189 1
65 1 194 7
66 2 3 5
67 2 17 10
68 2 27 4
69 2 28 7
70 2 29 9
71 2 48 3
72 2 53 4
73 2 55 6
74 2 64 3
75 2 75 9
76 2 81 5
77 2 82 5
78 2 87 2
79 2 90 3
80 2 95 8
81 2 97 1
82 2 108 9
83 2 109 1
84 2 114 4
85 2 115 4
86 2 117 5
87 2 126 2
88 2 128 1
89 2 130 3
90 2 133 4
91 2 142 10
92 2 144 9
93 2 147 7
94 2 149 6
95 2 159 4
96 2 160 6
97 2 163 10
98 2 167 2
99 2 174 5
100 2 186 9
101 2 193 3
102 2 197 10
103 3 4 5
104 3 12 4
105 3 27 3
106 3 31 5
107 3 36 7
108 3 41 2
109 3 52 3
110 3 54 3
111 3 57 2
112 3 59 1
113 3 70 5
114 3 78 10
115 3 81 2
116 3 83 7
117 3 84 9
118 3 85 2
119 3 88 8
120 3 102 4
121 3 113 9
122 3 122 1
123 3 127 8
124 3 133 2
125 3 143 10
126 3 152 6
127 3 155 8
128 3 163 6
129 3 174 4
130 3 182 1
131 3 193 9
132 3 195 3
133 4 5 2
134 4 18 5
135 4 23 1
136 4 28 3
137 4 33 3
138 4 36 2
139 4 44 3
140 4 48 10
141 4 57 3
142 4 61 1
143 4 68 6
144 4 69 6
145 4 82 3
146 4 83 1
147 4 91 5
148 4 95 7
149 4 96 8
150 4 105 9
151 4 111 3
152 4 122 1
153 4 133 7
154 4 135 9
155 4 137 3
156 4 139 2
157 4 146 10
158 4 149 8
159 4 160 9
160 4 169 9
161 4 171 10
162 4 172 9
163 4 174 7
164 4 176 7
165 4 177 4
166 4 178 4
167 4 182 8
168 4 189 9
169 4 190 6
170 4 192 10
171 4 193 2
172 5 9 8
173 5 21 8
174 5 40 3
175 5 51 5
176 5 57 10
177 5 66 3
178 5 69 3
179 5 79 7
180 5 82 4
181 5 83 6
182 5 84 4
183 5 86 5
184 5 95 4
185 5 110 4
186 5 119 4
187 5 130 10
188 5 142 3
189 5 147 8
190 5 168 3
191 5 170 4
192 5 176 10
193 5 180 10
194 5 182 2
195 5 187 8
196 5 189 10
197 6 9 10
198 6 21 3
199 6 36 1
200 6 49 2
201 6 51 1
202 6 59 10
203 6 64 8
204 6 68 5
205 6 74 10
206 6 78 1
207 6 80 4
208 6 85 1
209 6 94 5
210 6 99 5
211 6 101 7
212 6 113 1
213 6 114 1
214 6 122 2
215 6 123 2
216 6 125 8
217 6 134 7
218 6 135 2
219 6 138 9
220 6 139 9
221 6 142 3
222 6 146 4
223 6 149 9
224 6 150 1
225 6 151 5
226 6 154 5
227 6 156 10
228 6 160 3
229 6 161 9
230 6 172 1
231 6 177 10
232 6 181 9
233 6 185 7
234 6 192 6
235 6 199 2
236 7 8 2
237 7 11 8
238 7 15 4
239 7 30 7
240 7 39 6
241 7 49 7
242 7 57 5
243 7 65 2
244 7 68 5
245 7 70 10
246 7 72 5
247 7 75 6
248 7 76 3
249 7 90 6
250 7 95 5
251 7 97 10
252 7 100 8
253 7 107 1
254 7 118 4
255 7 123 6
256 7 130 2
257 7 136 5
258 7 141 4
259 7 142 8
260 7 149 1
261 7 153 9
262 7 156 8
263 7 159 5
264 7 160 2
265 7 162 7
266 7 170 10
267 7 171 7
268 7 177 2
269 7 180 10
270 7 190 5
271 7 191 2
272 7 198 4
273 7 199 10
274 8 10 8
275 8 21 6
276 8 23 8
277 8 25 5
278 8 30 9
279 8 34 3
280 8 42 9
281 8 44 10
282 8 48 5
283 8 49 6
284 8 54 2
285 8 61 4
286 8 62 4
287 8 64 10
288 8 69 8
289 8 82 8
290 8 84 10
291 8 86 5
292 8 87 3
293 8 89 2
294 8 99 2
295 8 102 4
296 8 108 3
297 8 124 6
298 8 130 9
299 8 135 6
300 8 136 2
301 8 164 2
302 8 166 1
303 8 174 3
304 8 177 6
305 8 179 5
306 8 183 9
307 8 184 2
308 8 187 3
309 8 191 2
310 8 195 5
311 9 11 9
312 9 27 9
313 9 30 8
314 9 31 8
315 9 41 10
316 9 47 8
317 9 50 5
318 9 61 6
319 9 67 10
320 9 70 3
321 9 73 1
322 9 75 4
323 9 78 8
324 9 81 2
325 9 91 4
326 9 96 10
327 9 97 4
328 9 101 6
329 9 104 8
330 9 110 2
331 9 136 6
332 9 141 2
333 9 149 2
334 9 151 7
335 9 152 4
336 9 153 2
337 9 170 5
338 9 177 4
339 9 185 6
340 9 187 3
341 9 195 5
342 9 196 7
343 9 198 5
344 10 14 7
345 10 19 2
346 10 20 1
347 10 21 3
348 10 24 9
349 10 27 3
350 10 28 8
351 10 35 2
352 10 39 1
353 10 40 1
354 10 41 3
355 10 47 3
356 10 51 9
357 10 58 5
358 10 62 1
359 10 63 9
360 10 70 10
361 10 72 8
362 10 73 2
363 10 75 9
364 10 79 10
365 10 81 6
366 10 82 3
367 10 87 8
368 10 99 5
369 10 103 9
370 10 114 3
371 10 117 7
372 10 122 3
373 10 124 6
374 10 126 2
375 10 128 7
376 10 129 7
377 10 130 3
378 10 140 8
379 10 142 8
380 10 144 10
381 10 145 10
382 10 147 4
383 10 151 10
384 10 153 9
385 10 162 5
386 10 165 7
387 10 166 1
388 10 179 9
389 10 180 6
390 10 181 1
391 10 199 7
392 11 30 4
393 11 32 6
394 11 41 3
395 11 48 8
396 11 56 9
397 11 58 5
398 11 71 3
399 11 73 10
400 11 82 6
401 11 84 7
402 11 85 4
403 11 93 10
404 11 112 6
405 11 115 5
406 11 120 10
407 11 126 2
408 11 150 3
409 11 153 2
410 11 157 2
411 11 163 6
412 11 167 8
413 11 170 3
414 11 171 3
415 11 173 10
416 11 175 7
417 11 177 6
418 11 180 3
419 11 186 2
420 11 188 5
421 11 190 9
422 11 195 4
423 11 197 1
424 12 17 6
425 12 24 9
426 12 33 8
427 12 37 2
428 12 40 8
429 12 41 7
430 12 42 5
431 12 57 3
432 12 61 1
433 12 64 5
434 12 70 5
435 12 87 5
436 12 91 4
437 12 103 1
438 12 110 3
439 12 119 2
440 12 121 5
441 12 124 8
442 12 131 9
443 12 134 2
444 12 136 3
445 12 138 5
446 12 147 4
447 12 151 3
448 12 163 10
449 12 175 6
450 12 176 10
451 12 179 6
452 12 187 8
453 12 188 6
454 12 189 4
455 12 193 8
456 12 196 5
457 12 199 7
458 13 39 9
459 13 40 4
460 13 47 1
461 13 56 4
462 13 57 5
463 13 59 3
464 13 70 8
465 13 72 6
466 13 73 6
467 13 77 1
468 13 97 7
469 13 99 3
470 13 101 3
471 13 103 5
472 13 104 2
473 13 105 4
474 13 119 1
475 13 134 3
476 13 136 8
477 13 138 5
478 13 143 1
479 13 146 5
480 13 147 3
481 13 149 10
482 13 150 9
483 13 151 7
484 13 158 9
485 13 166 6
486 13 170 8
487 13 171 4
488 13 172 8
489 13 173 4
490 13 179 9
491 13 182 3
492 13 188 6
493 13 192 5
494 13 198 9
495 14 16 7
496 14 20 6
497 14 27 3
498 14 29 8
499 14 32 10
500 14 39 8
501 14 42 3
502 14 56 2
503 14 61 4
504 14 62 9
505 14 69 4
506 14 77 1
507 14 79 1
508 14 80 5
509 14 88 10
510 14 90 1
511 14 113 9
512 14 117 5
513 14 118 8
514 14 121 4
515 14 125 1
516 14 135 2
517 14 138 1
518 14 143 1
519 14 154 4
520 14 155 3
521 14 166 7
522 14 171 2
523 15 21 1
524 15 22 7
525 15 25 2
526 15 31 3
527 15 38 4
528 15 58 3
529 15 61 2
530 15 67 5
531 15 68 3
532 15 70 10
533 15 77 9
534 15 80 9
535 15 87 5
536 15 96 8
537 15 99 1
538 15 107 10
539 15 110 6
540 15 120 4
541 15 122 7
542 15 126 9
543 15 131 1
544 15 135 9
545 15 136 6
546 15 142 5
547 15 145 7
548 15 150 6
549 15 151 8
550 15 155 10
551 15 158 5
552 15 166 7
553 15 176 10
554 15 179 3
555 15 182 6
556 15 187 6
557 15 192 2
558 15 196 2
559 16 22 6
560 16 29 5
561 16 32 10
562 16 35 9
563 16 36 10
564 16 39 2
565 16 46 9
566 16 54 3
567 16 58 6
568 16 59 6
569 16 62 7
570 16 66 2
571 16 69 9
572 16 74 4
573 16 82 8
574 16 92 9
575 16 96 1
576 16 102 5
577 16 103 9
578 16 108 4
579 16 114 4
580 16 116 7
581 16 117 8
582 16 118 10
583 16 122 4
584 16 127 3
585 16 133 5
586 16 136 6
587 16 137 2
588 16 139 7
589 16 149 5
590 16 151 7
591 16 157 6
592 16 169 5
593 16 173 9
594 16 176 1
595 16 190 7
596 16 199 7
597 17 19 10
598 17 22 3
599 17 33 7
600 17 34 7
601 17 52 5
602 17 55 3
603 17 57 9
604 17 72 4
605 17 89 9
606 17 91 1
607 17 93 8
608 17 96 1
609 17 106 10
610 17 113 1
611 17 115 5
612 17 117 9
613 17 126 10
614 17 128 5
615 17 130 9
616 17 131 9
617 17 163 3
618 17 169 5
619 17 177 7
620 17 188 3
621 17 194 7
622 17 196 1
623 17 199 3
624 18 20 10
625 18 24 4
626 18 42 4
627 18 46 2
628 18 50 3
629 18 67 3
630 18 72 8
631 18 75 2
632 18 78 8
633 18 82 9
634 18 84 6
635 18 95 9
636 18 98 4
637 18 102 3
638 18 103 10
639 18 106 5
640 18 111 10
641 18 112 10
642 18 114 9
643 18 118 7
644 18 128 1
645 18 131 4
646 18 136 5
647 18 137 4
648 18 142 8
649 18 144 6
650 18 163 9
651 18 180 9
652 18 181 1
653 18 182 8
654 18 191 4
655 19 22 7
656 19 29 6
657 19 30 2
658 19 34 1
659 19 37 6
660 19 44 1
661 19 45 8
662 19 48 6
663 19 51 1
664 19 53 4
665 19 54 4
666 19 70 8
667 19 72 1
668 19 75 4
669 19 76 1
670 19 78 7
671 19 88 4
672 19 90 2
673 19 96 3
674 19 97 3
675 19 105 5
676 19 107 8
677 19 108 9
678 19 109 1
679 19 110 8
680 19 111 8
681 19 114 10
682 19 118 7
683 19 123 10
684 19 128 10
685 19 130 10
686 19 137 10
687 19 138 2
688 19 142 3
689 19 151 3
690 19 154 4
691 19 155 9
692 19 157 4
693 19 165 5
694 19 173 5
695 19 174 3
696 19 176 7
697 19 182 10
698 19 188 7
699 19 190 8
700 19 191 6
701 19 199 8
702 20 29 3
703 20 35 9
704 20 42 7
705 20 45 4
706 20 48 3
707 20 55 6
708 20 57 9
709 20 59 7
710 20 62 3
711 20 65 6
712 20 68 5
713 20 69 9
714 20 73 5
715 20 75 1
716 20 94 10
717 20 102 8
718 20 106 8
719 20 107 8
720 20 113 5
721 20 115 4
722 20 121 8
723 20 125 9
724 20 139 2
725 20 147 4
726 20 157 9
727 20 161 9
728 20 163 8
729 20 165 3
730 20 167 9
731 20 168 2
732 20 169 6
733 20 172 4
734 20 175 3
735 20 179 3
736 20 181 5
737 20 183 5
738 20 188 6
739 20 198 2
740 21 28 3
741 21 40 2
742 21 49 3
743 21 52 3
744 21 53 1
745 21 55 1
746 21 78 3
747 21 79 6
748 21 81 4
749 21 84 9
750 21 85 7
751 21 92 9
752 21 96 9
753 21 97 5
754 21 101 2
755 21 111 10
756 21 114 6
757 21 118 7
758 21 123 4
759 21 124 1
760 21 125 9
761 21 138 7
762 21 142 10
763 21 149 8
764 21 158 9
765 21 159 5
766 21 160 8
767 21 180 9
768 21 181 3
769 21 185 3
770 21 188 8
771 21 190 10
772 21 191 2
773 21 199 6
774 22 26 8
775 22 43 9
776 22 44 8
777 22 52 2
778 22 53 1
779 22 57 2
780 22 66 8
781 22 74 3
782 22 75 8
783 22 83 7
784 22 88 5
785 22 93 2
786 22 94 3
787 22 101 4
788 22 105 10
789 22 110 7
790 22 114 1
791 22 122 6
792 22 124 9
793 22 126 10
794 22 130 5
795 22 136 9
796 22 139 2
797 22 151 9
798 22 157 1
799 22 159 8
800 22 161 10
801 22 166 7
802 22 167 3
803 22 190 10
804 22 194 4
805 23 25 10
806 23 30 6
807 23 32 7
808 23 38 10
809 23 47 6
810 23 48 2
811 23 51 2
812 23 56 6
813 23 60 3
814 23 72 6
815 23 76 6
816 23 77 6
817 23 79 7
818 23 91 6
819 23 92 9
820 23 94 5
821 23 111 7
822 23 116 9
823 23 117 1
824 23 119 1
825 23 123 9
826 23 133 8
827 23 136 7
828 23 138 2
829 23 139 3
830 23 147 1
831 23 151 5
832 23 152 5
833 23 154 6
834 23 158 7
835 23 167 7
836 23 170 10
837 23 172 7
838 23 173 7
839 23 180 5
840 23 182 5
841 23 184 6
842 23 189 5
843 23 190 1
844 23 195 2
845 23 199 2
846 24 33 5
847 24 38 6
848 24 41 6
849 24 46 1
850 24 48 6
851 24 54 9
852 24 55 6
853 24 56 1
854 24 59 1
855 24 60 5
856 24 66 2
857 24 67 9
858 24 69 3
859 24 70 3
860 24 72 2
861 24 76 1
862 24 78 2
863 24 81 2
864 24 82 3
865 24 85 3
866 24 89 1
867 24 90 7
868 24 95 10
869 24 100 6
870 24 104 2
871 24 110 4
872 24 113 7
873 24 117 6
874 24 124 5
875 24 125 5
876 24 128 9
877 24 139 6
878 24 141 9
879 24 147 6
880 24 152 10
881 24 156 10
882 24 159 8
883 24 162 8
884 24 166 6
885 24 167 8
886 24 169 6
887 24 170 6
888 24 173 3
889 24 175 9
890 24 179 2
891 24 182 4
892 24 187 6
893 24 188 9
894 24 190 6
895 25 28 5
896 25 32 9
897 25 33 9
898 25 36 8
899 25 48 6
900 25 52 8
901 25 56 2
902 25 61 5
903 25 70 2
904 25 71 9
905 25 73 1
906 25 74 5
907 25 77 8
908 25 78 3
909 25 83 10
910 25 84 8
911 25 86 9
912 25 98 1
913 25 99 4
914 25 103 6
915 25 104 8
916 25 112 2
917 25 114 6
918 25 118 6
919 25 123 7
920 25 126 4
921 25 129 1
922 25 133 10
923 25 134 8
924 25 135 5
925 25 141 7
926 25 142 9
927 25 158 8
928 25 159 5
929 25 164 5
930 25 168 1
931 25 177 3
932 25 178 2
933 25 181 4
934 25 186 7
935 25 188 8
936 25 191 6
937 25 192 9
938 25 197 4
939 26 29 1
940 26 32 1
941 26 42 2
942 26 46 8
943 26 47 10
944 26 48 4
945 26 52 10
946 26 53 3
947 26 70 9
948 26 76 5
949 26 87 8
950 26 88 10
951 26 96 2
952 26 112 6
953 26 118 7
954 26 133 1
955 26 138 4
956 26 142 2
957 26 152 5
958 26 163 10
959 26 173 9
960 26 196 3
961 26 199 6
962 27 29 2
963 27 36 4
964 27 47 3
965 27 54 7
966 27 57 9
967 27 61 6
968 27 66 7
969 27 69 6
970 27 75 6
971 27 76 7
972 27 79 8
973 27 82 6
974 27 83 8
975 27 93 2
976 27 98 3
977 27 105 7
978 27 108 6
979 27 138 4
980 27 140 1
981 27 147 2
982 27 151 3
983 27 155 3
984 27 163 5
985 27 165 7
986 27 167 2
987 27 168 6
988 27 176 6
989 27 182 9
990 27 183 2
991 27 187 10
992 27 189 7
993 28 31 4
994 28 41 4
995 28 46 2
996 28 48 9
997 28 58 3
998 28 59 4
999 28 60 8
1000 28 63 1
1001 28 66 7
1002 28 72 2
1003 28 80 6
1004 28 84 8
1005 28 90 3
1006 28 95 8
1007 28 96 5
1008 28 97 5
1009 28 98 2
1010 28 118 2
1011 28 122 2
1012 28 124 10
1013 28 128 6
1014 28 136 9
1015 28 145 8
1016 28 156 1
1017 28 157 10
1018 28 173 8
1019 28 174 10
1020 28 177 1
1021 28 182 10
1022 28 184 3
1023 28 187 6
1024 29 30 5
1025 29 31 10
1026 29 38 10
1027 29 39 7
1028 29 42 6
1029 29 45 1
1030 29 50 5
1031 29 52 6
1032 29 66 3
1033 29 70 1
1034 29 73 8
1035 29 88 6
1036 29 101 10
1037 29 104 5
1038 29 113 3
1039 29 120 7
1040 29 123 5
1041 29 128 9
1042 29 130 1
1043 29 145 1
1044 29 146 1
1045 29 151 4
1046 29 152 2
1047 29 157 5
1048 29 160 4
1049 29 170 7
1050 29 172 5
1051 29 174 4
1052 29 176 1
1053 29 183 7
1054 30 34 6
1055 30 39 5
1056 30 42 1
1057 30 47 1
1058 30 57 7
1059 30 62 9
1060 30 68 6
1061 30 70 3
1062 30 76 3
1063 30 80 10
1064 30 82 6
1065 30 90 7
1066 30 93 1
1067 30 97 6
1068 30 100 2
1069 30 101 9
1070 30 107 10
1071 30 122 7
1072 30 123 6
1073 30 124 9
1074 30 126 7
1075 30 130 9
1076 30 143 6
1077 30 145 10
1078 30 147 5
1079 30 150 8
1080 30 156 2
1081 30 164 8
1082 30 166 4
1083 30 167 10
1084 30 174 9
1085 30 176 7
1086 30 181 2
1087 30 190 7
1088 30 192 9
1089 30 193 2
1090 31 32 2
1091 31 33 5
1092 31 38 7
1093 31 39 10
1094 31 40 5
1095 31 46 1
1096 31 50 7
1097 31 51 9
1098 31 55 1
1099 31 64 9
1100 31 65 3
1101 31 71 7
1102 31 80 1
1103 31 87 4
1104 31 97 1
1105 31 106 3
1106 31 110 8
1107 31 112 1
1108 31 113 7
1109 31 117 5
1110 31 123 1
1111 31 124 5
1112 31 126 5
1113 31 127 7
1114 31 131 10
1115 31 137 4
1116 31 145 10
1117 31 148 5
1118 31 155 2
1119 31 157 3
1120 31 160 2
1121 31 161 2
1122 31 164 6
1123 31 166 7
1124 31 171 6
1125 31 176 7
1126 31 180 10
1127 31 185 9
1128 31 188 7
1129 31 194 9
1130 31 198 2
1131 32 36 9
1132 32 42 1
1133 32 44 1
1134 32 48 2
1135 32 49 5
1136 32 52 4
1137 32 56 6
1138 32 57 4
1139 32 60 9
1140 32 66 6
1141 32 68 10
1142 32 70 8
1143 32 72 2
1144 32 74 4
1145 32 76 8
1146 32 83 1
1147 32 85 4
1148 32 96 9
1149 32 111 5
1150 32 113 8
1151 32 117 2
1152 32 119 10
1153 32 122 8
1154 32 124 8
1155 32 129 1
1156 32 132 10
1157 32 134 1
1158 32 139 8
1159 32 143 7
1160 32 146 3
1161 32 158 1
1162 32 159 4
1163 32 170 1
1164 32 173 2
1165 32 189 4
1166 33 38 5
1167 33 39 1
1168 33 48 2
1169 33 51 3
1170 33 57 8
1171 33 60 5
1172 33 63 4
1173 33 65 9
1174 33 78 10
1175 33 80 3
1176 33 81 10
1177 33 82 4
1178 33 87 9
1179 33 88 1
1180 33 89 2
1181 33 91 9
1182 33 99 1
1183 33 101 4
1184 33 105 9
1185 33 131 1
1186 33 135 10
1187 33 147 6
1188 33 152 6
1189 33 156 7
1190 33 162 2
1191 33 164 9
1192 33 169 4
1193 33 173 5
1194 33 174 3
1195 33 177 8
1196 33 182 1
1197 33 185 4
1198 33 186 10
1199 34 35 4
1200 34 36 1
1201 34 37 6
1202 34 42 1
1203 34 45 5
1204 34 53 6
1205 34 61 8
1206 34 67 10
1207 34 72 7
1208 34 74 9
1209 34 91 9
1210 34 106 3
1211 34 111 3
1212 34 120 6
1213 34 124 4
1214 34 129 4
1215 34 131 8
1216 34 132 6
1217 34 133 3
1218 34 137 4
1219 34 144 9
1220 34 154 7
1221 34 155 7
1222 34 164 6
1223 34 171 9
1224 34 173 2
1225 34 175 1
1226 34 176 2
1227 34 178 9
1228 34 179 2
1229 34 185 8
1230 34 186 1
1231 34 187 6
1232 34 193 1
1233 34 197 2
1234 35 41 4
1235 35 44 9
1236 35 52 6
1237 35 56 8
1238 35 57 8
1239 35 59 3
1240 35 72 9
1241 35 76 3
1242 35 79 10
1243 35 82 2
1244 35 83 9
1245 35 92 1
1246 35 94 5
1247 35 96 3
1248 35 98 1
1249 35 100 1
1250 35 107 5
1251 35 113 4
1252 35 116 6
1253 35 122 9
1254 35 124 4
1255 35 127 8
1256 35 129 7
1257 35 130 5
1258 35 137 7
1259 35 140 9
1260 35 145 7
1261 35 150 10
1262 35 154 10
1263 35 157 9
1264 35 159 9
1265 35 160 2
1266 35 165 2
1267 35 167 10
1268 35 184 9
1269 35 185 3
1270 35 196 6
1271 36 38 2
1272 36 45 8
1273 36 51 2
1274 36 53 6
1275 36 54 8
1276 36 61 10
1277 36 63 8
1278 36 69 10
1279 36 74 6
1280 36 85 4
1281 36 89 3
1282 36 91 3
1283 36 101 4
1284 36 107 1
1285 36 115 2
1286 36 117 5
1287 36 121 6
1288 36 130 7
1289 36 133 9
1290 36 142 4
1291 36 144 6
1292 36 153 9
1293 36 154 4
1294 36 170 3
1295 36 180 7
1296 36 185 7
1297 36 186 2
1298 36 193 1
1299 36 195 7
1300 36 198 9
1301 37 51 4
1302 37 74 8
1303 37 77 3
1304 37 79 7
1305 37 82 5
1306 37 85 10
1307 37 87 10
1308 37 89 10
1309 37 105 9
1310 37 106 6
1311 37 118 6
1312 37 136 7
1313 37 143 7
1314 37 145 5
1315 37 146 8
1316 37 147 7
1317 37 148 9
1318 37 149 5
1319 37 157 6
1320 37 159 9
1321 37 162 7
1322 37 163 3
1323 37 169 3
1324 37 170 1
1325 37 171 2
1326 37 173 8
1327 37 174 3
1328 37 178 7
1329 37 198 2
1330 38 40 6
1331 38 41 2
1332 38 42 9
1333 38 49 7
1334 38 57 9
1335 38 59 8
1336 38 62 2
1337 38 65 8
1338 38 70 3
1339 38 75 10
1340 38 90 1
1341 38 102 5
1342 38 118 6
1343 38 124 7
1344 38 127 4
1345 38 132 6
1346 38 146 2
1347 38 147 6
1348 38 164 5
1349 38 173 2
1350 38 185 7
1351 38 186 1
1352 38 196 4
1353 38 197 6
1354 39 43 4
1355 39 44 4
1356 39 51 10
1357 39 59 5
1358 39 63 6
1359 39 67 4
1360 39 68 5
1361 39 76 6
1362 39 77 4
1363 39 79 3
1364 39 80 9
1365 39 82 1
1366 39 85 5
1367 39 92 5
1368 39 93 8
1369 39 95 4
1370 39 97 4
1371 39 100 10
1372 39 105 8
1373 39 107 10
1374 39 108 6
1375 39 110 6
1376 39 112 3
1377 39 113 5
1378 39 124 5
1379 39 128 8
1380 39 133 6
1381 39 135 10
1382 39 141 7
1383 39 154 1
1384 39 164 6
1385 39 177 2
1386 39 180 6
1387 40 44 2
1388 40 56 8
1389 40 64 4
1390 40 67 6
1391 40 87 4
1392 40 95 10
1393 40 102 3
1394 40 106 10
1395 40 124 9
1396 40 130 2
1397 40 137 10
1398 40 141 10
1399 40 149 6
1400 40 152 2
1401 40 154 10
1402 40 157 10
1403 40 160 3
1404 40 163 9
1405 40 164 3
1406 40 168 10
1407 40 180 4
1408 40 183 7
1409 40 184 2
1410 40 190 8
1411 40 194 6
1412 40 197 6
1413 40 199 6
1414 41 45 7
1415 41 48 8
1416 41 52 8
1417 41 60 7
1418 41 70 10
1419 41 71 6
1420 41 73 4
1421 41 75 5
1422 41 79 6
1423 41 82 7
1424 41 84 6
1425 41 87 8
1426 41 92 2
1427 41 108 1
1428 41 111 5
1429 41 112 1
1430 41 116 5
1431 41 119 10
1432 41 134 9
1433 41 157 10
1434 41 170 5
1435 41 180 3
1436 41 182 7
1437 41 185 10
1438 41 196 4
1439 41 199 9
1440 42 44 6
1441 42 45 1
1442 42 53 10
1443 42 55 8
1444 42 87 3
1445 42 90 2
1446 42 100 6
1447 42 104 2
1448 42 112 10
1449 42 113 1
1450 42 118 9
1451 42 123 9
1452 42 127 5
1453 42 131 7
1454 42 132 8
1455 42 133 10
1456 42 134 3
1457 42 138 6
1458 42 149 1
1459 42 155 3
1460 42 159 8
1461 42 161 5
1462 42 163 1
1463 42 166 9
1464 42 181 6
1465 42 187 1
1466 42 191 8
1467 42 192 8
1468 42 198 2
1469 43 46 4
1470 43 51 7
1471 43 63 4
1472 43 65 8
1473 43 70 8
1474 43 71 6
1475 43 75 5
1476 43 76 2
1477 43 82 1
1478 43 91 8
1479 43 93 9
1480 43 94 2
1481 43 97 4
1482 43 102 1
1483 43 108 10
1484 43 111 6
1485 43 116 1
1486 43 117 4
1487 43 123 8
1488 43 124 1
1489 43 130 4
1490 43 131 4
1491 43 145 9
1492 43 148 7
1493 43 151 2
1494 43 154 4
1495 43 157 3
1496 43 164 8
1497 43 166 8
1498 43 169 3
1499 43 178 9
1500 43 179 7
1501 43 188 9
1502 43 193 10
1503 43 195 4
1504 43 198 6
1505 44 50 5
1506 44 55 4
1507 44 56 7
1508 44 64 9
1509 44 69 1
1510 44 72 4
1511 44 79 1
1512 44 82 8
1513 44 84 7
1514 44 107 4
1515 44 110 9
1516 44 118 5
1517 44 119 7
1518 44 126 7
1519 44 129 7
1520 44 134 4
1521 44 136 3
1522 44 150 5
1523 44 154 7
1524 44 157 5
1525 44 158 10
1526 44 164 4
1527 44 168 5
1528 44 175 4
1529 44 183 5
1530 44 190 9
1531 44 197 6
1532 45 46 9
1533 45 47 1
1534 45 50 7
1535 45 65 10
1536 45 68 7
1537 45 72 7
1538 45 73 4
1539 45 76 5
1540 45 77 5
1541 45 80 10
1542 45 82 10
1543 45 89 9
1544 45 100 1
1545 45 110 9
1546 45 113 2
1547 45 119 7
1548 45 124 7
1549 45 128 1
1550 45 129 2
1551 45 134 9
1552 45 138 1
1553 45 139 10
1554 45 145 2
1555 45 150 9
1556 45 153 10
1557 45 159 1
1558 45 174 1
1559 45 177 8
1560 45 181 7
1561 45 189 9
1562 45 190 7
1563 45 193 5
1564 46 56 5
1565 46 59 9
1566 46 72 2
1567 46 73 8
1568 46 78 8
1569 46 86 5
1570 46 87 3
1571 46 89 9
1572 46 94 1
1573 46 99 10
1574 46 107 4
1575 46 111 10
1576 46 115 3
1577 46 116 10
1578 46 119 5
1579 46 122 8
1580 46 123 7
1581 46 124 3
1582 46 130 1
1583 46 134 2
1584 46 137 4
1585 46 139 3
1586 46 140 5
1587 46 145 1
1588 46 147 4
1589 46 148 2
1590 46 154 8
1591 46 156 3
1592 46 163 3
1593 46 166 1
1594 46 169 1
1595 46 170 6
1596 46 182 9
1597 46 183 9
1598 46 184 7
1599 46 188 9
1600 46 190 9
1601 46 192 10
1602 46 194 3
1603 47 56 4
1604 47 64 3
1605 47 69 9
1606 47 70 10
1607 47 72 1
1608 47 76 2
1609 47 80 9
1610 47 82 8
1611 47 85 7
1612 47 95 7
1613 47 103 6
1614 47 105 6
1615 47 109 1
1616 47 110 7
1617 47 112 1
1618 47 116 3
1619 47 118 2
1620 47 119 1
1621 47 121 7
1622 47 154 9
1623 47 157 8
1624 47 171 10
1625 47 172 2
1626 47 174 5
1627 47 186 6
1628 48 56 10
1629 48 57 10
1630 48 59 8
1631 48 76 6
1632 48 82 2
1633 48 84 8
1634 48 90 3
1635 48 91 4
1636 48 96 1
1637 48 98 2
1638 48 104 3
1639 48 105 6
1640 48 106 3
1641 48 107 6
1642 48 108 7
1643 48 113 5
1644 48 116 3
1645 48 117 10
1646 48 127 9
1647 48 128 7
1648 48 135 4
1649 48 137 2
1650 48 138 8
1651 48 142 7
1652 48 143 7
1653 48 145 7
1654 48 147 10
1655 48 149 2
1656 48 152 6
1657 48 153 1
1658 48 154 2
1659 48 156 9
1660 48 165 7
1661 48 167 9
1662 48 170 7
1663 48 173 6
1664 48 177 8
1665 48 180 6
1666 48 186 8
1667 48 189 1
1668 48 191 1
1669 48 192 7
1670 48 194 8
1671 49 50 9
1672 49 52 4
1673 49 56 9
1674 49 58 10
1675 49 59 10
1676 49 65 10
1677 49 70 7
1678 49 71 8
1679 49 87 4
1680 49 89 6
1681 49 90 7
1682 49 92 2
1683 49 101 10
1684 49 102 3
1685 49 105 5
1686 49 109 3
1687 49 113 1
1688 49 114 2
1689 49 120 10
1690 49 124 4
1691 49 126 4
1692 49 127 5
1693 49 138 2
1694 49 142 5
1695 49 150 9
1696 49 152 7
1697 49 154 5
1698 49 156 8
1699 49 158 5
1700 49 161 4
1701 49 164 5
1702 49 166 8
1703 49 177 3
1704 49 179 10
1705 49 182 3
1706 49 186 4
1707 49 190 4
1708 49 197 1
1709 50 53 7
1710 50 59 8
1711 50 61 1
1712 50 63 6
1713 50 69 8
1714 50 79 2
1715 50 84 9
1716 50 91 9
1717 50 96 8
1718 50 108 8
1719 50 114 8
1720 50 116 7
1721 50 127 4
1722 50 131 5
1723 50 138 4
1724 50 144 4
1725 50 147 7
1726 50 149 9
1727 50 155 8
1728 50 156 10
1729 50 161 7
1730 50 163 4
1731 50 166 5
1732 50 168 3
1733 50 173 1
1734 50 174 3
1735 50 178 2
1736 50 180 5
1737 50 185 10
1738 50 186 9
1739 50 189 10
1740 50 192 10
1741 50 196 9
1742 51 53 8
1743 51 59 9
1744 51 62 7
1745 51 64 6
1746 51 65 3
1747 51 71 1
1748 51 83 3
1749 51 89 8
1750 51 92 2
1751 51 96 6
1752 51 108 10
1753 51 112 5
1754 51 119 10
1755 51 120 3
1756 51 125 5
1757 51 128 8
1758 51 132 4
1759 51 133 10
1760 51 134 2
1761 51 147 2
1762 51 155 1
1763 51 162 6
1764 51 169 9
1765 51 171 3
1766 51 172 5
1767 51 176 1
1768 51 177 8
1769 51 186 9
1770 51 191 6
1771 51 193 10
1772 52 55 5
1773 52 57 6
1774 52 61 8
1775 52 67 9
1776 52 70 7
1777 52 73 6
1778 52 77 8
1779 52 80 1
1780 52 93 1
1781 52 100 4
1782 52 101 4
1783 52 102 10
1784 52 106 3
1785 52 112 7
1786 52 119 6
1787 52 123 3
1788 52 125 9
1789 52 129 9
1790 52 130 2
1791 52 134 10
1792 52 135 8
1793 52 136 4
1794 52 147 10
1795 52 152 10
1796 52 153 3
1797 52 154 4
1798 52 156 7
1799 52 163 6
1800 52 170 1
1801 52 180 2
1802 52 181 7
1803 52 182 9
1804 52 183 2
1805 52 187 7
1806 52 189 10
1807 52 191 6
1808 52 197 3
1809 52 198 8
1810 53 59 8
1811 53 60 1
1812 53 65 1
1813 53 66 9
1814 53 77 8
1815 53 82 7
1816 53 89 7
1817 53 95 9
1818 53 120 2
1819 53 125 3
1820 53 127 4
1821 53 132 5
1822 53 141 10
1823 53 143 8
1824 53 155 4
1825 53 156 2
1826 53 162 2
1827 53 171 8
1828 53 178 8
1829 53 179 8
1830 53 185 8
1831 53 187 4
1832 53 188 1
1833 53 197 7
1834 53 198 2
1835 54 55 3
1836 54 57 6
1837 54 60 9
1838 54 65 7
1839 54 84 7
1840 54 90 7
1841 54 92 6
1842 54 94 7
1843 54 96 8
1844 54 106 8
1845 54 108 9
1846 54 109 1
1847 54 110 5
1848 54 114 4
1849 54 120 1
1850 54 123 8
1851 54 124 3
1852 54 127 6
1853 54 138 9
1854 54 145 2
1855 54 160 3
1856 54 168 9
1857 54 175 5
1858 54 177 1
1859 54 179 10
1860 54 182 2
1861 54 190 2
1862 54 194 4
1863 54 198 10
1864 55 68 7
1865 55 72 3
1866 55 79 1
1867 55 87 7
1868 55 89 6
1869 55 92 8
1870 55 93 3
1871 55 105 5
1872 55 106 9
1873 55 109 4
1874 55 113 1
1875 55 114 5
1876 55 115 1
1877 55 117 3
1878 55 121 7
1879 55 124 3
1880 55 126 4
1881 55 128 6
1882 55 135 3
1883 55 141 7
1884 55 147 4
1885 55 154 3
1886 55 156 2
1887 55 159 2
1888 55 160 10
1889 55 167 1
1890 55 170 10
1891 55 171 10
1892 55 173 9
1893 55 192 10
1894 55 195 3
1895 55 197 4
1896 56 60 1
1897 56 61 7
1898 56 63 10
1899 56 69 7
1900 56 74 5
1901 56 76 1
1902 56 90 7
1903 56 102 4
1904 56 103 4
1905 56 118 10
1906 56 119 2
1907 56 121 1
1908 56 130 4
1909 56 134 9
1910 56 139 6
1911 56 141 7
1912 56 143 1
1913 56 150 7
1914 56 153 3
1915 56 166 1
1916 56 170 4
1917 56 171 1
1918 56 172 4
1919 56 174 6
1920 56 177 5
1921 56 182 7
1922 56 195 3
1923 56 196 1
1924 57 76 10
1925 57 77 10
1926 57 78 9
1927 57 79 10
1928 57 82 7
1929 57 98 8
1930 57 110 8
1931 57 113 5
1932 57 117 6
1933 57 130 6
1934 57 134 4
1935 57 138 10
1936 57 139 7
1937 57 141 4
1938 57 143 8
1939 57 145 1
1940 57 147 4
1941 57 149 8
1942 57 154 4
1943 57 161 8
1944 57 163 4
1945 57 168 8
1946 57 169 5
1947 57 172 2
1948 57 173 2
1949 57 177 10
1950 57 180 8
1951 57 183 4
1952 57 185 1
1953 57 186 6
1954 57 195 9
1955 58 68 6
1956 58 71 7
1957 58 75 5
1958 58 78 2
1959 58 81 6
1960 58 84 1
1961 58 85 5
1962 58 94 8
1963 58 101 7
1964 58 113 5
1965 58 117 5
1966 58 122 6
1967 58 129 2
1968 58 135 7
1969 58 143 6
1970 58 147 2
1971 58 148 2
1972 58 151 7
1973 58 152 2
1974 58 154 8
1975 58 158 10
1976 58 159 6
1977 58 164 9
1978 58 168 9
1979 58 174 10
1980 58 180 5
1981 58 183 10
1982 58 186 9
1983 58 193 10
1984 59 62 9
1985 59 64 8
1986 59 66 1
1987 59 69 7
1988 59 74 1
1989 59 76 6
1990 59 79 9
1991 59 86 3
1992 59 87 1
1993 59 90 5
1994 59 101 3
1995 59 106 6
1996 59 116 7
1997 59 126 6
1998 59 129 3
1999 59 134 5
2000 59 136 10
2001 59 139 3
2002 59 144 7
2003 59 147 3
2004 59 148 5
2005 59 152 10
2006 59 155 8
2007 59 172 9
2008 59 175 9
2009 59 178 5
2010 59 182 4
2011 59 185 10
2012 59 188 2
2013 59 190 6
2014 59 192 5
2015 59 199 8
2016 60 79 10
2017 60 88 10
2018 60 92 6
2019 60 100 7
2020 60 102 10
2021 60 108 2
2022 60 110 6
2023 60 111 10
2024 60 127 2
2025 60 134 4
2026 60 136 2
2027 60 146 7
2028 60 150 1
2029 60 156 4
2030 60 167 5
2031 60 172 3
2032 60 198 8
2033 61 63 3
2034 61 67 10
2035 61 68 8
2036 61 73 4
2037 61 74 5
2038 61 83 6
2039 61 88 10
2040 61 89 3
2041 61 92 8
2042 61 95 7
2043 61 98 4
2044 61 106 9
2045 61 120 8
2046 61 122 4
2047 61 123 9
2048 61 126 2
2049 61 132 7
2050 61 136 1
2051 61 138 6
2052 61 154 9
2053 61 158 1
2054 61 166 1
2055 61 173 2
2056 61 177 4
2057 61 180 4
2058 61 182 9
2059 61 184 1
2060 61 193 2
2061 61 196 4
2062 62 64 5
2063 62 71 8
2064 62 81 9
2065 62 85 10
2066 62 90 5
2067 62 91 8
2068 62 95 1
2069 62 98 2
2070 62 100 6
2071 62 106 9
2072 62 109 4
2073 62 115 1
2074 62 121 9
2075 62 125 7
2076 62 131 5
2077 62 134 10
2078 62 146 7
2079 62 147 9
2080 62 150 5
2081 62 151 1
2082 62 152 4
2083 62 154 3
2084 62 157 10
2085 62 159 2
2086 62 160 4
2087 62 164 8
2088 62 169 4
2089 62 174 3
2090 62 177 5
2091 62 184 1
2092 63 68 6
2093 63 70 9
2094 63 75 3
2095 63 78 10
2096 63 86 6
2097 63 88 2
2098 63 90 3
2099 63 95 5
2100 63 101 2
2101 63 103 6
2102 63 105 7
2103 63 108 6
2104 63 111 9
2105 63 112 3
2106 63 119 6
2107 63 120 4
2108 63 126 3
2109 63 127 8
2110 63 133 6
2111 63 143 6
2112 63 154 2
2113 63 156 7
2114 63 159 4
2115 63 161 7
2116 63 178 9
2117 63 190 8
2118 63 193 1
2119 63 194 5
2120 64 69 6
2121 64 72 3
2122 64 73 9
2123 64 76 1
2124 64 85 6
2125 64 88 4
2126 64 90 9
2127 64 96 5
2128 64 98 8
2129 64 99 3
2130 64 100 5
2131 64 109 8
2132 64 120 7
2133 64 125 10
2134 64 130 5
2135 64 136 3
2136 64 138 8
2137 64 141 9
2138 64 145 10
2139 64 153 2
2140 64 154 2
2141 64 158 8
2142 64 171 10
2143 64 175 8
2144 64 185 1
2145 64 186 2
2146 64 187 7
2147 64 190 6
2148 64 192 10
2149 65 66 5
2150 65 67 8
2151 65 73 7
2152 65 87 8
2153 65 88 1
2154 65 90 6
2155 65 96 4
2156 65 101 7
2157 65 107 6
2158 65 118 8
2159 65 121 6
2160 65 127 5
2161 65 141 4
2162 65 142 5
2163 65 151 6
2164 65 153 10
2165 65 159 6
2166 65 160 1
2167 65 161 3
2168 65 163 2
2169 65 167 5
2170 65 168 5
2171 65 169 2
2172 65 176 6
2173 65 177 9
2174 65 178 6
2175 65 185 3
2176 65 186 7
2177 65 195 6
2178 66 70 5
2179 66 73 6
2180 66 75 6
2181 66 86 5
2182 66 98 3
2183 66 120 10
2184 66 123 1
2185 66 127 2
2186 66 130 2
2187 66 132 4
2188 66 136 6
2189 66 140 7
2190 66 147 3
2191 66 150 1
2192 66 155 1
2193 66 161 6
2194 66 168 8
2195 66 177 8
2196 66 181 2
2197 66 183 6
2198 66 192 1
2199 67 76 7
2200 67 78 9
2201 67 80 7
2202 67 81 5
2203 67 114 10
2204 67 123 3
2205 67 137 7
2206 67 138 7
2207 67 142 9
2208 67 144 6
2209 67 145 4
2210 67 161 1
2211 67 167 3
2212 67 168 3
2213 67 169 1
2214 67 171 6
2215 67 181 2
2216 67 184 5
2217 67 186 6
2218 67 188 5
2219 67 189 2
2220 67 191 6
2221 67 195 1
2222 68 71 5
2223 68 74 2
2224 68 86 5
2225 68 89 8
2226 68 107 9
2227 68 109 7
2228 68 111 5
2229 68 121 10
2230 68 126 1
2231 68 129 4
2232 68 130 9
2233 68 134 6
2234 68 136 2
2235 68 156 4
2236 68 162 2
2237 68 165 9
2238 68 166 6
2239 68 173 2
2240 68 174 3
2241 68 183 5
2242 68 186 9
2243 68 194 6
2244 68 196 6
2245 68 197 5
2246 68 199 10
2247 69 72 4
2248 69 81 8
2249 69 85 9
2250 69 86 8
2251 69 97 10
2252 69 100 3
2253 69 106 4
2254 69 107 4
2255 69 117 8
2256 69 120 9
2257 69 126 2
2258 69 134 7
2259 69 139 8
2260 69 153 2
2261 69 162 3
2262 69 165 6
2263 69 166 2
2264 69 172 1
2265 69 176 9
2266 69 178 6
2267 69 183 7
2268 69 191 10
2269 69 192 2
2270 70 75 5
2271 70 78 5
2272 70 81 2
2273 70 83 3
2274 70 90 6
2275 70 91 4
2276 70 97 2
2277 70 103 4
2278 70 109 10
2279 70 111 4
2280 70 115 8
2281 70 132 2
2282 70 134 4
2283 70 136 7
2284 70 138 8
2285 70 148 5
2286 70 155 1
2287 70 167 4
2288 70 169 3
2289 70 171 1
2290 70 172 5
2291 70 178 9
2292 70 190 6
2293 70 191 8
2294 70 194 4
2295 70 196 4
2296 70 199 9
2297 71 80 4
2298 71 88 5
2299 71 102 2
2300 71 103 6
2301 71 105 6
2302 71 106 6
2303 71 107 9
2304 71 108 8
2305 71 117 1
2306 71 119 5
2307 71 121 6
2308 71 125 1
2309 71 126 2
2310 71 131 10
2311 71 134 7
2312 71 137 1
2313 71 148 9
2314 71 152 10
2315 71 160 10
2316 71 172 7
2317 71 173 9
2318 71 178 1
2319 71 181 9
2320 71 182 1
2321 71 183 9
2322 71 189 1
2323 71 192 1
2324 71 196 9
2325 71 199 8
2326 72 73 9
2327 72 80 7
2328 72 81 4
2329 72 85 10
2330 72 95 4
2331 72 98 9
2332 72 101 5
2333 72 105 1
2334 72 112 5
2335 72 114 1
2336 72 124 8
2337 72 125 8
2338 72 127 9
2339 72 135 6
2340 72 154 2
2341 72 164 6
2342 72 180 9
2343 72 190 5
2344 72 197 1
2345 73 74 10
2346 73 75 1
2347 73 85 3
2348 73 92 4
2349 73 100 6
2350 73 103 10
2351 73 104 3
2352 73 105 3
2353 73 115 10
2354 73 122 5
2355 73 126 6
2356 73 127 8
2357 73 129 6
2358 73 130 7
2359 73 140 5
2360 73 143 10
2361 73 152 6
2362 73 154 3
2363 73 156 1
2364 73 158 7
2365 73 163 1
2366 73 166 4
2367 73 167 6
2368 73 170 1
2369 73 180 6
2370 73 191 5
2371 73 194 7
2372 73 196 7
2373 73 199 8
2374 74 77 8
2375 74 95 4
2376 74 101 9
2377 74 103 2
2378 74 114 4
2379 74 115 3
2380 74 119 10
2381 74 126 4
2382 74 131 9
2383 74 132 8
2384 74 133 10
2385 74 137 8
2386 74 138 8
2387 74 163 7
2388 74 173 8
2389 74 174 10
2390 74 179 4
2391 74 182 4
2392 74 190 7
2393 74 197 4
2394 75 79 8
2395 75 88 3
2396 75 89 4
2397 75 91 8
2398 75 92 4
2399 75 113 10
2400 75 114 4
2401 75 115 6
2402 75 125 1
2403 75 129 2
2404 75 131 5
2405 75 134 10
2406 75 136 8
2407 75 137 5
2408 75 138 8
2409 75 144 4
2410 75 151 2
2411 75 166 2
2412 75 180 5
2413 75 182 7
2414 75 193 4
2415 76 89 3
2416 76 101 2
2417 76 107 1
2418 76 114 3
2419 76 125 1
2420 76 127 7
2421 76 129 1
2422 76 130 10
2423 76 131 5
2424 76 133 2
2425 76 141 5
2426 76 143 2
2427 76 144 3
2428 76 145 10
2429 76 153 10
2430 76 154 3
2431 76 155 5
2432 76 156 10
2433 76 165 2
2434 76 175 1
2435 77 79 3
2436 77 84 9
2437 77 85 9
2438 77 90 8
2439 77 94 3
2440 77 96 4
2441 77 97 3
2442 77 98 8
2443 77 99 6
2444 77 101 8
2445 77 104 7
2446 77 105 8
2447 77 111 7
2448 77 116 10
2449 77 120 8
2450 77 123 10
2451 77 127 5
2452 77 128 9
2453 77 135 4
2454 77 136 9
2455 77 137 2
2456 77 139 5
2457 77 151 10
2458 77 155 3
2459 77 171 7
2460 77 175 3
2461 77 179 10
2462 77 180 9
2463 77 181 2
2464 77 188 1
2465 77 196 9
2466 77 199 4
2467 78 82 10
2468 78 87 4
2469 78 88 7
2470 78 100 1
2471 78 104 2
2472 78 106 4
2473 78 109 10
2474 78 118 10
2475 78 126 1
2476 78 131 1
2477 78 132 9
2478 78 152 10
2479 78 160 6
2480 78 163 8
2481 78 181 3
2482 78 186 5
2483 78 190 5
2484 78 192 3
2485 78 193 1
2486 78 195 5
2487 79 82 7
2488 79 88 5
2489 79 93 5
2490 79 95 4
2491 79 103 5
2492 79 104 10
2493 79 109 10
2494 79 110 7
2495 79 115 3
2496 79 119 9
2497 79 130 5
2498 79 132 6
2499 79 136 9
2500 79 138 9
2501 79 152 1
2502 79 153 6
2503 79 155 4
2504 79 156 9
2505 79 158 8
2506 79 159 6
2507 79 162 9
2508 79 165 1
2509 79 166 8
2510 79 168 8
2511 79 169 4
2512 79 175 9
2513 80 84 3
2514 80 95 4
2515 80 103 4
2516 80 105 9
2517 80 107 4
2518 80 112 9
2519 80 116 2
2520 80 118 9
2521 80 120 2
2522 80 123 8
2523 80 124 6
2524 80 125 1
2525 80 131 10
2526 80 134 7
2527 80 140 3
2528 80 141 3
2529 80 142 5
2530 80 152 4
2531 80 154 9
2532 80 155 9
2533 80 170 6
2534 80 174 2
2535 80 180 10
2536 80 187 2
2537 80 190 1
2538 80 193 9
2539 81 85 9
2540 81 95 4
2541 81 96 3
2542 81 116 4
2543 81 117 3
2544 81 122 8
2545 81 126 1
2546 81 140 9
2547 81 142 2
2548 81 145 1
2549 81 147 1
2550 81 153 4
2551 81 156 4
2552 81 164 9
2553 81 165 7
2554 81 167 7
2555 81 182 9
2556 81 183 6
2557 81 186 7
2558 81 192 4
2559 82 85 7
2560 82 86 1
2561 82 90 1
2562 82 94 9
2563 82 97 7
2564 82 98 3
2565 82 107 5
2566 82 121 9
2567 82 123 10
2568 82 125 9
2569 82 136 2
2570 82 139 4
2571 82 140 10
2572 82 142 10
2573 82 152 3
2574 82 156 7
2575 82 160 3
2576 82 164 5
2577 82 166 8
2578 82 170 5
2579 82 174 2
2580 82 182 7
2581 82 184 2
2582 82 185 7
2583 82 186 1
2584 82 192 9
2585 82 198 2
2586 83 84 5
2587 83 86 2
2588 83 91 1
2589 83 97 10
2590 83 107 5
2591 83 129 3
2592 83 130 3
2593 83 132 2
2594 83 135 3
2595 83 147 5
2596 83 148 4
2597 83 149 4
2598 83 150 8
2599 83 154 2
2600 83 163 3
2601 83 166 1
2602 83 168 4
2603 83 170 8
2604 83 171 2
2605 83 177 1
2606 83 178 8
2607 83 191 4
2608 83 196 9
2609 84 102 3
2610 84 108 3
2611 84 114 5
2612 84 120 2
2613 84 122 1
2614 84 126 1
2615 84 130 2
2616 84 132 1
2617 84 138 3
2618 84 149 2
2619 84 163 9
2620 84 168 4
2621 84 173 3
2622 84 174 5
2623 84 180 1
2624 84 183 7
2625 84 186 8
2626 84 188 4
2627 84 193 4
2628 84 195 5
2629 84 198 3
2630 85 102 4
2631 85 104 3
2632 85 106 3
2633 85 112 10
2634 85 115 3
2635 85 116 9
2636 85 126 10
2637 85 127 6
2638 85 133 2
2639 85 137 3
2640 85 138 6
2641 85 139 4
2642 85 140 9
2643 85 145 7
2644 85 151 5
2645 85 162 2
2646 85 170 6
2647 85 174 1
2648 85 180 1
2649 85 182 8
2650 85 186 5
2651 85 188 2
2652 85 189 2
2653 85 191 6
2654 85 196 9
2655 86 94 4
2656 86 98 7
2657 86 107 8
2658 86 108 6
2659 86 116 5
2660 86 120 6
2661 86 121 10
2662 86 130 2
2663 86 135 9
2664 86 139 3
2665 86 141 3
2666 86 143 9
2667 86 146 2
2668 86 149 1
2669 86 159 7
2670 86 163 8
2671 86 178 9
2672 86 179 1
2673 86 180 8
2674 86 181 10
2675 86 189 5
2676 86 193 9
2677 86 196 3
2678 87 90 6
2679 87 104 1
2680 87 107 6
2681 87 111 4
2682 87 124 7
2683 87 128 8
2684 87 133 6
2685 87 137 4
2686 87 139 9
2687 87 148 2
2688 87 153 9
2689 87 155 7
2690 87 156 2
2691 87 160 5
2692 87 161 6
2693 87 168 1
2694 87 176 4
2695 87 181 7
2696 87 188 4
2697 87 195 2
2698 87 197 8
2699 87 199 1
2700 88 90 10
2701 88 92 6
2702 88 93 4
2703 88 99 2
2704 88 100 6
2705 88 125 7
2706 88 131 8
2707 88 145 2
2708 88 152 9
2709 88 157 10
2710 88 163 7
2711 88 173 1
2712 88 175 1
2713 88 177 5
2714 88 178 2
2715 88 182 1
2716 88 188 7
2717 88 193 7
2718 88 195 2
2719 88 199 6
2720 89 90 3
2721 89 97 7
2722 89 98 3
2723 89 99 6
2724 89 107 3
2725 89 112 2
2726 89 113 9
2727 89 121 2
2728 89 130 4
2729 89 132 5
2730 89 133 8
2731 89 138 2
2732 89 146 3
2733 89 167 3
2734 89 174 10
2735 89 180 10
2736 89 191 10
2737 89 193 2
2738 89 198 5
2739 89 199 8
2740 90 92 6
2741 90 107 7
2742 90 110 1
2743 90 111 6
2744 90 126 9
2745 90 133 10
2746 90 144 9
2747 90 146 2
2748 90 149 8
2749 90 150 8
2750 90 151 4
2751 90 155 1
2752 90 156 5
2753 90 158 10
2754 90 167 5
2755 90 172 2
2756 90 176 3
2757 90 181 1
2758 90 187 9
2759 90 189 3
2760 90 190 8
2761 90 194 3
2762 91 98 1
2763 91 104 9
2764 91 106 2
2765 91 112 5
2766 91 117 5
2767 91 122 10
2768 91 124 3
2769 91 138 1
2770 91 139 2
2771 91 142 6
2772 91 150 8
2773 91 160 4
2774 91 166 8
2775 91 177 6
2776 91 178 5
2777 91 182 3
2778 91 186 1
2779 91 188 2
2780 91 191 2
2781 91 192 5
2782 91 198 6
2783 92 93 10
2784 92 95 8
2785 92 99 3
2786 92 111 6
2787 92 114 2
2788 92 126 2
2789 92 133 2
2790 92 134 9
2791 92 138 7
2792 92 146 8
2793 92 151 10
2794 92 153 1
2795 92 157 10
2796 92 168 8
2797 92 174 2
2798 92 177 6
2799 92 179 5
2800 92 189 4
2801 92 192 5
2802 92 198 8
2803 92 199 6
2804 93 100 7
2805 93 103 10
2806 93 104 2
2807 93 107 5
2808 93 108 5
2809 93 109 6
2810 93 122 3
2811 93 130 9
2812 93 132 1
2813 93 138 7
2814 93 144 4
2815 93 148 1
2816 93 167 9
2817 93 169 6
2818 93 170 10
2819 93 171 4
2820 93 178 2
2821 93 186 7
2822 93 190 1
2823 93 192 3
2824 93 195 8
2825 93 196 8
2826 94 99 1
2827 94 104 1
2828 94 119 10
2829 94 125 5
2830 94 126 7
2831 94 129 4
2832 94 131 5
2833 94 133 8
2834 94 138 6
2835 94 148 4
2836 94 149 9
2837 94 152 4
2838 94 157 2
2839 94 159 2
2840 94 160 5
2841 94 168 5
2842 94 171 5
2843 94 175 5
2844 94 179 6
2845 94 191 7
2846 94 195 4
2847 94 196 8
2848 94 197 2
2849 95 102 5
2850 95 105 3
2851 95 108 8
2852 95 115 6
2853 95 123 4
2854 95 127 6
2855 95 133 8
2856 95 136 2
2857 95 142 6
2858 95 143 2
2859 95 146 1
2860 95 149 2
2861 95 151 5
2862 95 155 5
2863 95 171 7
2864 95 172 7
2865 95 173 2
2866 95 175 10
2867 95 193 1
2868 95 194 5
2869 95 197 1
2870 96 99 8
2871 96 104 9
2872 96 107 10
2873 96 109 7
2874 96 121 10
2875 96 128 6
2876 96 130 6
2877 96 133 8
2878 96 143 8
2879 96 145 9
2880 96 147 9
2881 96 149 1
2882 96 151 5
2883 96 155 2
2884 96 156 8
2885 96 159 7
2886 96 166 3
2887 96 169 1
2888 96 170 4
2889 96 183 8
2890 96 184 4
2891 96 185 6
2892 96 186 2
2893 96 187 8
2894 96 195 9
2895 96 198 2
2896 97 98 3
2897 97 102 8
2898 97 103 3
2899 97 104 9
2900 97 105 6
2901 97 114 3
2902 97 116 6
2903 97 118 6
2904 97 123 8
2905 97 133 1
2906 97 136 2
2907 97 140 1
2908 97 154 6
2909 97 156 1
2910 97 159 5
2911 97 162 4
2912 97 163 3
2913 97 164 8
2914 97 166 5
2915 97 181 7
2916 97 192 4
2917 98 99 3
2918 98 102 2
2919 98 109 7
2920 98 114 3
2921 98 118 1
2922 98 125 5
2923 98 129 8
2924 98 133 1
2925 98 135 9
2926 98 139 3
2927 98 142 6
2928 98 143 5
2929 98 145 4
2930 98 153 7
2931 98 159 10
2932 98 164 2
2933 98 173 1
2934 98 175 6
2935 98 178 10
2936 98 184 2
2937 98 194 7
2938 98 196 2
2939 98 198 5
2940 99 109 6
2941 99 117 6
2942 99 121 6
2943 99 125 6
2944 99 136 6
2945 99 137 5
2946 99 138 6
2947 99 146 3
2948 99 149 8
2949 99 154 9
2950 99 160 4
2951 99 163 3
2952 99 165 6
2953 99 171 5
2954 99 172 8
2955 99 174 6
2956 99 177 4
2957 99 178 3
2958 99 184 3
2959 99 187 6
2960 99 192 8
2961 99 199 7
2962 100 103 3
2963 100 111 6
2964 100 118 1
2965 100 119 4
2966 100 122 9
2967 100 127 10
2968 100 130 2
2969 100 135 5
2970 100 141 9
2971 100 147 10
2972 100 149 6
2973 100 150 2
2974 100 161 3
2975 100 165 9
2976 100 169 9
2977 100 172 9
2978 100 174 2
2979 100 176 4
2980 100 186 3
2981 100 190 6
2982 100 192 1
2983 100 195 5
2984 100 196 6
2985 100 197 8
2986 101 102 5
2987 101 104 1
2988 101 109 3
2989 101 113 10
2990 101 114 3
2991 101 120 4
2992 101 123 3
2993 101 125 10
2994 101 127 10
2995 101 141 2
2996 101 159 8
2997 101 164 7
2998 101 169 1
2999 101 170 2
3000 101 173 9
3001 101 178 3
3002 101 179 2
3003 101 189 6
3004 101 193 4
3005 101 199 3
3006 102 103 2
3007 102 114 8
3008 102 115 7
3009 102 116 2
3010 102 124 10
3011 102 126 6
3012 102 127 9
3013 102 128 5
3014 102 129 6
3015 102 132 4
3016 102 135 7
3017 102 136 8
3018 102 138 2
3019 102 139 3
3020 102 140 6
3021 102 141 4
3022 102 142 8
3023 102 155 9
3024 102 156 8
3025 102 158 10
3026 102 167 8
3027 102 174 10
3028 102 177 5
3029 102 188 7
3030 102 192 3
3031 102 193 6
3032 103 104 4
3033 103 105 8
3034 103 116 9
3035 103 121 9
3036 103 135 7
3037 103 162 6
3038 103 182 4
3039 103 184 1
3040 103 189 3
3041 103 190 2
3042 103 191 5
3043 104 108 4
3044 104 113 6
3045 104 123 1
3046 104 124 8
3047 104 130 10
3048 104 131 7
3049 104 133 5
3050 104 135 4
3051 104 136 3
3052 104 144 9
3053 104 151 5
3054 104 152 5
3055 104 155 1
3056 104 156 5
3057 104 165 9
3058 104 179 5
3059 104 180 4
3060 104 185 10
3061 104 195 5
3062 105 113 4
3063 105 115 2
3064 105 120 8
3065 105 121 1
3066 105 122 6
3067 105 123 5
3068 105 129 2
3069 105 133 3
3070 105 140 6
3071 105 144 10
3072 105 148 5
3073 105 155 5
3074 105 157 4
3075 105 161 4
3076 105 171 5
3077 105 176 5
3078 105 180 4
3079 105 185 3
3080 105 187 9
3081 105 192 7
3082 106 110 1
3083 106 113 4
3084 106 114 8
3085 106 115 2
3086 106 146 1
3087 106 152 10
3088 106 158 8
3089 106 165 3
3090 106 184 9
3091 106 189 4
3092 106 190 6
3093 106 193 3
3094 107 111 2
3095 107 115 7
3096 107 120 7
3097 107 123 2
3098 107 126 2
3099 107 128 9
3100 107 129 7
3101 107 139 10
3102 107 140 1
3103 107 143 1
3104 107 144 5
3105 107 155 9
3106 107 156 4
3107 107 168 7
3108 107 178 4
3109 107 179 6
3110 107 180 1
3111 107 183 1
3112 107 185 9
3113 107 195 7
3114 108 109 6
3115 108 116 9
3116 108 117 2
3117 108 119 2
3118 108 121 9
3119 108 122 8
3120 108 125 3
3121 108 127 10
3122 108 133 4
3123 108 141 5
3124 108 147 7
3125 108 157 9
3126 108 158 6
3127 108 165 10
3128 108 166 8
3129 108 168 6
3130 108 169 10
3131 108 170 6
3132 108 176 8
3133 108 182 7
3134 108 184 2
3135 108 190 8
3136 108 191 3
3137 108 195 1
3138 108 198 3
3139 108 199 2
3140 109 113 2
3141 109 121 4
3142 109 124 3
3143 109 126 8
3144 109 132 1
3145 109 134 4
3146 109 151 8
3147 109 154 4
3148 109 167 3
3149 109 171 4
3150 109 189 8
3151 109 190 4
3152 109 193 5
3153 109 195 2
3154 109 196 3
3155 110 112 7
3156 110 113 6
3157 110 114 8
3158 110 115 5
3159 110 122 8
3160 110 125 8
3161 110 127 4
3162 110 129 4
3163 110 136 1
3164 110 138 8
3165 110 150 5
3166 110 158 7
3167 110 162 6
3168 110 176 5
3169 110 180 8
3170 110 181 8
3171 110 183 4
3172 110 186 4
3173 111 112 1
3174 111 116 1
3175 111 124 4
3176 111 127 10
3177 111 128 5
3178 111 134 7
3179 111 137 2
3180 111 143 6
3181 111 148 8
3182 111 151 6
3183 111 152 7
3184 111 155 1
3185 111 157 9
3186 111 159 1
3187 111 169 8
3188 111 180 10
3189 111 191 3
3190 111 193 1
3191 111 196 6
3192 111 198 2
3193 112 113 2
3194 112 123 4
3195 112 126 6
3196 112 132 3
3197 112 135 10
3198 112 140 10
3199 112 141 9
3200 112 147 2
3201 112 148 4
3202 112 165 4
3203 112 169 8
3204 112 181 10
3205 112 185 5
3206 112 193 9
3207 112 198 4
3208 113 116 8
3209 113 119 4
3210 113 121 6
3211 113 127 4
3212 113 132 9
3213 113 140 4
3214 113 141 10
3215 113 149 2
3216 113 151 9
3217 113 156 6
3218 113 157 1
3219 113 161 10
3220 113 164 4
3221 113 178 2
3222 113 184 2
3223 113 194 6
3224 114 116 9
3225 114 118 8
3226 114 125 9
3227 114 128 2
3228 114 132 6
3229 114 133 5
3230 114 134 10
3231 114 135 3
3232 114 138 9
3233 114 149 3
3234 114 172 10
3235 114 178 6
3236 114 188 4
3237 114 198 10
3238 115 116 3
3239 115 124 2
3240 115 127 6
3241 115 129 7
3242 115 137 5
3243 115 138 8
3244 115 139 5
3245 115 143 2
3246 115 144 1
3247 115 145 9
3248 115 148 7
3249 115 151 4
3250 115 158 4
3251 115 159 9
3252 115 161 7
3253 115 163 10
3254 115 164 3
3255 115 165 9
3256 115 166 4
3257 115 176 6
3258 115 183 2
3259 115 195 5
3260 116 118 2
3261 116 119 9
3262 116 121 7
3263 116 127 9
3264 116 128 5
3265 116 139 5
3266 116 140 4
3267 116 141 2
3268 116 147 7
3269 116 150 3
3270 116 152 4
3271 116 155 1
3272 116 156 2
3273 116 157 1
3274 116 159 9
3275 116 170 9
3276 116 173 1
3277 116 174 1
3278 116 181 7
3279 116 189 4
3280 116 190 10
3281 116 196 9
3282 116 198 4
3283 117 121 6
3284 117 134 2
3285 117 142 5
3286 117 154 4
3287 117 156 4
3288 117 158 1
3289 117 163 8
3290 117 174 10
3291 117 176 4
3292 117 188 4
3293 117 192 7
3294 117 194 9
3295 118 122 7
3296 118 125 2
3297 118 128 5
3298 118 130 1
3299 118 132 3
3300 118 149 10
3301 118 155 7
3302 118 169 8
3303 118 171 8
3304 118 172 4
3305 118 174 9
3306 118 176 5
3307 118 188 9
3308 118 192 10
3309 118 193 9
3310 118 194 5
3311 119 121 10
3312 119 128 7
3313 119 133 7
3314 119 137 6
3315 119 160 1
3316 119 163 8
3317 119 166 10
3318 119 173 7
3319 119 176 10
3320 119 178 8
3321 119 183 5
3322 119 190 7
3323 119 191 4
3324 119 193 2
3325 119 199 7
3326 120 122 8
3327 120 140 4
3328 120 143 3
3329 120 144 3
3330 120 147 2
3331 120 156 1
3332 120 161 2
3333 120 163 6
3334 120 169 4
3335 120 171 3
3336 120 178 3
3337 120 181 3
3338 120 182 6
3339 120 187 4
3340 120 188 10
3341 120 199 5
3342 121 122 1
3343 121 126 2
3344 121 128 1
3345 121 140 10
3346 121 141 3
3347 121 147 10
3348 121 149 4
3349 121 152 9
3350 121 153 2
3351 121 155 10
3352 121 157 8
3353 121 162 2
3354 121 164 5
3355 121 171 9
3356 121 179 5
3357 121 187 5
3358 121 188 6
3359 121 189 6
3360 121 199 6
3361 122 132 5
3362 122 144 2
3363 122 153 3
3364 122 160 1
3365 122 162 6
3366 122 166 3
3367 122 172 1
3368 122 173 4
3369 122 174 4
3370 122 177 4
3371 123 139 2
3372 123 148 1
3373 123 156 1
3374 123 157 6
3375 123 171 1
3376 123 172 9
3377 123 177 1
3378 123 180 9
3379 123 181 4
3380 123 184 10
3381 123 192 1
3382 123 193 6
3383 123 195 5
3384 124 126 1
3385 124 128 10
3386 124 143 7
3387 124 144 2
3388 124 152 9
3389 124 155 5
3390 124 159 7
3391 124 160 1
3392 124 163 8
3393 124 168 7
3394 124 185 8
3395 124 188 1
3396 124 190 6
3397 124 196 8
3398 125 135 10
3399 125 140 1
3400 125 149 9
3401 125 156 6
3402 125 166 10
3403 125 169 3
3404 125 170 3
3405 125 179 2
3406 125 186 2
3407 125 190 7
3408 125 194 2
3409 126 127 5
3410 126 129 1
3411 126 148 6
3412 126 151 6
3413 126 155 7
3414 126 157 9
3415 126 158 8
3416 126 162 9
3417 126 165 4
3418 126 169 5
3419 126 170 8
3420 126 171 2
3421 126 188 3
3422 126 195 4
3423 126 197 2
3424 127 129 8
3425 127 133 10
3426 127 135 6
3427 127 136 5
3428 127 140 4
3429 127 142 10
3430 127 143 3
3431 127 162 10
3432 127 165 1
3433 127 167 10
3434 127 171 6
3435 127 172 7
3436 127 179 5
3437 127 196 8
3438 127 197 8
3439 128 138 10
3440 128 145 2
3441 128 149 8
3442 128 150 6
3443 128 153 4
3444 128 161 8
3445 128 169 8
3446 128 174 10
3447 128 179 8
3448 128 183 9
3449 128 187 7
3450 128 194 9
3451 128 195 8
3452 128 198 9
3453 129 135 8
3454 129 138 5
3455 129 139 6
3456 129 140 6
3457 129 142 7
3458 129 147 4
3459 129 154 3
3460 129 157 4
3461 129 159 10
3462 129 162 6
3463 129 165 10
3464 129 171 1
3465 129 184 3
3466 129 190 5
3467 129 195 2
3468 130 134 9
3469 130 136 4
3470 130 142 3
3471 130 146 4
3472 130 149 6
3473 130 159 8
3474 130 167 2
3475 130 170 5
3476 130 177 7
3477 130 187 9
3478 130 193 1
3479 130 194 2
3480 131 136 7
3481 131 144 5
3482 131 145 8
3483 131 148 2
3484 131 154 10
3485 131 162 5
3486 131 163 3
3487 131 165 3
3488 131 170 1
3489 131 175 7
3490 131 187 7
3491 131 191 5
3492 131 198 8
3493 132 133 7
3494 132 140 8
3495 132 152 2
3496 132 158 2
3497 132 160 9
3498 132 162 9
3499 132 167 10
3500 132 174 5
3501 132 183 2
3502 132 186 1
3503 132 188 4
3504 132 199 4
3505 133 138 7
3506 133 143 3
3507 133 146 10
3508 133 152 6
3509 133 158 1
3510 133 165 10
3511 133 167 10
3512 133 168 2
3513 133 169 7
3514 133 175 1
3515 133 178 2
3516 133 179 3
3517 133 180 5
3518 133 186 9
3519 133 189 8
3520 133 191 8
3521 133 195 5
3522 134 139 4
3523 134 143 7
3524 134 144 3
3525 134 148 1
3526 134 163 10
3527 134 172 9
3528 134 177 7
3529 134 180 3
3530 134 182 2
3531 134 193 5
3532 134 196 8
3533 135 142 6
3534 135 143 6
3535 135 146 6
3536 135 152 5
3537 135 159 9
3538 135 161 8
3539 135 162 7
3540 135 167 2
3541 135 170 3
3542 135 176 3
3543 135 179 10
3544 135 184 5
3545 135 185 8
3546 135 188 1
3547 135 191 2
3548 135 195 2
3549 135 197 4
3550 136 137 1
3551 136 151 1
3552 136 158 9
3553 136 164 4
3554 136 165 10
3555 136 166 8
3556 136 168 4
3557 136 175 1
3558 136 178 7
3559 136 184 6
3560 136 187 4
3561 136 188 4
3562 136 197 4
3563 137 138 9
3564 137 148 8
3565 137 150 5
3566 137 162 10
3567 137 163 1
3568 137 165 4
3569 137 171 6
3570 137 174 1
3571 137 185 7
3572 137 188 9
3573 137 194 6
3574 137 198 9
3575 138 140 4
3576 138 141 4
3577 138 149 7
3578 138 152 4
3579 138 158 8
3580 138 162 9
3581 138 164 6
3582 138 167 7
3583 138 174 7
3584 138 189 8
3585 138 190 10
3586 138 192 10
3587 138 194 6
3588 138 199 7
3589 139 150 4
3590 139 155 5
3591 139 159 9
3592 139 165 10
3593 139 169 3
3594 139 171 1
3595 139 179 3
3596 139 184 10
3597 139 197 8
3598 139 199 3
3599 140 141 6
3600 140 144 6
3601 140 145 10
3602 140 155 9
3603 140 158 8
3604 140 159 9
3605 140 167 5
3606 140 177 1
3607 140 182 2
3608 140 184 4
3609 140 192 2
3610 140 197 9
3611 141 142 6
3612 141 143 4
3613 141 154 10
3614 141 157 2
3615 141 163 5
3616 141 167 4
3617 141 172 3
3618 141 173 2
3619 141 182 8
3620 141 199 3
3621 142 144 4
3622 142 145 1
3623 142 146 10
3624 142 150 10
3625 142 154 6
3626 142 156 5
3627 142 162 4
3628 142 165 4
3629 142 173 5
3630 142 178 6
3631 142 185 4
3632 142 190 3
3633 142 198 7
3634 143 144 3
3635 143 151 8
3636 143 155 6
3637 143 160 9
3638 143 163 3
3639 143 166 5
3640 143 173 5
3641 143 186 4
3642 143 188 4
3643 143 190 7
3644 143 191 8
3645 144 145 1
3646 144 146 8
3647 144 148 10
3648 144 173 8
3649 144 174 7
3650 144 181 1
3651 144 182 10
3652 144 183 5
3653 144 185 1
3654 144 194 10
3655 144 196 4
3656 145 147 8
3657 145 156 6
3658 145 158 8
3659 145 161 4
3660 145 163 8
3661 145 164 9
3662 145 165 9
3663 145 166 1
3664 145 174 7
3665 145 177 3
3666 145 180 6
3667 145 189 6
3668 145 191 1
3669 145 193 7
3670 145 196 3
3671 145 199 10
3672 146 149 3
3673 146 157 6
3674 146 159 7
3675 146 161 3
3676 146 170 1
3677 146 192 10
3678 146 195 1
3679 147 154 2
3680 147 164 2
3681 147 169 10
3682 147 175 2
3683 147 178 1
3684 147 183 9
3685 147 186 1
3686 147 187 4
3687 147 191 9
3688 148 156 3
3689 148 158 8
3690 148 163 5
3691 148 175 4
3692 148 176 10
3693 148 182 3
3694 148 183 2
3695 148 184 6
3696 148 187 6
3697 148 192 1
3698 148 194 6
3699 149 160 9
3700 150 156 5
3701 150 165 3
3702 150 174 6
3703 150 175 10
3704 150 179 8
3705 150 182 10
3706 150 188 2
3707 150 191 6
3708 150 196 1
3709 150 199 3
3710 151 159 7
3711 151 160 7
3712 151 169 10
3713 151 174 8
3714 151 176 2
3715 151 183 10
3716 151 186 9
3717 151 188 1
3718 151 189 9
3719 151 194 5
3720 151 197 5
3721 152 157 5
3722 152 159 6
3723 152 165 2
3724 152 168 4
3725 152 170 8
3726 152 173 9
3727 152 176 3
3728 152 182 8
3729 152 184 8
3730 152 185 6
3731 152 190 9
3732 152 196 3
3733 152 198 8
3734 153 155 10
3735 153 159 6
3736 153 166 7
3737 153 171 8
3738 153 179 1
3739 153 183 7
3740 153 185 5
3741 153 191 3
3742 153 192 4
3743 154 165 4
3744 154 169 6
3745 154 172 9
3746 154 180 3
3747 154 183 5
3748 154 184 4
3749 154 187 9
3750 155 157 9
3751 155 162 10
3752 155 163 6
3753 155 170 7
3754 155 171 9
3755 155 175 1
3756 155 180 3
3757 155 183 5
3758 155 197 5
3759 156 166 3
3760 156 169 2
3761 156 170 4
3762 156 172 10
3763 156 176 9
3764 156 179 5
3765 156 181 3
3766 156 185 5
3767 156 187 7
3768 157 159 10
3769 157 162 9
3770 157 164 3
3771 157 166 7
3772 157 167 3
3773 157 172 8
3774 157 173 10
3775 157 175 7
3776 157 176 2
3777 157 178 3
3778 157 179 8
3779 157 180 3
3780 157 191 9
3781 157 193 5
3782 157 197 5
3783 158 160 5
3784 158 161 5
3785 158 164 2
3786 158 165 7
3787 158 167 8
3788 158 170 10
3789 158 172 1
3790 158 175 10
3791 158 177 9
3792 158 178 10
3793 158 185 3
3794 158 198 5
3795 159 162 9
3796 159 166 9
3797 159 167 1
3798 159 168 10
3799 159 171 6
3800 159 173 10
3801 159 177 7
3802 159 183 5
3803 159 197 4
3804 160 162 9
3805 160 164 4
3806 160 169 6
3807 160 172 6
3808 160 176 4
3809 160 195 10
3810 160 196 10
3811 161 170 10
3812 161 174 2
3813 161 181 1
3814 161 184 7
3815 161 198 9
3816 162 167 1
3817 162 170 6
3818 162 172 2
3819 162 176 7
3820 162 195 5
3821 162 199 3
3822 163 164 8
3823 163 177 7
3824 163 179 8
3825 163 183 9
3826 163 186 8
3827 163 187 8
3828 163 189 5
3829 163 190 4
3830 163 193 6
3831 163 195 6
3832 163 199 8
3833 164 165 9
3834 164 169 1
3835 164 179 5
3836 164 181 10
3837 164 185 9
3838 164 189 6
3839 164 191 10
3840 164 193 7
3841 164 194 7
3842 165 166 4
3843 165 172 3
3844 165 175 6
3845 165 177 4
3846 165 183 7
3847 165 194 6
3848 166 167 8
3849 166 169 7
3850 166 170 10
3851 166 189 7
3852 166 191 9
3853 166 192 5
3854 166 193 5
3855 166 194 7
3856 167 169 3
3857 167 173 7
3858 167 180 6
3859 167 188 4
3860 167 191 1
3861 167 192 1
3862 168 170 10
3863 168 172 7
3864 168 179 1
3865 168 188 5
3866 168 190 7
3867 168 191 3
3868 168 192 2
3869 168 196 4
3870 168 199 7
3871 169 170 1
3872 169 178 8
3873 169 184 4
3874 169 186 5
3875 169 191 3
3876 170 173 2
3877 170 177 8
3878 170 189 1
3879 170 190 6
3880 170 191 2
3881 170 192 5
3882 170 194 4
3883 170 196 9
3884 170 199 9
3885 171 175 8
3886 171 179 7
3887 171 183 1
3888 171 187 2
3889 171 191 5
3890 171 199 8
3891 172 173 9
3892 172 183 10
3893 172 186 5
3894 172 198 8
3895 173 181 3
3896 173 188 9
3897 173 196 3
3898 173 197 9
3899 174 177 6
3900 174 182 8
3901 174 185 9
3902 174 188 9
3903 174 194 6
3904 174 196 5
3905 174 197 8
3906 175 176 9
3907 175 177 1
3908 175 178 6
3909 175 189 1
3910 175 194 5
3911 176 179 3
3912 176 183 9
3913 177 182 7
3914 177 187 9
3915 177 192 8
3916 177 197 3
3917 177 198 6
3918 178 186 1
3919 178 188 2
3920 179 196 5
3921 180 186 5
3922 180 193 5
3923 180 198 2
3924 180 199 5
3925 181 185 5
3926 181 186 4
3927 181 191 7
3928 181 193 2
3929 181 195 1
3930 181 197 5
3931 182 192 9
3932 183 185 10
3933 183 193 5
3934 184 194 4
3935 185 187 1
3936 185 194 3
3937 186 187 5
3938 186 190 9
3939 186 197 9
3940 187 191 1
3941 187 196 4
3942 188 197 3
3943 189 194 7
3944 189 195 1
3945 190 193 8
3946 191 194 2
3947 191 198 6
3948 192 195 8
3949 192 196 7
3950 193 197 3
3951 193 199 9
3952 194 195 9
3953 195 197 5
3954 196 197 1
3955 197 198 9
