200 3995 25 25
0 20
1 15
2 22
3 17
4 2
5 18
6 24
7 1
8 20
9 21
10 7
11 25
12 1
13 20
14 20
15 12
16 13
17 22
18 16
19 20
20 21
21 12
22 19
23 21
24 23
25 24
26 12
27 20
28 19
29 13
30 1
31 6
32 19
33 6
34 9
35 24
36 11
37 11
38 6
39 20
40 19
41 1
42 16
43 19
44 12
45 4
46 12
47 24
48 3
49 9
50 19
51 23
52 4
53 17
54 2
55 3
56 14
57 17
58 4
59 3
60 19
61 14
62 7
63 20
64 24
65 20
66 7
67 24
68 18
69 11
70 5
71 19
72 12
73 10
74 2
75 10
76 4
77 5
78 16
79 16
80 20
81 23
82 12
83 23
84 4
85 21
86 8
87 4
88 22
89 14
90 11
91 4
92 7
93 2
94 4
95 20
96 25
97 5
98 2
99 24
100 4
101 4
102 6
103 15
104 20
105 22
106 18
107 8
108 18
109 20
110 9
111 3
112 1
113 4
114 11
115 20
116 11
117 15
118 19
119 15
120 22
121 5
122 22
123 6
124 15
125 3
126 1
127 15
128 18
129 12
130 16
131 2
132 16
133 2
134 5
135 22
136 10
137 16
138 22
139 7
140 6
141 6
142 24
143 25
144 2
145 3
146 6
147 10
148 21
149 6
150 19
151 12
152 1
153 23
154 18
155 9
156 10
157 8
158 4
159 10
160 1
161 8
162 20
163 9
164 14
165 10
166 25
167 7
168 24
169 20
170 24
171 9
172 17
173 24
174 10
175 24
176 23
177 7
178 6
179 2
180 8
181 15
182 12
183 23
184 21
185 3
186 13
187 21
188 1
189 16
190 21
191 13
192 25
193 20
194 9
195 3
196 11
197 15
198 5
199 20
0 0 5 3
1 0 9 17
2 0 10 17
3 0 11 25
4 0 14 14
5 0 20 25
6 0 21 1
7 0 22 23
8 0 25 13
9 0 26 8
10 0 28 10
11 0 33 17
12 0 36 24
13 0 49 11
14 0 53 24
15 0 56 17
16 0 58 11
17 0 67 15
18 0 73 9
19 0 80 7
20 0 90 18
21 0 92 5
22 0 96 6
23 0 110 23
24 0 114 9
25 0 118 14
26 0 120 6
27 0 122 1
28 0 125 20
29 0 132 6
30 0 134 6
31 0 144 24
32 0 146 9
33 0 156 2
34 0 159 12
35 0 163 9
36 0 177 9
37 0 185 11
38 0 195 25
39 0 196 1
40 1 14 6
41 1 16 4
42 1 23 1
43 1 30 15
44 1 31 25
45 1 32 1
46 1 37 15
47 1 45 14
48 1 46 11
49 1 56 17
50 1 76 10
51 1 77 19
52 1 82 15
53 1 90 9
54 1 91 21
55 1 101 25
56 1 102 4
57 1 104 22
58 1 105 12
59 1 108 3
60 1 115 19
61 1 136 15
62 1 154 25
63 1 158 1
64 1 159 15
65 1 180 25
66 1 181 21
67 1 190 7
68 1 192 19
69 1 193 1
70 2 8 21
71 2 9 1
72 2 10 23
73 2 12 2
74 2 32 9
75 2 42 19
76 2 51 2
77 2 74 3
78 2 79 1
79 2 87 7
80 2 95 8
81 2 104 4
82 2 110 1
83 2 116 7
84 2 117 12
85 2 127 7
86 2 128 17
87 2 130 5
88 2 131 10
89 2 134 6
90 2 135 24
91 2 140 6
92 2 142 12
93 2 149 17
94 2 150 21
95 2 152 4
96 2 156 13
97 2 162 11
98 2 175 9
99 2 182 2
100 2 189 21
101 2 195 8
102 2 196 16
103 3 7 25
104 3 8 18
105 3 10 4
106 3 18 15
107 3 21 2
108 3 22 3
109 3 23 8
110 3 25 12
111 3 38 20
112 3 44 9
113 3 47 10
114 3 48 1
115 3 51 23
116 3 52 4
117 3 55 11
118 3 63 22
119 3 71 19
120 3 73 21
121 3 79 6
122 3 80 7
123 3 81 20
124 3 84 16
125 3 85 1
126 3 87 8
127 3 92 3
128 3 102 25
129 3 107 5
130 3 115 11
131 3 117 9
132 3 121 4
133 3 122 18
134 3 126 13
135 3 129 4
136 3 134 23
137 3 137 3
138 3 152 8
139 3 156 12
140 3 157 19
141 3 168 18
142 3 178 3
143 3 183 14
144 3 184 13
145 3 191 9
146 3 192 3
147 3 196 2
148 4 11 19
149 4 17 14
150 4 22 5
151 4 29 20
152 4 33 2
153 4 54 6
154 4 59 3
155 4 66 10
156 4 67 4
157 4 76 20
158 4 82 23
159 4 89 23
160 4 91 16
161 4 92 24
162 4 93 7
163 4 98 24
164 4 117 16
165 4 127 7
166 4 134 15
167 4 137 3
168 4 138 10
169 4 143 10
170 4 144 17
171 4 148 11
172 4 167 4
173 4 169 4
174 4 179 14
175 4 182 17
176 4 192 23
177 5 7 12
178 5 11 10
179 5 12 2
180 5 13 21
181 5 27 16
182 5 38 14
183 5 45 20
184 5 60 18
185 5 66 6
186 5 71 12
187 5 74 1
188 5 77 14
189 5 79 22
190 5 89 4
191 5 92 23
192 5 93 9
193 5 96 23
194 5 97 22
195 5 100 4
196 5 101 7
197 5 105 1
198 5 116 22
199 5 122 14
200 5 132 16
201 5 133 12
202 5 142 12
203 5 167 23
204 5 169 7
205 5 181 4
206 5 182 9
207 5 184 25
208 5 187 7
209 5 194 16
210 5 199 2
211 6 14 24
212 6 22 9
213 6 30 20
214 6 34 3
215 6 47 2
216 6 54 10
217 6 56 12
218 6 59 9
219 6 62 10
220 6 70 13
221 6 77 16
222 6 79 13
223 6 84 3
224 6 93 1
225 6 95 5
226 6 98 11
227 6 102 3
228 6 103 15
229 6 104 10
230 6 107 23
231 6 114 9
232 6 121 17
233 6 127 24
234 6 128 20
235 6 139 22
236 6 140 8
237 6 143 17
238 6 159 6
239 6 168 8
240 6 172 18
241 6 173 13
242 6 180 23
243 6 181 8
244 6 183 1
245 6 184 7
246 6 185 5
247 6 195 3
248 6 197 24
249 7 12 25
250 7 19 13
251 7 25 19
252 7 27 22
253 7 30 18
254 7 32 14
255 7 33 4
256 7 39 14
257 7 40 23
258 7 46 22
259 7 48 21
260 7 51 21
261 7 55 14
262 7 57 9
263 7 60 12
264 7 61 12
265 7 63 15
266 7 72 25
267 7 73 15
268 7 74 2
269 7 78 20
270 7 83 8
271 7 85 18
272 7 86 12
273 7 89 21
274 7 90 15
275 7 102 18
276 7 111 2
277 7 112 20
278 7 116 3
279 7 120 10
280 7 125 23
281 7 131 18
282 7 132 6
283 7 137 10
284 7 142 7
285 7 145 1
286 7 150 18
287 7 156 17
288 7 159 2
289 7 160 9
290 7 161 14
291 7 163 4
292 7 166 8
293 7 169 4
294 7 174 25
295 7 177 16
296 7 181 19
297 7 187 15
298 7 189 14
299 7 192 12
300 7 193 6
301 7 199 20
302 8 10 22
303 8 21 18
304 8 29 4
305 8 34 17
306 8 36 18
307 8 38 23
308 8 48 2
309 8 54 6
310 8 60 25
311 8 66 5
312 8 67 2
313 8 72 13
314 8 78 6
315 8 81 10
316 8 91 19
317 8 94 5
318 8 98 19
319 8 102 22
320 8 105 17
321 8 115 5
322 8 119 16
323 8 120 17
324 8 121 18
325 8 129 1
326 8 130 2
327 8 132 18
328 8 145 20
329 8 148 1
330 8 149 12
331 8 162 21
332 8 163 8
333 8 176 18
334 8 179 20
335 8 192 24
336 8 194 5
337 9 10 15
338 9 13 12
339 9 15 21
340 9 21 18
341 9 30 6
342 9 32 5
343 9 34 18
344 9 50 10
345 9 60 7
346 9 61 23
347 9 62 2
348 9 63 15
349 9 67 8
350 9 68 10
351 9 69 8
352 9 75 1
353 9 78 19
354 9 81 21
355 9 86 7
356 9 87 12
357 9 92 9
358 9 93 10
359 9 96 9
360 9 97 4
361 9 100 19
362 9 101 23
363 9 124 21
364 9 127 25
365 9 129 19
366 9 143 10
367 9 151 1
368 9 153 17
369 9 164 21
370 9 167 15
371 9 170 15
372 9 175 19
373 9 177 19
374 9 184 4
375 9 185 23
376 9 189 1
377 9 191 20
378 9 193 7
379 9 198 13
380 9 199 23
381 10 11 1
382 10 12 23
383 10 22 2
384 10 26 3
385 10 29 1
386 10 30 8
387 10 31 19
388 10 32 15
389 10 42 18
390 10 52 20
391 10 53 19
392 10 67 22
393 10 69 8
394 10 76 18
395 10 78 1
396 10 81 21
397 10 85 5
398 10 86 16
399 10 87 16
400 10 89 22
401 10 103 21
402 10 119 17
403 10 127 17
404 10 133 11
405 10 136 14
406 10 142 16
407 10 146 19
408 10 149 20
409 10 150 6
410 10 151 7
411 10 153 2
412 10 155 11
413 10 157 3
414 10 162 23
415 10 163 20
416 10 168 23
417 10 174 7
418 10 177 18
419 10 179 24
420 10 185 8
421 10 188 23
422 10 191 4
423 10 194 15
424 10 196 16
425 11 12 23
426 11 16 7
427 11 32 19
428 11 35 9
429 11 36 17
430 11 39 17
431 11 50 21
432 11 58 21
433 11 62 1
434 11 68 12
435 11 70 7
436 11 77 14
437 11 85 22
438 11 94 23
439 11 95 15
440 11 108 25
441 11 110 8
442 11 116 22
443 11 117 7
444 11 121 17
445 11 122 10
446 11 123 12
447 11 128 2
448 11 130 2
449 11 134 1
450 11 137 16
451 11 142 18
452 11 145 23
453 11 153 5
454 11 158 12
455 11 160 19
456 11 162 11
457 11 170 1
458 11 171 19
459 11 175 1
460 11 178 24
461 11 179 21
462 11 182 11
463 11 185 5
464 11 191 8
465 11 196 19
466 11 198 2
467 12 17 19
468 12 20 14
469 12 24 17
470 12 29 25
471 12 31 12
472 12 37 3
473 12 46 16
474 12 51 1
475 12 59 23
476 12 60 5
477 12 64 8
478 12 66 24
479 12 67 19
480 12 73 5
481 12 79 15
482 12 115 2
483 12 118 20
484 12 125 7
485 12 126 8
486 12 130 22
487 12 131 12
488 12 132 25
489 12 134 4
490 12 141 3
491 12 151 23
492 12 152 5
493 12 154 16
494 12 156 7
495 12 157 3
496 12 160 19
497 12 163 25
498 12 167 11
499 12 170 25
500 12 174 6
501 12 176 22
502 12 179 22
503 12 188 6
504 12 195 11
505 12 196 5
506 13 20 11
507 13 22 20
508 13 24 10
509 13 27 23
510 13 32 3
511 13 38 9
512 13 41 8
513 13 56 13
514 13 60 17
515 13 69 3
516 13 74 11
517 13 82 6
518 13 83 11
519 13 84 2
520 13 87 1
521 13 92 22
522 13 111 7
523 13 116 12
524 13 124 13
525 13 126 25
526 13 127 5
527 13 129 7
528 13 133 12
529 13 138 7
530 13 144 2
531 13 146 11
532 13 160 7
533 13 166 23
534 13 168 3
535 13 187 10
536 13 195 12
537 14 19 23
538 14 30 18
539 14 31 19
540 14 34 17
541 14 35 11
542 14 37 2
543 14 42 14
544 14 59 11
545 14 62 3
546 14 70 11
547 14 71 17
548 14 72 8
549 14 77 16
550 14 82 20
551 14 96 19
552 14 101 25
553 14 105 4
554 14 108 18
555 14 111 19
556 14 112 6
557 14 122 18
558 14 124 11
559 14 125 21
560 14 128 17
561 14 130 25
562 14 146 1
563 14 157 25
564 14 166 16
565 14 170 10
566 14 195 20
567 14 199 10
568 15 19 16
569 15 25 5
570 15 30 15
571 15 34 22
572 15 37 23
573 15 39 18
574 15 48 7
575 15 50 8
576 15 64 17
577 15 65 8
578 15 72 16
579 15 80 3
580 15 82 11
581 15 94 2
582 15 102 18
583 15 114 23
584 15 115 3
585 15 117 5
586 15 124 18
587 15 130 18
588 15 135 25
589 15 138 17
590 15 141 8
591 15 142 17
592 15 148 4
593 15 149 5
594 15 155 9
595 15 156 9
596 15 161 23
597 15 166 12
598 15 168 22
599 15 169 1
600 15 170 15
601 15 174 15
602 15 179 12
603 15 181 11
604 15 189 18
605 15 194 19
606 16 40 16
607 16 49 18
608 16 52 12
609 16 58 9
610 16 60 23
611 16 69 17
612 16 72 19
613 16 75 4
614 16 83 19
615 16 89 7
616 16 91 16
617 16 95 7
618 16 105 16
619 16 106 18
620 16 111 2
621 16 114 24
622 16 118 21
623 16 120 19
624 16 125 13
625 16 128 21
626 16 130 1
627 16 132 13
628 16 133 2
629 16 137 13
630 16 138 23
631 16 140 6
632 16 146 8
633 16 151 6
634 16 157 9
635 16 159 6
636 16 161 19
637 16 163 5
638 16 165 7
639 16 172 24
640 16 173 4
641 16 179 21
642 16 180 3
643 16 181 16
644 16 185 16
645 16 188 1
646 16 190 18
647 17 23 20
648 17 28 23
649 17 31 3
650 17 34 1
651 17 39 21
652 17 40 1
653 17 45 12
654 17 46 1
655 17 47 9
656 17 64 7
657 17 65 7
658 17 73 14
659 17 75 12
660 17 76 7
661 17 84 23
662 17 87 16
663 17 91 17
664 17 92 7
665 17 100 19
666 17 109 2
667 17 110 19
668 17 113 11
669 17 119 25
670 17 122 3
671 17 132 19
672 17 136 16
673 17 139 23
674 17 144 10
675 17 148 24
676 17 151 12
677 17 154 21
678 17 155 14
679 17 159 19
680 17 161 17
681 17 165 18
682 17 170 2
683 17 171 9
684 17 175 23
685 17 176 3
686 17 178 18
687 17 182 8
688 17 187 13
689 17 195 3
690 17 196 18
691 18 30 1
692 18 48 24
693 18 49 24
694 18 50 20
695 18 55 1
696 18 60 11
697 18 66 2
698 18 82 5
699 18 89 18
700 18 90 24
701 18 92 20
702 18 93 15
703 18 98 1
704 18 101 21
705 18 103 3
706 18 107 11
707 18 109 1
708 18 112 25
709 18 113 1
710 18 114 8
711 18 116 21
712 18 121 2
713 18 126 7
714 18 139 4
715 18 144 1
716 18 149 5
717 18 153 20
718 18 154 4
719 18 157 11
720 18 159 8
721 18 164 15
722 18 165 5
723 18 172 14
724 18 186 21
725 18 192 25
726 19 27 14
727 19 31 17
728 19 35 5
729 19 38 8
730 19 39 24
731 19 45 8
732 19 63 13
733 19 64 5
734 19 71 15
735 19 73 6
736 19 75 6
737 19 81 8
738 19 84 1
739 19 88 3
740 19 89 10
741 19 93 15
742 19 100 7
743 19 103 12
744 19 109 9
745 19 120 8
746 19 125 21
747 19 132 16
748 19 133 20
749 19 136 7
750 19 145 16
751 19 150 8
752 19 155 9
753 19 158 25
754 19 163 21
755 19 180 19
756 19 186 16
757 19 189 11
758 20 21 24
759 20 27 10
760 20 38 2
761 20 53 19
762 20 62 3
763 20 67 7
764 20 69 12
765 20 71 9
766 20 76 21
767 20 87 10
768 20 94 10
769 20 107 9
770 20 109 10
771 20 114 16
772 20 118 21
773 20 122 15
774 20 126 19
775 20 135 14
776 20 139 3
777 20 140 16
778 20 144 15
779 20 146 4
780 20 149 5
781 20 154 23
782 20 169 12
783 20 178 19
784 20 184 22
785 20 187 20
786 20 193 1
787 20 196 18
788 21 27 19
789 21 35 4
790 21 39 14
791 21 54 3
792 21 64 11
793 21 65 24
794 21 70 1
795 21 71 9
796 21 75 22
797 21 80 12
798 21 83 19
799 21 85 8
800 21 92 1
801 21 95 4
802 21 97 21
803 21 100 16
804 21 105 5
805 21 106 16
806 21 108 22
807 21 109 23
808 21 112 19
809 21 113 13
810 21 118 22
811 21 128 19
812 21 133 23
813 21 134 9
814 21 136 25
815 21 138 25
816 21 150 7
817 21 154 9
818 21 155 21
819 21 160 17
820 21 161 22
821 21 171 11
822 21 181 10
823 21 187 11
824 21 192 20
825 21 199 6
826 22 24 4
827 22 26 10
828 22 37 9
829 22 44 4
830 22 47 7
831 22 57 3
832 22 58 8
833 22 61 22
834 22 63 18
835 22 66 9
836 22 68 6
837 22 70 1
838 22 76 8
839 22 88 16
840 22 107 17
841 22 114 17
842 22 115 7
843 22 123 11
844 22 130 4
845 22 136 11
846 22 147 6
847 22 151 21
848 22 155 12
849 22 161 10
850 22 165 2
851 22 167 8
852 22 169 8
853 22 177 11
854 22 180 18
855 22 181 8
856 22 182 8
857 22 183 7
858 22 190 20
859 22 199 8
860 23 33 22
861 23 37 8
862 23 38 9
863 23 49 8
864 23 51 4
865 23 52 13
866 23 55 2
867 23 57 25
868 23 61 4
869 23 73 11
870 23 75 19
871 23 79 20
872 23 81 5
873 23 83 3
874 23 86 15
875 23 88 25
876 23 97 13
877 23 99 6
878 23 102 20
879 23 110 5
880 23 112 22
881 23 125 15
882 23 132 10
883 23 137 10
884 23 138 15
885 23 142 6
886 23 146 25
887 23 151 18
888 23 153 9
889 23 155 9
890 23 157 4
891 23 159 22
892 23 168 14
893 23 170 5
894 23 172 8
895 23 183 18
896 23 188 22
897 23 191 11
898 23 192 17
899 23 193 19
900 23 195 22
901 24 31 20
902 24 32 21
903 24 35 6
904 24 37 5
905 24 43 16
906 24 47 13
907 24 48 18
908 24 56 16
909 24 57 19
910 24 58 18
911 24 67 17
912 24 69 12
913 24 74 21
914 24 76 15
915 24 90 18
916 24 91 5
917 24 92 10
918 24 96 15
919 24 112 16
920 24 118 19
921 24 122 24
922 24 123 19
923 24 125 25
924 24 129 11
925 24 132 15
926 24 134 5
927 24 136 9
928 24 141 4
929 24 144 16
930 24 155 7
931 24 160 12
932 24 164 10
933 24 166 14
934 24 167 14
935 24 173 9
936 24 191 15
937 24 197 9
938 24 198 9
939 25 41 16
940 25 46 24
941 25 48 19
942 25 53 2
943 25 59 11
944 25 61 21
945 25 67 13
946 25 71 14
947 25 87 7
948 25 102 3
949 25 104 3
950 25 116 1
951 25 124 7
952 25 126 22
953 25 129 19
954 25 133 7
955 25 136 13
956 25 137 6
957 25 148 19
958 25 151 23
959 25 152 25
960 25 161 19
961 25 173 15
962 25 175 13
963 25 176 6
964 25 177 22
965 25 179 4
966 25 190 17
967 25 192 3
968 25 199 14
969 26 32 4
970 26 35 10
971 26 37 7
972 26 40 9
973 26 41 3
974 26 42 5
975 26 50 21
976 26 54 3
977 26 77 16
978 26 84 16
979 26 87 22
980 26 91 11
981 26 93 23
982 26 94 8
983 26 101 19
984 26 105 6
985 26 106 25
986 26 110 15
987 26 114 9
988 26 118 12
989 26 120 19
990 26 124 20
991 26 131 13
992 26 135 4
993 26 144 19
994 26 146 14
995 26 161 8
996 26 168 12
997 26 175 14
998 26 180 17
999 26 182 6
1000 26 183 19
1001 26 191 19
1002 26 193 5
1003 26 196 23
1004 27 31 20
1005 27 35 18
1006 27 37 5
1007 27 42 7
1008 27 47 13
1009 27 53 19
1010 27 55 13
1011 27 56 14
1012 27 59 5
1013 27 72 23
1014 27 76 22
1015 27 77 23
1016 27 78 23
1017 27 98 17
1018 27 103 20
1019 27 118 14
1020 27 120 4
1021 27 133 11
1022 27 136 14
1023 27 139 10
1024 27 143 10
1025 27 145 25
1026 27 152 23
1027 27 168 23
1028 27 173 11
1029 27 174 11
1030 27 183 10
1031 27 198 22
1032 27 199 12
1033 28 37 18
1034 28 48 23
1035 28 50 18
1036 28 71 13
1037 28 73 11
1038 28 76 4
1039 28 84 17
1040 28 86 14
1041 28 90 24
1042 28 91 18
1043 28 97 15
1044 28 99 24
1045 28 102 9
1046 28 104 4
1047 28 113 3
1048 28 114 20
1049 28 115 9
1050 28 119 2
1051 28 131 20
1052 28 132 20
1053 28 134 6
1054 28 139 18
1055 28 140 8
1056 28 141 19
1057 28 143 3
1058 28 150 24
1059 28 152 23
1060 28 164 15
1061 28 166 5
1062 28 172 24
1063 28 173 19
1064 28 175 8
1065 28 183 10
1066 28 184 20
1067 28 186 22
1068 28 193 4
1069 28 194 4
1070 29 35 22
1071 29 38 4
1072 29 39 24
1073 29 40 5
1074 29 43 23
1075 29 44 21
1076 29 48 18
1077 29 50 25
1078 29 51 21
1079 29 52 4
1080 29 61 9
1081 29 63 11
1082 29 74 5
1083 29 79 25
1084 29 86 18
1085 29 87 3
1086 29 92 3
1087 29 102 5
1088 29 103 23
1089 29 104 24
1090 29 125 12
1091 29 128 21
1092 29 130 4
1093 29 132 12
1094 29 135 4
1095 29 141 2
1096 29 148 10
1097 29 154 21
1098 29 157 24
1099 29 167 3
1100 29 169 1
1101 29 171 22
1102 29 172 8
1103 29 173 20
1104 29 174 9
1105 29 183 19
1106 29 184 3
1107 29 199 20
1108 30 34 14
1109 30 36 25
1110 30 38 4
1111 30 39 24
1112 30 47 19
1113 30 53 23
1114 30 55 6
1115 30 56 6
1116 30 62 25
1117 30 65 9
1118 30 66 6
1119 30 80 5
1120 30 81 15
1121 30 83 14
1122 30 87 10
1123 30 97 8
1124 30 98 5
1125 30 110 25
1126 30 115 21
1127 30 117 24
1128 30 126 11
1129 30 128 25
1130 30 140 2
1131 30 147 17
1132 30 148 23
1133 30 149 1
1134 30 152 5
1135 30 158 16
1136 30 159 19
1137 30 160 4
1138 30 166 20
1139 30 175 16
1140 30 177 21
1141 30 179 22
1142 30 187 8
1143 30 188 1
1144 30 195 14
1145 30 199 7
1146 31 37 4
1147 31 42 17
1148 31 49 14
1149 31 57 25
1150 31 61 5
1151 31 71 14
1152 31 74 5
1153 31 75 17
1154 31 77 7
1155 31 94 23
1156 31 106 5
1157 31 109 1
1158 31 111 13
1159 31 114 21
1160 31 117 21
1161 31 121 19
1162 31 123 12
1163 31 130 7
1164 31 133 22
1165 31 137 5
1166 31 142 25
1167 31 145 23
1168 31 148 3
1169 31 150 6
1170 31 154 25
1171 31 157 3
1172 31 160 7
1173 31 166 9
1174 31 168 23
1175 31 174 19
1176 31 178 5
1177 31 179 16
1178 32 40 18
1179 32 48 8
1180 32 49 12
1181 32 53 20
1182 32 64 24
1183 32 71 6
1184 32 84 19
1185 32 91 16
1186 32 93 5
1187 32 96 4
1188 32 106 4
1189 32 108 8
1190 32 110 3
1191 32 112 14
1192 32 113 3
1193 32 115 9
1194 32 116 10
1195 32 127 2
1196 32 128 12
1197 32 147 22
1198 32 150 8
1199 32 152 25
1200 32 154 21
1201 32 162 2
1202 32 164 8
1203 32 173 20
1204 32 175 9
1205 32 182 11
1206 32 191 16
1207 32 192 16
1208 33 35 20
1209 33 37 7
1210 33 46 10
1211 33 47 14
1212 33 50 12
1213 33 53 24
1214 33 55 10
1215 33 67 3
1216 33 71 15
1217 33 74 24
1218 33 78 23
1219 33 90 4
1220 33 93 14
1221 33 97 4
1222 33 108 24
1223 33 113 6
1224 33 126 2
1225 33 129 20
1226 33 130 20
1227 33 148 19
1228 33 154 19
1229 33 156 13
1230 33 157 3
1231 33 165 8
1232 33 170 24
1233 33 177 24
1234 33 178 18
1235 33 188 14
1236 33 192 23
1237 34 36 4
1238 34 46 8
1239 34 49 13
1240 34 53 17
1241 34 55 17
1242 34 58 25
1243 34 61 16
1244 34 64 8
1245 34 65 22
1246 34 70 25
1247 34 73 8
1248 34 79 20
1249 34 82 4
1250 34 83 22
1251 34 86 2
1252 34 87 14
1253 34 91 11
1254 34 96 2
1255 34 108 3
1256 34 123 7
1257 34 124 21
1258 34 131 21
1259 34 135 19
1260 34 141 4
1261 34 148 12
1262 34 149 10
1263 34 150 17
1264 34 151 5
1265 34 153 3
1266 34 154 11
1267 34 162 4
1268 34 168 12
1269 34 178 2
1270 34 182 11
1271 34 189 12
1272 34 191 23
1273 34 192 6
1274 34 196 13
1275 35 37 16
1276 35 42 14
1277 35 46 5
1278 35 47 10
1279 35 49 6
1280 35 53 19
1281 35 54 1
1282 35 61 17
1283 35 66 23
1284 35 74 5
1285 35 76 23
1286 35 80 14
1287 35 96 8
1288 35 103 15
1289 35 109 5
1290 35 113 21
1291 35 118 9
1292 35 126 1
1293 35 128 13
1294 35 130 10
1295 35 133 23
1296 35 136 17
1297 35 142 18
1298 35 148 12
1299 35 149 19
1300 35 155 14
1301 35 169 21
1302 35 170 16
1303 35 173 1
1304 35 178 12
1305 35 179 17
1306 35 184 18
1307 35 186 2
1308 35 194 6
1309 35 198 18
1310 36 37 20
1311 36 43 10
1312 36 46 18
1313 36 49 7
1314 36 50 4
1315 36 56 5
1316 36 57 21
1317 36 60 11
1318 36 61 22
1319 36 66 6
1320 36 69 12
1321 36 75 8
1322 36 80 8
1323 36 82 17
1324 36 84 4
1325 36 89 13
1326 36 95 2
1327 36 99 15
1328 36 106 2
1329 36 108 3
1330 36 109 19
1331 36 116 24
1332 36 130 10
1333 36 136 23
1334 36 144 13
1335 36 148 8
1336 36 154 15
1337 36 158 20
1338 36 163 5
1339 36 166 24
1340 36 167 23
1341 36 175 23
1342 36 181 17
1343 36 183 17
1344 36 198 16
1345 37 42 8
1346 37 78 17
1347 37 79 23
1348 37 88 13
1349 37 94 10
1350 37 96 17
1351 37 97 5
1352 37 111 9
1353 37 125 13
1354 37 147 23
1355 37 159 7
1356 37 167 5
1357 37 169 25
1358 37 172 15
1359 37 175 8
1360 37 187 18
1361 37 189 6
1362 37 194 3
1363 37 195 21
1364 37 196 24
1365 38 41 16
1366 38 43 24
1367 38 44 4
1368 38 45 18
1369 38 47 24
1370 38 53 22
1371 38 54 10
1372 38 55 14
1373 38 61 11
1374 38 67 21
1375 38 68 21
1376 38 69 24
1377 38 76 12
1378 38 80 16
1379 38 84 4
1380 38 86 2
1381 38 90 9
1382 38 102 17
1383 38 112 21
1384 38 119 6
1385 38 121 25
1386 38 125 17
1387 38 143 14
1388 38 144 17
1389 38 155 19
1390 38 158 11
1391 38 159 17
1392 38 160 11
1393 38 162 19
1394 38 165 9
1395 38 170 16
1396 38 172 11
1397 38 180 14
1398 38 188 2
1399 38 190 6
1400 38 198 12
1401 38 199 4
1402 39 44 10
1403 39 47 16
1404 39 62 5
1405 39 74 9
1406 39 85 6
1407 39 89 13
1408 39 94 12
1409 39 95 3
1410 39 99 10
1411 39 101 17
1412 39 108 13
1413 39 112 18
1414 39 114 17
1415 39 125 23
1416 39 126 18
1417 39 127 11
1418 39 138 10
1419 39 147 20
1420 39 150 10
1421 39 158 22
1422 39 171 4
1423 39 172 16
1424 39 174 17
1425 39 177 11
1426 39 180 5
1427 39 196 8
1428 39 197 25
1429 40 52 1
1430 40 56 4
1431 40 57 10
1432 40 62 18
1433 40 63 1
1434 40 65 18
1435 40 69 14
1436 40 70 7
1437 40 71 18
1438 40 72 10
1439 40 75 7
1440 40 78 9
1441 40 79 14
1442 40 82 1
1443 40 83 21
1444 40 85 14
1445 40 92 9
1446 40 94 17
1447 40 95 12
1448 40 99 8
1449 40 105 8
1450 40 109 13
1451 40 116 23
1452 40 131 2
1453 40 135 7
1454 40 138 13
1455 40 144 15
1456 40 146 1
1457 40 151 19
1458 40 153 7
1459 40 159 1
1460 40 172 2
1461 40 175 11
1462 40 183 2
1463 40 185 3
1464 40 187 23
1465 40 188 4
1466 40 196 18
1467 40 197 22
1468 41 52 19
1469 41 53 14
1470 41 62 13
1471 41 67 17
1472 41 68 14
1473 41 71 2
1474 41 72 10
1475 41 73 18
1476 41 80 1
1477 41 82 9
1478 41 89 14
1479 41 92 19
1480 41 96 12
1481 41 100 16
1482 41 104 14
1483 41 117 19
1484 41 118 15
1485 41 135 9
1486 41 146 17
1487 41 155 1
1488 41 158 5
1489 41 159 24
1490 41 160 24
1491 41 162 25
1492 41 174 16
1493 41 185 6
1494 41 189 9
1495 41 190 14
1496 41 194 22
1497 41 197 25
1498 42 48 16
1499 42 49 24
1500 42 63 20
1501 42 67 14
1502 42 75 12
1503 42 80 3
1504 42 92 9
1505 42 95 11
1506 42 106 19
1507 42 110 11
1508 42 126 5
1509 42 128 12
1510 42 130 24
1511 42 131 10
1512 42 146 20
1513 42 147 16
1514 42 160 24
1515 42 165 11
1516 42 171 16
1517 42 179 25
1518 42 188 21
1519 42 189 17
1520 42 194 1
1521 43 44 20
1522 43 48 17
1523 43 59 7
1524 43 62 4
1525 43 64 19
1526 43 67 21
1527 43 69 8
1528 43 75 6
1529 43 79 6
1530 43 85 17
1531 43 96 25
1532 43 100 10
1533 43 109 10
1534 43 112 13
1535 43 117 24
1536 43 123 16
1537 43 125 24
1538 43 131 6
1539 43 133 17
1540 43 135 13
1541 43 147 13
1542 43 149 3
1543 43 153 25
1544 43 154 23
1545 43 160 18
1546 43 182 22
1547 43 189 25
1548 43 191 9
1549 43 193 6
1550 43 194 10
1551 43 197 21
1552 43 198 22
1553 44 49 14
1554 44 52 24
1555 44 53 20
1556 44 59 22
1557 44 70 17
1558 44 79 10
1559 44 80 5
1560 44 81 16
1561 44 87 16
1562 44 91 6
1563 44 102 15
1564 44 112 4
1565 44 113 14
1566 44 130 1
1567 44 131 25
1568 44 136 23
1569 44 138 22
1570 44 141 2
1571 44 144 13
1572 44 151 12
1573 44 156 4
1574 44 157 23
1575 44 162 10
1576 44 168 24
1577 44 176 8
1578 44 178 14
1579 44 190 12
1580 44 195 11
1581 44 196 22
1582 44 197 3
1583 45 48 15
1584 45 54 14
1585 45 55 19
1586 45 56 23
1587 45 59 17
1588 45 62 6
1589 45 66 3
1590 45 69 20
1591 45 70 11
1592 45 75 13
1593 45 76 10
1594 45 78 13
1595 45 87 18
1596 45 90 24
1597 45 92 21
1598 45 95 9
1599 45 99 6
1600 45 103 16
1601 45 117 14
1602 45 118 13
1603 45 126 6
1604 45 129 22
1605 45 131 11
1606 45 133 24
1607 45 141 10
1608 45 146 7
1609 45 149 24
1610 45 155 11
1611 45 171 18
1612 45 178 22
1613 45 180 13
1614 45 190 20
1615 45 193 10
1616 46 51 13
1617 46 54 10
1618 46 60 13
1619 46 64 22
1620 46 67 10
1621 46 73 13
1622 46 75 2
1623 46 82 25
1624 46 83 19
1625 46 88 21
1626 46 99 4
1627 46 100 24
1628 46 102 16
1629 46 103 4
1630 46 104 5
1631 46 105 22
1632 46 106 6
1633 46 110 24
1634 46 113 16
1635 46 114 17
1636 46 116 9
1637 46 121 23
1638 46 123 21
1639 46 127 4
1640 46 137 2
1641 46 158 23
1642 46 172 5
1643 46 173 9
1644 46 187 17
1645 46 189 9
1646 46 191 20
1647 47 52 21
1648 47 63 25
1649 47 64 24
1650 47 76 6
1651 47 81 2
1652 47 83 5
1653 47 88 1
1654 47 94 9
1655 47 99 8
1656 47 105 15
1657 47 107 3
1658 47 113 17
1659 47 114 17
1660 47 116 11
1661 47 117 1
1662 47 119 9
1663 47 122 22
1664 47 124 9
1665 47 127 9
1666 47 133 17
1667 47 134 4
1668 47 136 13
1669 47 138 3
1670 47 144 19
1671 47 148 13
1672 47 162 14
1673 47 169 19
1674 47 171 8
1675 47 175 24
1676 47 177 22
1677 47 191 14
1678 47 192 22
1679 48 51 19
1680 48 53 4
1681 48 55 2
1682 48 63 13
1683 48 65 14
1684 48 72 19
1685 48 75 7
1686 48 78 6
1687 48 79 9
1688 48 80 12
1689 48 94 13
1690 48 106 23
1691 48 108 6
1692 48 111 1
1693 48 116 4
1694 48 117 2
1695 48 120 5
1696 48 124 2
1697 48 125 18
1698 48 127 2
1699 48 140 22
1700 48 142 2
1701 48 143 11
1702 48 146 7
1703 48 152 24
1704 48 158 8
1705 48 163 6
1706 48 170 8
1707 48 171 2
1708 48 175 2
1709 48 176 19
1710 48 178 6
1711 48 185 17
1712 48 187 16
1713 48 199 18
1714 49 66 11
1715 49 73 25
1716 49 77 9
1717 49 78 6
1718 49 93 11
1719 49 109 20
1720 49 112 13
1721 49 142 19
1722 49 146 12
1723 49 148 4
1724 49 158 8
1725 49 161 13
1726 49 175 7
1727 49 186 4
1728 49 193 4
1729 49 199 2
1730 50 56 10
1731 50 58 18
1732 50 66 25
1733 50 70 15
1734 50 71 8
1735 50 72 8
1736 50 73 19
1737 50 74 16
1738 50 78 23
1739 50 82 24
1740 50 102 7
1741 50 104 10
1742 50 105 15
1743 50 110 8
1744 50 117 10
1745 50 118 4
1746 50 124 10
1747 50 127 25
1748 50 129 6
1749 50 131 18
1750 50 133 2
1751 50 139 22
1752 50 141 6
1753 50 142 11
1754 50 151 24
1755 50 168 10
1756 50 174 10
1757 50 191 10
1758 50 192 22
1759 51 52 25
1760 51 56 12
1761 51 60 24
1762 51 77 22
1763 51 84 18
1764 51 94 17
1765 51 95 14
1766 51 98 19
1767 51 100 4
1768 51 109 21
1769 51 115 19
1770 51 118 19
1771 51 134 10
1772 51 135 3
1773 51 139 8
1774 51 140 22
1775 51 150 20
1776 51 151 15
1777 51 154 21
1778 51 155 11
1779 51 157 25
1780 51 162 15
1781 51 167 25
1782 51 173 23
1783 51 175 24
1784 51 179 5
1785 51 181 8
1786 51 184 15
1787 51 188 5
1788 51 190 20
1789 52 61 14
1790 52 70 8
1791 52 74 21
1792 52 87 10
1793 52 88 2
1794 52 89 13
1795 52 91 2
1796 52 95 6
1797 52 96 8
1798 52 101 4
1799 52 102 20
1800 52 103 6
1801 52 107 15
1802 52 115 6
1803 52 116 6
1804 52 118 23
1805 52 124 23
1806 52 127 17
1807 52 133 9
1808 52 139 9
1809 52 143 15
1810 52 155 19
1811 52 156 25
1812 52 159 5
1813 52 163 18
1814 52 164 24
1815 52 166 11
1816 52 167 16
1817 52 170 13
1818 52 171 5
1819 52 183 2
1820 52 187 10
1821 52 188 14
1822 52 189 18
1823 52 192 25
1824 52 194 8
1825 53 58 21
1826 53 60 5
1827 53 66 9
1828 53 67 8
1829 53 77 15
1830 53 79 2
1831 53 90 6
1832 53 96 21
1833 53 97 11
1834 53 114 3
1835 53 124 4
1836 53 126 1
1837 53 131 22
1838 53 132 17
1839 53 139 14
1840 53 144 17
1841 53 149 3
1842 53 154 6
1843 53 155 20
1844 53 159 14
1845 53 172 10
1846 53 173 22
1847 53 181 1
1848 53 183 13
1849 53 186 5
1850 53 193 1
1851 53 198 23
1852 53 199 9
1853 54 64 18
1854 54 65 17
1855 54 67 8
1856 54 79 10
1857 54 80 22
1858 54 86 10
1859 54 92 9
1860 54 95 8
1861 54 98 14
1862 54 103 3
1863 54 104 12
1864 54 105 16
1865 54 108 15
1866 54 111 4
1867 54 112 23
1868 54 113 20
1869 54 118 22
1870 54 124 8
1871 54 130 5
1872 54 132 17
1873 54 134 6
1874 54 137 11
1875 54 139 1
1876 54 158 22
1877 54 171 4
1878 54 173 23
1879 54 175 24
1880 54 177 8
1881 54 180 6
1882 54 190 18
1883 54 194 2
1884 54 197 10
1885 55 57 2
1886 55 64 22
1887 55 65 22
1888 55 66 4
1889 55 84 22
1890 55 91 6
1891 55 93 13
1892 55 95 6
1893 55 105 10
1894 55 114 3
1895 55 123 4
1896 55 128 5
1897 55 139 13
1898 55 140 14
1899 55 142 25
1900 55 143 14
1901 55 151 1
1902 55 154 7
1903 55 156 18
1904 55 157 17
1905 55 161 15
1906 55 174 17
1907 55 187 23
1908 55 197 13
1909 56 58 22
1910 56 60 16
1911 56 69 19
1912 56 71 16
1913 56 75 15
1914 56 80 11
1915 56 84 17
1916 56 86 16
1917 56 87 9
1918 56 94 4
1919 56 96 25
1920 56 100 10
1921 56 103 20
1922 56 111 15
1923 56 118 14
1924 56 119 9
1925 56 130 7
1926 56 136 1
1927 56 145 24
1928 56 150 2
1929 56 152 14
1930 56 155 14
1931 56 157 1
1932 56 161 17
1933 56 167 3
1934 56 172 15
1935 56 178 11
1936 56 181 7
1937 56 183 18
1938 56 184 15
1939 56 189 18
1940 56 190 24
1941 56 191 15
1942 56 198 20
1943 57 70 1
1944 57 71 19
1945 57 75 10
1946 57 76 20
1947 57 77 15
1948 57 78 18
1949 57 79 8
1950 57 81 8
1951 57 83 6
1952 57 84 21
1953 57 106 16
1954 57 107 13
1955 57 108 20
1956 57 111 11
1957 57 112 16
1958 57 127 7
1959 57 134 20
1960 57 138 2
1961 57 139 9
1962 57 146 10
1963 57 148 8
1964 57 156 7
1965 57 162 7
1966 57 167 15
1967 57 177 7
1968 57 182 3
1969 57 185 18
1970 57 194 21
1971 57 196 24
1972 58 68 22
1973 58 78 5
1974 58 79 7
1975 58 87 22
1976 58 90 5
1977 58 93 2
1978 58 97 19
1979 58 104 15
1980 58 108 6
1981 58 120 1
1982 58 121 3
1983 58 123 1
1984 58 135 9
1985 58 138 11
1986 58 143 13
1987 58 151 4
1988 58 155 24
1989 58 161 22
1990 58 163 19
1991 58 169 10
1992 58 176 23
1993 58 186 2
1994 58 187 6
1995 58 191 12
1996 58 199 5
1997 59 62 3
1998 59 67 11
1999 59 68 15
2000 59 73 10
2001 59 88 17
2002 59 97 17
2003 59 100 7
2004 59 107 2
2005 59 115 10
2006 59 116 22
2007 59 118 5
2008 59 122 7
2009 59 123 14
2010 59 125 10
2011 59 127 22
2012 59 131 12
2013 59 134 9
2014 59 144 25
2015 59 146 14
2016 59 148 13
2017 59 154 16
2018 59 160 1
2019 59 163 20
2020 59 164 4
2021 59 168 10
2022 59 177 24
2023 59 178 20
2024 59 188 21
2025 59 190 21
2026 59 194 5
2027 59 198 20
2028 60 68 12
2029 60 76 9
2030 60 90 19
2031 60 91 5
2032 60 95 22
2033 60 100 15
2034 60 103 19
2035 60 105 1
2036 60 109 23
2037 60 111 5
2038 60 113 12
2039 60 118 17
2040 60 136 14
2041 60 137 2
2042 60 145 16
2043 60 149 11
2044 60 159 22
2045 60 162 16
2046 60 169 6
2047 60 170 8
2048 60 171 20
2049 60 175 2
2050 60 182 4
2051 60 188 24
2052 60 191 12
2053 60 193 6
2054 60 194 17
2055 61 68 14
2056 61 71 8
2057 61 75 20
2058 61 76 25
2059 61 79 5
2060 61 87 17
2061 61 90 4
2062 61 93 19
2063 61 94 19
2064 61 98 23
2065 61 102 1
2066 61 106 22
2067 61 107 14
2068 61 110 10
2069 61 111 18
2070 61 113 17
2071 61 118 24
2072 61 119 17
2073 61 121 15
2074 61 125 4
2075 61 128 18
2076 61 130 7
2077 61 145 1
2078 61 151 8
2079 61 153 2
2080 61 155 25
2081 61 171 13
2082 61 173 9
2083 61 175 14
2084 61 176 7
2085 61 177 14
2086 61 179 6
2087 61 180 8
2088 61 186 8
2089 61 187 1
2090 61 191 10
2091 61 199 11
2092 62 65 7
2093 62 69 15
2094 62 71 10
2095 62 75 11
2096 62 84 22
2097 62 89 4
2098 62 90 7
2099 62 100 3
2100 62 104 23
2101 62 111 2
2102 62 115 3
2103 62 118 11
2104 62 119 14
2105 62 122 13
2106 62 125 8
2107 62 131 16
2108 62 132 10
2109 62 141 14
2110 62 153 22
2111 62 160 8
2112 62 161 17
2113 62 170 10
2114 62 173 22
2115 62 175 20
2116 62 178 16
2117 62 196 18
2118 63 72 16
2119 63 75 18
2120 63 80 7
2121 63 81 4
2122 63 92 13
2123 63 96 9
2124 63 98 12
2125 63 104 19
2126 63 107 22
2127 63 108 23
2128 63 112 19
2129 63 114 1
2130 63 122 3
2131 63 123 16
2132 63 128 7
2133 63 129 7
2134 63 135 14
2135 63 136 11
2136 63 138 12
2137 63 139 19
2138 63 142 21
2139 63 144 6
2140 63 156 9
2141 63 161 21
2142 63 164 11
2143 63 167 21
2144 63 169 22
2145 63 171 5
2146 63 173 24
2147 63 185 22
2148 63 187 20
2149 63 188 24
2150 63 190 8
2151 63 197 25
2152 64 67 8
2153 64 68 7
2154 64 69 23
2155 64 74 2
2156 64 76 7
2157 64 80 3
2158 64 84 15
2159 64 91 21
2160 64 95 17
2161 64 96 4
2162 64 107 18
2163 64 108 22
2164 64 113 18
2165 64 122 21
2166 64 126 19
2167 64 135 4
2168 64 136 2
2169 64 138 7
2170 64 143 11
2171 64 155 8
2172 64 157 13
2173 64 159 20
2174 64 167 18
2175 64 173 7
2176 64 175 9
2177 64 185 22
2178 64 186 20
2179 64 189 18
2180 64 196 18
2181 64 197 12
2182 64 198 9
2183 65 68 19
2184 65 76 25
2185 65 81 8
2186 65 99 6
2187 65 100 11
2188 65 106 5
2189 65 107 21
2190 65 111 2
2191 65 115 13
2192 65 119 16
2193 65 131 9
2194 65 136 24
2195 65 145 24
2196 65 146 24
2197 65 147 18
2198 65 149 3
2199 65 154 9
2200 65 156 6
2201 65 160 23
2202 65 161 8
2203 65 164 23
2204 65 165 14
2205 65 166 5
2206 65 170 20
2207 65 175 6
2208 65 177 11
2209 65 185 9
2210 65 196 21
2211 65 198 12
2212 66 67 1
2213 66 70 13
2214 66 78 3
2215 66 81 23
2216 66 85 6
2217 66 90 6
2218 66 102 21
2219 66 103 22
2220 66 104 22
2221 66 116 21
2222 66 117 1
2223 66 120 12
2224 66 128 7
2225 66 142 14
2226 66 146 11
2227 66 148 16
2228 66 153 4
2229 66 158 10
2230 66 165 4
2231 66 173 2
2232 66 182 2
2233 66 193 16
2234 66 195 1
2235 67 74 23
2236 67 77 18
2237 67 78 5
2238 67 82 22
2239 67 84 4
2240 67 86 12
2241 67 94 6
2242 67 100 12
2243 67 111 20
2244 67 120 9
2245 67 122 10
2246 67 123 10
2247 67 125 3
2248 67 126 20
2249 67 127 4
2250 67 132 17
2251 67 136 8
2252 67 140 17
2253 67 141 11
2254 67 143 3
2255 67 146 7
2256 67 149 12
2257 67 150 21
2258 67 156 25
2259 67 158 7
2260 67 164 24
2261 67 166 9
2262 67 173 22
2263 67 174 18
2264 67 175 9
2265 67 179 24
2266 67 180 2
2267 67 183 10
2268 68 69 10
2269 68 77 11
2270 68 80 11
2271 68 88 22
2272 68 89 18
2273 68 94 12
2274 68 108 25
2275 68 123 17
2276 68 135 22
2277 68 136 22
2278 68 140 8
2279 68 141 16
2280 68 144 14
2281 68 146 15
2282 68 152 17
2283 68 154 13
2284 68 160 9
2285 68 173 2
2286 68 182 10
2287 68 186 11
2288 68 189 17
2289 68 192 16
2290 68 197 17
2291 68 198 19
2292 69 76 22
2293 69 81 17
2294 69 87 25
2295 69 89 11
2296 69 102 18
2297 69 105 10
2298 69 107 19
2299 69 120 4
2300 69 121 11
2301 69 129 9
2302 69 130 7
2303 69 134 15
2304 69 136 24
2305 69 137 10
2306 69 139 17
2307 69 141 20
2308 69 142 2
2309 69 152 15
2310 69 154 1
2311 69 155 8
2312 69 163 22
2313 69 169 17
2314 69 180 18
2315 69 187 24
2316 69 191 24
2317 69 192 10
2318 69 195 12
2319 70 73 23
2320 70 77 7
2321 70 79 16
2322 70 82 11
2323 70 84 18
2324 70 88 25
2325 70 92 7
2326 70 94 12
2327 70 100 14
2328 70 101 14
2329 70 112 3
2330 70 114 7
2331 70 130 11
2332 70 131 8
2333 70 136 15
2334 70 137 2
2335 70 139 12
2336 70 144 2
2337 70 148 18
2338 70 152 22
2339 70 157 5
2340 70 168 22
2341 70 173 21
2342 70 180 23
2343 70 189 10
2344 70 193 23
2345 70 194 15
2346 71 73 22
2347 71 78 19
2348 71 80 16
2349 71 92 20
2350 71 96 17
2351 71 99 3
2352 71 105 17
2353 71 109 14
2354 71 113 3
2355 71 117 10
2356 71 119 24
2357 71 125 11
2358 71 126 6
2359 71 137 18
2360 71 138 17
2361 71 139 10
2362 71 141 12
2363 71 144 25
2364 71 154 21
2365 71 159 17
2366 71 164 24
2367 71 165 19
2368 71 169 15
2369 71 171 9
2370 71 174 11
2371 71 178 22
2372 71 179 3
2373 71 182 9
2374 71 187 7
2375 72 73 9
2376 72 74 15
2377 72 82 9
2378 72 92 6
2379 72 93 22
2380 72 100 23
2381 72 102 10
2382 72 104 25
2383 72 114 9
2384 72 117 1
2385 72 125 17
2386 72 130 9
2387 72 147 8
2388 72 151 25
2389 72 156 18
2390 72 173 10
2391 72 176 4
2392 72 181 1
2393 72 186 15
2394 72 189 15
2395 72 194 15
2396 73 79 3
2397 73 82 17
2398 73 89 1
2399 73 96 5
2400 73 106 12
2401 73 108 24
2402 73 117 20
2403 73 118 4
2404 73 125 13
2405 73 135 9
2406 73 148 9
2407 73 149 19
2408 73 152 24
2409 73 162 4
2410 73 170 25
2411 73 171 19
2412 73 174 20
2413 73 179 21
2414 73 188 6
2415 73 192 3
2416 74 75 3
2417 74 77 3
2418 74 78 24
2419 74 86 25
2420 74 90 1
2421 74 94 19
2422 74 96 24
2423 74 102 5
2424 74 106 4
2425 74 109 3
2426 74 115 23
2427 74 117 11
2428 74 131 16
2429 74 132 13
2430 74 137 18
2431 74 139 18
2432 74 140 5
2433 74 145 1
2434 74 156 10
2435 74 163 1
2436 74 169 7
2437 74 170 3
2438 74 172 21
2439 74 173 18
2440 74 178 23
2441 74 179 22
2442 74 181 9
2443 74 183 16
2444 74 185 6
2445 74 194 9
2446 75 76 9
2447 75 77 25
2448 75 83 10
2449 75 86 20
2450 75 94 3
2451 75 105 20
2452 75 111 14
2453 75 126 3
2454 75 128 8
2455 75 131 17
2456 75 134 20
2457 75 141 5
2458 75 148 9
2459 75 149 20
2460 75 151 15
2461 75 165 4
2462 75 166 6
2463 75 170 2
2464 75 172 21
2465 75 174 16
2466 75 177 21
2467 75 181 5
2468 75 191 6
2469 75 192 15
2470 75 196 13
2471 75 197 13
2472 75 198 11
2473 75 199 23
2474 76 89 16
2475 76 90 5
2476 76 92 15
2477 76 93 16
2478 76 99 23
2479 76 101 17
2480 76 102 3
2481 76 106 19
2482 76 113 7
2483 76 117 12
2484 76 118 8
2485 76 124 12
2486 76 133 17
2487 76 141 18
2488 76 146 19
2489 76 147 20
2490 76 150 20
2491 76 160 1
2492 76 164 9
2493 76 169 15
2494 76 174 22
2495 76 175 9
2496 76 181 13
2497 76 182 19
2498 76 183 3
2499 76 184 14
2500 76 185 24
2501 76 187 17
2502 76 195 6
2503 77 93 6
2504 77 102 5
2505 77 103 12
2506 77 109 7
2507 77 113 17
2508 77 119 23
2509 77 122 12
2510 77 123 5
2511 77 125 4
2512 77 127 12
2513 77 130 4
2514 77 134 20
2515 77 141 17
2516 77 142 9
2517 77 144 13
2518 77 149 9
2519 77 157 15
2520 77 158 5
2521 77 160 23
2522 77 169 4
2523 77 176 24
2524 77 186 11
2525 77 190 6
2526 78 88 6
2527 78 103 1
2528 78 107 22
2529 78 111 9
2530 78 121 18
2531 78 124 3
2532 78 128 15
2533 78 136 8
2534 78 138 18
2535 78 148 23
2536 78 151 21
2537 78 161 16
2538 78 163 24
2539 78 165 4
2540 78 175 25
2541 78 180 19
2542 78 185 16
2543 78 189 15
2544 78 195 25
2545 79 85 6
2546 79 86 21
2547 79 90 11
2548 79 101 2
2549 79 103 7
2550 79 108 23
2551 79 126 12
2552 79 130 19
2553 79 134 20
2554 79 135 14
2555 79 143 3
2556 79 157 4
2557 79 159 6
2558 79 161 20
2559 79 174 16
2560 79 179 17
2561 79 193 1
2562 80 86 25
2563 80 91 5
2564 80 93 21
2565 80 96 13
2566 80 100 9
2567 80 102 22
2568 80 103 22
2569 80 109 9
2570 80 111 21
2571 80 115 24
2572 80 117 15
2573 80 123 17
2574 80 128 1
2575 80 135 8
2576 80 136 21
2577 80 138 6
2578 80 147 20
2579 80 154 5
2580 80 157 23
2581 80 161 4
2582 80 165 21
2583 80 167 22
2584 80 192 10
2585 80 196 23
2586 81 84 20
2587 81 85 3
2588 81 86 8
2589 81 88 12
2590 81 104 15
2591 81 111 1
2592 81 114 22
2593 81 119 5
2594 81 123 23
2595 81 127 19
2596 81 130 9
2597 81 142 22
2598 81 150 17
2599 81 171 12
2600 81 175 7
2601 81 176 3
2602 81 188 19
2603 81 191 6
2604 81 192 2
2605 81 196 7
2606 82 95 22
2607 82 98 24
2608 82 107 14
2609 82 109 13
2610 82 112 17
2611 82 115 24
2612 82 117 19
2613 82 118 22
2614 82 120 13
2615 82 129 6
2616 82 130 17
2617 82 138 2
2618 82 140 5
2619 82 153 2
2620 82 160 16
2621 82 176 14
2622 82 177 3
2623 82 183 6
2624 82 190 11
2625 82 197 3
2626 83 85 6
2627 83 95 25
2628 83 101 17
2629 83 104 7
2630 83 113 12
2631 83 118 22
2632 83 135 8
2633 83 141 17
2634 83 143 15
2635 83 145 25
2636 83 151 16
2637 83 171 17
2638 83 176 22
2639 83 179 4
2640 83 181 16
2641 83 184 3
2642 84 85 10
2643 84 91 23
2644 84 97 23
2645 84 99 7
2646 84 103 19
2647 84 107 22
2648 84 113 7
2649 84 117 21
2650 84 118 14
2651 84 126 20
2652 84 127 5
2653 84 129 12
2654 84 134 16
2655 84 144 17
2656 84 153 19
2657 84 174 15
2658 84 175 1
2659 84 177 2
2660 84 180 25
2661 84 186 9
2662 84 191 16
2663 84 192 17
2664 84 198 10
2665 85 95 4
2666 85 96 5
2667 85 100 4
2668 85 102 12
2669 85 109 3
2670 85 111 1
2671 85 113 13
2672 85 120 21
2673 85 124 1
2674 85 125 2
2675 85 128 9
2676 85 135 11
2677 85 136 11
2678 85 144 15
2679 85 149 19
2680 85 158 22
2681 85 159 18
2682 85 168 20
2683 85 169 15
2684 85 178 20
2685 85 186 1
2686 85 188 13
2687 85 192 23
2688 85 196 5
2689 86 92 23
2690 86 93 8
2691 86 99 12
2692 86 100 16
2693 86 101 13
2694 86 107 5
2695 86 112 8
2696 86 117 25
2697 86 120 5
2698 86 122 3
2699 86 125 9
2700 86 127 17
2701 86 159 1
2702 86 165 9
2703 86 169 12
2704 86 178 8
2705 86 182 1
2706 86 189 11
2707 86 190 15
2708 86 195 8
2709 86 197 3
2710 87 89 16
2711 87 91 17
2712 87 93 17
2713 87 94 19
2714 87 97 7
2715 87 100 10
2716 87 108 7
2717 87 112 18
2718 87 114 6
2719 87 125 14
2720 87 130 14
2721 87 132 8
2722 87 135 3
2723 87 141 15
2724 87 142 5
2725 87 147 9
2726 87 149 1
2727 87 150 6
2728 87 156 4
2729 87 165 10
2730 87 169 24
2731 87 170 2
2732 87 173 3
2733 87 176 3
2734 87 177 10
2735 87 185 17
2736 87 187 9
2737 87 189 12
2738 87 192 19
2739 87 194 4
2740 87 197 8
2741 87 199 8
2742 88 91 13
2743 88 94 18
2744 88 99 1
2745 88 103 24
2746 88 107 16
2747 88 117 8
2748 88 118 9
2749 88 120 16
2750 88 124 19
2751 88 126 11
2752 88 127 14
2753 88 132 3
2754 88 133 21
2755 88 137 2
2756 88 140 19
2757 88 147 19
2758 88 157 4
2759 88 165 6
2760 88 167 2
2761 88 175 1
2762 88 180 2
2763 88 182 3
2764 88 183 9
2765 88 184 18
2766 88 186 21
2767 88 188 20
2768 88 191 1
2769 88 193 2
2770 88 194 11
2771 89 91 8
2772 89 108 22
2773 89 109 16
2774 89 112 22
2775 89 114 14
2776 89 117 8
2777 89 127 24
2778 89 131 11
2779 89 135 4
2780 89 142 15
2781 89 150 19
2782 89 157 12
2783 89 163 16
2784 89 164 18
2785 89 170 10
2786 89 183 2
2787 89 184 2
2788 89 192 21
2789 89 196 11
2790 90 91 11
2791 90 92 1
2792 90 102 16
2793 90 107 9
2794 90 108 22
2795 90 124 2
2796 90 126 18
2797 90 128 3
2798 90 132 14
2799 90 134 14
2800 90 143 2
2801 90 145 24
2802 90 146 21
2803 90 148 23
2804 90 150 19
2805 90 154 11
2806 90 157 13
2807 90 159 12
2808 90 160 22
2809 90 161 4
2810 90 164 25
2811 90 169 9
2812 90 173 24
2813 90 175 8
2814 90 188 18
2815 90 189 22
2816 90 191 22
2817 90 192 25
2818 90 195 15
2819 91 96 14
2820 91 97 16
2821 91 101 5
2822 91 106 23
2823 91 107 15
2824 91 119 10
2825 91 124 11
2826 91 126 10
2827 91 128 2
2828 91 129 18
2829 91 130 18
2830 91 133 13
2831 91 151 24
2832 91 153 18
2833 91 157 8
2834 91 162 20
2835 91 164 8
2836 91 166 25
2837 91 170 10
2838 91 172 20
2839 91 192 13
2840 92 93 25
2841 92 94 17
2842 92 107 11
2843 92 110 15
2844 92 119 9
2845 92 124 3
2846 92 127 19
2847 92 136 2
2848 92 138 6
2849 92 141 17
2850 92 144 7
2851 92 145 4
2852 92 159 18
2853 92 161 19
2854 92 163 3
2855 92 164 11
2856 92 165 16
2857 92 170 14
2858 92 182 24
2859 92 183 19
2860 92 186 1
2861 92 188 18
2862 92 190 8
2863 92 191 1
2864 93 102 22
2865 93 110 16
2866 93 113 5
2867 93 121 21
2868 93 126 23
2869 93 130 14
2870 93 133 14
2871 93 146 6
2872 93 159 22
2873 93 167 12
2874 93 178 11
2875 93 191 22
2876 93 193 21
2877 94 98 15
2878 94 99 3
2879 94 100 17
2880 94 101 24
2881 94 108 19
2882 94 112 14
2883 94 113 9
2884 94 114 9
2885 94 115 12
2886 94 116 16
2887 94 120 18
2888 94 123 15
2889 94 127 17
2890 94 131 16
2891 94 135 16
2892 94 140 16
2893 94 141 19
2894 94 143 24
2895 94 147 3
2896 94 153 7
2897 94 165 22
2898 94 171 12
2899 94 177 13
2900 94 184 21
2901 94 190 3
2902 94 192 15
2903 94 194 24
2904 94 196 15
2905 94 199 18
2906 95 100 8
2907 95 101 2
2908 95 104 16
2909 95 108 5
2910 95 110 19
2911 95 113 11
2912 95 115 14
2913 95 127 3
2914 95 140 12
2915 95 142 11
2916 95 149 14
2917 95 153 15
2918 95 160 1
2919 95 169 20
2920 95 172 4
2921 95 177 12
2922 95 181 13
2923 95 187 4
2924 95 189 17
2925 96 105 18
2926 96 111 19
2927 96 118 21
2928 96 135 23
2929 96 136 6
2930 96 144 3
2931 96 157 6
2932 96 168 20
2933 96 179 17
2934 96 181 21
2935 96 182 22
2936 96 185 11
2937 96 191 4
2938 96 195 17
2939 96 197 7
2940 97 103 24
2941 97 104 5
2942 97 107 12
2943 97 117 18
2944 97 118 2
2945 97 122 19
2946 97 127 9
2947 97 132 14
2948 97 138 23
2949 97 141 17
2950 97 145 10
2951 97 147 8
2952 97 153 19
2953 97 154 1
2954 97 160 23
2955 97 164 21
2956 97 167 9
2957 97 169 3
2958 97 177 12
2959 97 186 24
2960 97 188 21
2961 98 104 2
2962 98 106 5
2963 98 115 24
2964 98 116 11
2965 98 118 8
2966 98 121 3
2967 98 122 2
2968 98 124 6
2969 98 141 17
2970 98 144 8
2971 98 147 1
2972 98 151 25
2973 98 168 25
2974 98 172 8
2975 98 173 9
2976 98 181 19
2977 98 192 2
2978 98 198 11
2979 98 199 19
2980 99 101 13
2981 99 109 8
2982 99 117 15
2983 99 128 3
2984 99 129 10
2985 99 131 24
2986 99 137 23
2987 99 143 7
2988 99 145 20
2989 99 157 20
2990 99 159 16
2991 99 163 18
2992 99 171 3
2993 99 177 19
2994 99 180 11
2995 99 194 16
2996 100 108 15
2997 100 115 17
2998 100 126 5
2999 100 129 21
3000 100 132 1
3001 100 133 3
3002 100 137 15
3003 100 139 11
3004 100 145 22
3005 100 154 3
3006 100 160 24
3007 100 161 14
3008 100 176 10
3009 100 177 3
3010 100 180 8
3011 100 181 13
3012 100 182 4
3013 100 184 15
3014 100 193 4
3015 100 194 4
3016 100 198 22
3017 101 104 15
3018 101 112 20
3019 101 116 10
3020 101 121 22
3021 101 123 12
3022 101 124 15
3023 101 139 8
3024 101 140 18
3025 101 154 12
3026 101 155 7
3027 101 161 1
3028 101 174 12
3029 101 181 7
3030 101 182 25
3031 101 185 3
3032 101 188 4
3033 101 191 15
3034 101 194 16
3035 101 197 9
3036 102 103 7
3037 102 115 10
3038 102 119 3
3039 102 122 13
3040 102 124 7
3041 102 130 15
3042 102 160 14
3043 102 161 21
3044 102 180 12
3045 102 185 24
3046 102 193 23
3047 102 194 2
3048 102 198 24
3049 103 107 5
3050 103 110 11
3051 103 121 21
3052 103 124 3
3053 103 127 7
3054 103 136 20
3055 103 138 6
3056 103 145 3
3057 103 146 3
3058 103 154 20
3059 103 159 7
3060 103 173 22
3061 103 174 14
3062 103 175 3
3063 103 180 6
3064 103 182 24
3065 103 190 16
3066 103 191 24
3067 103 192 14
3068 103 195 12
3069 103 196 7
3070 104 105 12
3071 104 107 25
3072 104 110 12
3073 104 112 7
3074 104 115 5
3075 104 116 9
3076 104 121 14
3077 104 122 5
3078 104 125 23
3079 104 127 24
3080 104 130 1
3081 104 134 19
3082 104 138 18
3083 104 139 3
3084 104 140 21
3085 104 142 18
3086 104 146 9
3087 104 158 12
3088 104 161 15
3089 104 166 5
3090 104 171 12
3091 104 173 21
3092 104 183 16
3093 104 187 18
3094 104 188 2
3095 104 190 5
3096 104 193 24
3097 104 196 11
3098 105 108 15
3099 105 113 7
3100 105 116 12
3101 105 120 25
3102 105 123 25
3103 105 128 8
3104 105 130 19
3105 105 131 18
3106 105 137 15
3107 105 138 13
3108 105 141 3
3109 105 143 11
3110 105 144 23
3111 105 150 12
3112 105 151 24
3113 105 156 5
3114 105 163 23
3115 105 169 2
3116 105 171 14
3117 105 172 23
3118 105 179 14
3119 105 181 16
3120 105 184 1
3121 105 187 1
3122 106 108 1
3123 106 114 12
3124 106 115 6
3125 106 127 17
3126 106 130 19
3127 106 131 5
3128 106 136 5
3129 106 138 22
3130 106 143 21
3131 106 146 16
3132 106 151 15
3133 106 158 3
3134 106 159 8
3135 106 162 6
3136 106 163 3
3137 106 166 4
3138 106 167 9
3139 106 169 25
3140 106 172 18
3141 106 173 2
3142 106 184 11
3143 106 185 7
3144 106 199 20
3145 107 108 9
3146 107 111 7
3147 107 116 6
3148 107 134 10
3149 107 149 8
3150 107 155 24
3151 107 163 1
3152 107 164 4
3153 107 166 3
3154 107 175 3
3155 107 184 18
3156 107 187 20
3157 107 189 17
3158 107 192 8
3159 108 119 19
3160 108 122 1
3161 108 137 6
3162 108 140 23
3163 108 145 5
3164 108 146 25
3165 108 153 7
3166 108 157 25
3167 108 158 23
3168 108 161 5
3169 108 168 4
3170 108 169 10
3171 108 173 5
3172 108 174 1
3173 108 191 20
3174 109 113 9
3175 109 116 23
3176 109 119 1
3177 109 121 14
3178 109 128 4
3179 109 131 7
3180 109 138 4
3181 109 144 25
3182 109 145 1
3183 109 150 8
3184 109 151 19
3185 109 154 8
3186 109 158 10
3187 109 172 18
3188 109 175 5
3189 109 180 18
3190 109 190 25
3191 109 194 25
3192 109 196 7
3193 109 197 23
3194 109 199 7
3195 110 111 13
3196 110 113 17
3197 110 116 5
3198 110 117 17
3199 110 119 10
3200 110 123 24
3201 110 131 17
3202 110 133 4
3203 110 137 19
3204 110 141 4
3205 110 144 20
3206 110 155 4
3207 110 156 4
3208 110 159 6
3209 110 175 10
3210 110 183 8
3211 110 187 23
3212 110 193 21
3213 110 199 1
3214 111 121 20
3215 111 125 2
3216 111 134 17
3217 111 136 12
3218 111 144 25
3219 111 145 1
3220 111 147 7
3221 111 148 1
3222 111 152 14
3223 111 157 1
3224 111 159 15
3225 111 160 11
3226 111 162 18
3227 111 164 17
3228 111 170 23
3229 111 175 22
3230 111 176 13
3231 111 177 14
3232 111 178 25
3233 111 180 20
3234 111 189 13
3235 111 190 3
3236 111 193 1
3237 111 195 25
3238 111 197 10
3239 112 113 6
3240 112 132 7
3241 112 133 15
3242 112 134 23
3243 112 137 12
3244 112 138 19
3245 112 149 6
3246 112 165 17
3247 112 167 13
3248 112 173 8
3249 112 183 1
3250 112 187 15
3251 112 189 5
3252 112 190 21
3253 112 196 19
3254 113 117 23
3255 113 118 20
3256 113 124 2
3257 113 134 18
3258 113 136 13
3259 113 137 22
3260 113 138 25
3261 113 140 25
3262 113 141 5
3263 113 143 23
3264 113 146 17
3265 113 151 5
3266 113 165 21
3267 113 167 6
3268 113 169 7
3269 113 175 22
3270 113 178 25
3271 113 179 12
3272 113 183 11
3273 113 190 5
3274 113 193 4
3275 113 196 1
3276 114 124 17
3277 114 136 22
3278 114 137 1
3279 114 138 8
3280 114 141 17
3281 114 160 2
3282 114 161 4
3283 114 162 1
3284 114 168 25
3285 114 173 5
3286 114 175 22
3287 114 183 7
3288 114 184 5
3289 114 193 8
3290 114 199 7
3291 115 117 3
3292 115 121 17
3293 115 125 19
3294 115 129 8
3295 115 130 14
3296 115 135 4
3297 115 137 11
3298 115 140 4
3299 115 145 15
3300 115 150 9
3301 115 157 7
3302 115 158 2
3303 115 161 5
3304 115 171 21
3305 115 182 16
3306 115 190 12
3307 115 195 7
3308 115 199 13
3309 116 119 11
3310 116 126 20
3311 116 127 6
3312 116 129 15
3313 116 132 25
3314 116 136 1
3315 116 142 22
3316 116 169 5
3317 116 172 11
3318 116 175 9
3319 116 177 11
3320 116 182 24
3321 116 190 15
3322 116 196 11
3323 116 197 4
3324 117 124 24
3325 117 125 1
3326 117 127 8
3327 117 132 20
3328 117 133 13
3329 117 139 14
3330 117 143 16
3331 117 148 10
3332 117 164 18
3333 117 165 18
3334 117 170 2
3335 117 173 1
3336 117 175 12
3337 117 180 6
3338 117 183 9
3339 117 190 25
3340 117 193 4
3341 117 197 11
3342 117 198 11
3343 118 128 19
3344 118 134 20
3345 118 137 5
3346 118 138 18
3347 118 142 14
3348 118 147 6
3349 118 153 9
3350 118 164 3
3351 118 166 4
3352 118 170 23
3353 118 174 10
3354 118 175 5
3355 118 176 20
3356 118 178 7
3357 118 180 11
3358 118 181 18
3359 118 182 23
3360 118 187 9
3361 118 198 5
3362 118 199 24
3363 119 121 7
3364 119 125 8
3365 119 128 18
3366 119 134 19
3367 119 135 3
3368 119 146 7
3369 119 147 22
3370 119 154 2
3371 119 184 25
3372 119 187 3
3373 119 190 22
3374 120 125 17
3375 120 135 16
3376 120 137 7
3377 120 141 14
3378 120 146 6
3379 120 147 16
3380 120 151 25
3381 120 155 15
3382 120 169 17
3383 120 175 2
3384 120 177 17
3385 120 183 25
3386 120 185 18
3387 120 188 17
3388 120 192 11
3389 120 196 17
3390 120 199 12
3391 121 123 24
3392 121 134 2
3393 121 147 23
3394 121 148 16
3395 121 158 17
3396 121 160 20
3397 121 162 6
3398 121 167 3
3399 121 180 14
3400 121 184 4
3401 121 196 12
3402 122 123 4
3403 122 126 5
3404 122 127 16
3405 122 128 8
3406 122 134 23
3407 122 138 1
3408 122 142 19
3409 122 150 3
3410 122 152 20
3411 122 155 15
3412 122 157 12
3413 122 159 19
3414 122 169 24
3415 122 170 23
3416 122 189 13
3417 122 192 4
3418 122 194 14
3419 122 195 24
3420 122 197 9
3421 123 127 23
3422 123 129 6
3423 123 130 18
3424 123 137 22
3425 123 140 25
3426 123 154 3
3427 123 156 3
3428 123 157 24
3429 123 166 23
3430 123 170 21
3431 123 173 8
3432 123 175 19
3433 123 188 2
3434 124 129 3
3435 124 130 9
3436 124 138 21
3437 124 146 1
3438 124 158 21
3439 124 166 25
3440 124 173 8
3441 124 181 24
3442 124 186 1
3443 125 126 20
3444 125 137 21
3445 125 140 12
3446 125 150 20
3447 125 156 5
3448 125 157 1
3449 125 162 2
3450 125 164 22
3451 125 167 24
3452 125 173 23
3453 125 176 22
3454 125 177 16
3455 125 178 20
3456 125 179 21
3457 125 184 14
3458 125 193 16
3459 126 127 14
3460 126 131 20
3461 126 135 11
3462 126 142 19
3463 126 145 3
3464 126 149 3
3465 126 157 18
3466 126 158 24
3467 126 163 17
3468 126 165 25
3469 126 166 23
3470 126 170 18
3471 126 177 2
3472 126 179 15
3473 126 183 12
3474 126 190 25
3475 126 191 2
3476 126 195 1
3477 127 128 10
3478 127 130 9
3479 127 141 16
3480 127 145 1
3481 127 150 25
3482 127 151 2
3483 127 157 8
3484 127 163 13
3485 127 164 7
3486 127 170 9
3487 127 175 20
3488 127 181 21
3489 127 183 23
3490 127 184 21
3491 127 193 14
3492 127 196 19
3493 127 197 16
3494 128 132 15
3495 128 135 4
3496 128 144 21
3497 128 147 3
3498 128 152 1
3499 128 161 12
3500 128 165 20
3501 128 166 11
3502 128 167 5
3503 128 168 15
3504 128 171 24
3505 128 173 7
3506 128 176 2
3507 128 179 15
3508 128 187 10
3509 128 191 16
3510 128 193 22
3511 128 194 2
3512 128 198 9
3513 129 134 5
3514 129 138 9
3515 129 147 24
3516 129 148 1
3517 129 151 3
3518 129 152 21
3519 129 155 9
3520 129 159 12
3521 129 162 7
3522 129 170 18
3523 129 177 11
3524 129 178 17
3525 129 179 2
3526 129 186 6
3527 129 192 3
3528 129 197 24
3529 130 132 10
3530 130 140 14
3531 130 143 14
3532 130 145 25
3533 130 147 18
3534 130 149 14
3535 130 151 3
3536 130 154 14
3537 130 161 13
3538 130 165 12
3539 130 166 19
3540 130 171 17
3541 130 176 18
3542 130 188 8
3543 130 191 11
3544 131 132 13
3545 131 133 7
3546 131 139 15
3547 131 141 3
3548 131 142 14
3549 131 147 18
3550 131 151 15
3551 131 155 2
3552 131 159 6
3553 131 170 7
3554 131 185 15
3555 131 191 11
3556 131 196 2
3557 132 137 7
3558 132 141 23
3559 132 148 7
3560 132 159 11
3561 132 162 4
3562 132 163 12
3563 132 164 5
3564 132 172 6
3565 132 178 12
3566 132 179 15
3567 132 182 22
3568 132 189 25
3569 132 195 18
3570 133 142 18
3571 133 145 15
3572 133 146 12
3573 133 147 19
3574 133 173 7
3575 133 176 6
3576 133 178 6
3577 133 182 14
3578 133 190 20
3579 133 194 14
3580 133 198 13
3581 134 137 23
3582 134 150 3
3583 134 151 11
3584 134 160 6
3585 134 165 1
3586 134 166 18
3587 134 169 17
3588 134 173 20
3589 134 174 3
3590 134 179 25
3591 134 180 16
3592 134 183 15
3593 134 184 24
3594 134 190 18
3595 134 193 24
3596 134 194 6
3597 135 137 10
3598 135 139 9
3599 135 153 4
3600 135 172 24
3601 135 173 18
3602 135 174 4
3603 135 177 19
3604 135 179 10
3605 135 186 4
3606 135 187 14
3607 135 191 15
3608 135 196 9
3609 135 198 13
3610 136 140 13
3611 136 143 22
3612 136 145 17
3613 136 149 16
3614 136 152 21
3615 136 159 22
3616 136 179 16
3617 136 183 8
3618 136 185 21
3619 136 186 14
3620 136 188 20
3621 136 196 6
3622 136 197 23
3623 136 198 14
3624 137 143 19
3625 137 152 23
3626 137 160 11
3627 137 162 8
3628 137 166 11
3629 137 169 19
3630 137 172 21
3631 137 191 9
3632 138 149 25
3633 138 151 22
3634 138 160 1
3635 138 168 10
3636 138 176 18
3637 138 183 18
3638 138 188 24
3639 139 146 23
3640 139 164 16
3641 139 165 18
3642 139 169 12
3643 139 172 2
3644 139 173 9
3645 139 179 17
3646 139 182 3
3647 139 183 6
3648 139 184 15
3649 139 186 6
3650 139 195 14
3651 139 198 15
3652 140 151 20
3653 140 156 2
3654 140 157 15
3655 140 158 4
3656 140 159 25
3657 140 163 2
3658 140 166 25
3659 140 170 14
3660 140 173 11
3661 140 179 20
3662 140 187 25
3663 140 188 7
3664 140 191 2
3665 140 199 4
3666 141 149 2
3667 141 160 9
3668 141 161 5
3669 141 167 4
3670 141 170 8
3671 141 177 20
3672 141 181 21
3673 141 185 9
3674 141 187 16
3675 141 191 16
3676 141 193 21
3677 141 198 19
3678 141 199 5
3679 142 144 15
3680 142 149 5
3681 142 152 12
3682 142 157 6
3683 142 162 14
3684 142 164 15
3685 142 167 4
3686 142 175 21
3687 142 179 15
3688 142 182 11
3689 142 187 17
3690 142 197 13
3691 143 146 12
3692 143 151 23
3693 143 152 7
3694 143 174 25
3695 143 175 16
3696 143 176 24
3697 143 178 16
3698 143 179 20
3699 143 186 22
3700 143 187 24
3701 143 198 20
3702 144 151 4
3703 144 157 3
3704 144 168 23
3705 144 177 25
3706 144 182 13
3707 144 188 17
3708 144 192 19
3709 144 198 2
3710 145 159 1
3711 145 163 22
3712 145 168 16
3713 145 172 3
3714 145 173 2
3715 145 175 13
3716 145 191 11
3717 145 192 5
3718 145 193 16
3719 146 148 16
3720 146 154 23
3721 146 162 18
3722 146 165 6
3723 146 170 25
3724 146 171 21
3725 146 176 3
3726 146 180 5
3727 146 181 10
3728 146 182 23
3729 146 192 13
3730 147 149 9
3731 147 153 24
3732 147 175 1
3733 147 176 6
3734 147 185 11
3735 147 186 18
3736 147 189 5
3737 147 194 6
3738 147 196 4
3739 147 197 17
3740 148 149 21
3741 148 153 6
3742 148 154 20
3743 148 160 5
3744 148 169 3
3745 148 173 20
3746 148 178 2
3747 148 180 15
3748 148 181 24
3749 148 191 3
3750 149 153 15
3751 149 155 10
3752 149 158 12
3753 149 159 20
3754 149 160 23
3755 149 164 5
3756 149 171 15
3757 149 175 13
3758 149 181 25
3759 149 182 23
3760 149 183 16
3761 150 151 7
3762 150 152 22
3763 150 169 18
3764 150 170 7
3765 150 171 16
3766 150 173 5
3767 150 174 3
3768 150 187 13
3769 150 188 23
3770 150 193 3
3771 150 196 17
3772 150 197 20
3773 151 158 15
3774 151 164 7
3775 151 167 4
3776 151 172 8
3777 151 175 8
3778 152 167 25
3779 152 179 3
3780 152 180 15
3781 152 181 11
3782 152 192 23
3783 153 154 12
3784 153 155 22
3785 153 161 6
3786 153 162 23
3787 153 163 1
3788 153 166 14
3789 153 169 19
3790 153 172 14
3791 153 174 13
3792 153 177 6
3793 153 187 6
3794 153 190 6
3795 153 192 12
3796 153 194 14
3797 153 198 15
3798 153 199 17
3799 154 158 17
3800 154 159 10
3801 154 173 4
3802 154 185 3
3803 154 188 5
3804 154 191 11
3805 154 192 2
3806 155 162 19
3807 155 163 11
3808 155 168 22
3809 155 170 19
3810 155 173 8
3811 155 187 6
3812 155 190 25
3813 155 198 7
3814 156 161 15
3815 156 165 14
3816 156 169 2
3817 156 174 2
3818 157 159 12
3819 157 162 1
3820 157 163 24
3821 157 168 3
3822 157 170 23
3823 157 171 14
3824 157 192 11
3825 157 193 23
3826 158 160 3
3827 158 169 3
3828 158 174 22
3829 158 182 20
3830 158 184 21
3831 158 188 12
3832 158 190 4
3833 158 194 16
3834 158 196 5
3835 158 199 15
3836 159 180 12
3837 159 184 3
3838 159 192 19
3839 159 197 22
3840 160 162 21
3841 160 164 16
3842 160 176 23
3843 160 177 13
3844 160 178 11
3845 160 181 18
3846 160 183 25
3847 160 186 20
3848 160 187 8
3849 160 189 14
3850 160 194 17
3851 161 165 7
3852 161 166 17
3853 161 171 5
3854 161 174 7
3855 161 176 20
3856 161 184 24
3857 161 185 2
3858 161 187 14
3859 161 191 9
3860 161 193 19
3861 162 178 7
3862 162 179 2
3863 162 190 14
3864 163 170 12
3865 163 171 20
3866 163 184 19
3867 163 193 17
3868 164 170 18
3869 164 172 21
3870 164 177 2
3871 164 185 11
3872 164 193 19
3873 165 168 11
3874 165 176 22
3875 165 177 18
3876 165 178 16
3877 165 184 1
3878 165 189 21
3879 165 191 19
3880 166 171 10
3881 166 174 4
3882 166 177 6
3883 166 178 20
3884 166 192 22
3885 166 193 10
3886 166 195 11
3887 167 184 8
3888 167 187 4
3889 167 188 20
3890 168 171 13
3891 168 174 14
3892 168 177 16
3893 168 179 18
3894 168 185 25
3895 168 196 18
3896 168 197 25
3897 169 173 9
3898 169 174 7
3899 169 176 6
3900 169 181 15
3901 169 182 10
3902 169 184 9
3903 169 194 3
3904 170 177 8
3905 170 186 15
3906 170 187 5
3907 170 189 6
3908 170 198 7
3909 171 177 5
3910 171 186 14
3911 171 188 18
3912 171 191 17
3913 171 192 1
3914 171 194 5
3915 171 196 13
3916 172 176 7
3917 172 177 9
3918 172 180 11
3919 172 190 22
3920 172 197 3
3921 173 178 21
3922 173 179 11
3923 173 192 19
3924 173 199 8
3925 174 176 23
3926 174 178 6
3927 174 182 4
3928 174 183 1
3929 174 184 10
3930 174 186 18
3931 174 194 7
3932 174 197 12
3933 175 188 9
3934 175 189 7
3935 175 192 6
3936 175 195 24
3937 176 179 21
3938 176 183 14
3939 176 185 6
3940 176 190 3
3941 176 191 25
3942 176 192 6
3943 176 194 10
3944 176 196 13
3945 176 199 17
3946 177 180 13
3947 177 183 14
3948 177 186 25
3949 177 196 2
3950 178 184 2
3951 178 189 18
3952 178 198 3
3953 179 184 22
3954 179 185 22
3955 179 192 14
3956 179 195 5
3957 179 198 15
3958 180 182 6
3959 180 183 19
3960 180 185 23
3961 180 189 21
3962 180 190 25
3963 180 191 9
3964 180 193 14
3965 180 195 22
3966 181 187 24
3967 181 196 13
3968 181 198 13
3969 182 185 25
3970 182 199 19
3971 183 192 6
3972 183 193 9
3973 183 199 15
3974 184 185 13
3975 184 188 1
3976 185 187 23
3977 185 189 10
3978 185 194 15
3979 186 191 9
3980 186 197 11
3981 186 198 9
3982 187 191 9
3983 187 197 19
3984 187 198 20
3985 188 191 5
3986 189 195 1
3987 190 192 22
3988 190 193 22
3989 191 196 4
3990 191 197 8
3991 191 199 22
3992 192 197 7
3993 193 197 19
3994 196 197 18
