200 3981 50 10
0 5
1 9
2 6
3 4
4 4
5 6
6 9
7 6
8 3
9 2
10 1
11 2
12 10
13 8
14 4
15 1
16 7
17 4
18 4
19 6
20 1
21 5
22 5
23 9
24 2
25 9
26 6
27 6
28 3
29 3
30 5
31 8
32 2
33 3
34 6
35 4
36 3
37 7
38 1
39 7
40 5
41 5
42 2
43 3
44 4
45 6
46 7
47 7
48 2
49 2
50 9
51 5
52 2
53 5
54 5
55 4
56 4
57 6
58 5
59 5
60 7
61 3
62 7
63 10
64 3
65 2
66 9
67 3
68 1
69 3
70 5
71 5
72 8
73 6
74 2
75 8
76 4
77 2
78 10
79 8
80 10
81 8
82 8
83 1
84 6
85 6
86 8
87 10
88 8
89 6
90 4
91 6
92 3
93 10
94 9
95 10
96 1
97 9
98 2
99 2
100 8
101 1
102 5
103 8
104 2
105 8
106 10
107 1
108 1
109 10
110 7
111 9
112 5
113 1
114 5
115 4
116 2
117 6
118 6
119 10
120 9
121 3
122 10
123 2
124 10
125 1
126 9
127 4
128 5
129 6
130 7
131 8
132 1
133 5
134 9
135 10
136 5
137 7
138 1
139 4
140 3
141 6
142 3
143 8
144 2
145 5
146 4
147 3
148 8
149 2
150 7
151 9
152 2
153 6
154 4
155 1
156 10
157 8
158 8
159 6
160 10
161 1
162 3
163 2
164 9
165 9
166 4
167 2
168 9
169 1
170 1
171 3
172 1
173 3
174 8
175 10
176 6
177 10
178 5
179 10
180 9
181 10
182 10
183 1
184 10
185 10
186 5
187 10
188 9
189 7
190 3
191 8
192 10
193 3
194 8
195 10
196 5
197 2
198 6
199 2
0 0 3 41
1 0 10 44
2 0 13 18
3 0 14 34
4 0 15 5
5 0 25 18
6 0 27 50
7 0 28 8
8 0 36 36
9 0 48 43
10 0 50 30
11 0 57 47
12 0 65 21
13 0 70 32
14 0 72 34
15 0 75 16
16 0 77 44
17 0 79 39
18 0 84 47
19 0 92 21
20 0 101 18
21 0 104 22
22 0 106 6
23 0 108 43
24 0 121 2
25 0 125 47
26 0 126 38
27 0 127 19
28 0 136 9
29 0 139 8
30 0 144 33
31 0 145 8
32 0 150 1
33 0 156 38
34 0 158 39
35 0 162 20
36 0 167 46
37 0 173 17
38 0 177 4
39 0 180 29
40 0 189 22
41 1 3 8
42 1 4 19
43 1 8 19
44 1 9 22
45 1 13 37
46 1 21 14
47 1 30 7
48 1 34 45
49 1 36 45
50 1 43 17
51 1 44 32
52 1 52 47
53 1 56 47
54 1 77 49
55 1 79 28
56 1 87 32
57 1 90 37
58 1 93 45
59 1 95 44
60 1 100 23
61 1 104 15
62 1 105 2
63 1 112 30
64 1 118 35
65 1 119 32
66 1 120 21
67 1 131 49
68 1 136 5
69 1 137 30
70 1 150 44
71 1 153 8
72 1 160 2
73 1 166 27
74 1 172 22
75 1 173 39
76 1 187 14
77 1 190 19
78 1 191 36
79 1 192 43
80 1 197 14
81 2 9 48
82 2 26 8
83 2 32 27
84 2 38 40
85 2 39 17
86 2 41 40
87 2 47 8
88 2 49 38
89 2 61 33
90 2 66 26
91 2 71 44
92 2 77 36
93 2 82 10
94 2 83 38
95 2 88 6
96 2 96 17
97 2 102 26
98 2 109 41
99 2 119 5
100 2 124 23
101 2 136 1
102 2 137 28
103 2 141 32
104 2 146 34
105 2 147 18
106 2 154 50
107 2 156 23
108 2 165 21
109 2 177 32
110 2 181 17
111 2 182 15
112 2 183 34
113 2 195 11
114 3 8 28
115 3 9 27
116 3 19 21
117 3 21 19
118 3 25 25
119 3 30 4
120 3 31 16
121 3 32 15
122 3 33 46
123 3 58 38
124 3 62 36
125 3 67 47
126 3 80 29
127 3 81 4
128 3 87 14
129 3 92 36
130 3 97 29
131 3 106 41
132 3 124 5
133 3 128 43
134 3 138 43
135 3 141 35
136 3 142 13
137 3 143 31
138 3 146 35
139 3 149 12
140 3 150 4
141 3 155 24
142 3 161 31
143 3 162 40
144 3 163 49
145 3 172 31
146 3 173 45
147 3 177 43
148 3 183 17
149 3 184 4
150 3 191 17
151 3 194 18
152 3 198 46
153 3 199 26
154 4 10 29
155 4 23 11
156 4 28 10
157 4 29 39
158 4 37 33
159 4 44 26
160 4 50 23
161 4 56 30
162 4 60 2
163 4 62 17
164 4 71 34
165 4 78 12
166 4 85 14
167 4 106 43
168 4 111 29
169 4 112 44
170 4 115 28
171 4 123 33
172 4 127 49
173 4 128 19
174 4 131 46
175 4 136 35
176 4 142 29
177 4 146 48
178 4 157 19
179 4 162 21
180 4 163 37
181 4 165 24
182 4 170 38
183 4 181 3
184 4 182 36
185 4 191 46
186 5 13 10
187 5 24 24
188 5 27 37
189 5 37 24
190 5 41 50
191 5 44 21
192 5 45 45
193 5 49 37
194 5 52 47
195 5 53 24
196 5 55 27
197 5 66 31
198 5 69 5
199 5 70 20
200 5 72 31
201 5 78 17
202 5 81 47
203 5 83 45
204 5 89 40
205 5 90 38
206 5 92 8
207 5 93 40
208 5 97 35
209 5 106 23
210 5 115 39
211 5 116 31
212 5 119 8
213 5 126 19
214 5 140 32
215 5 146 42
216 5 157 15
217 5 161 38
218 5 162 24
219 5 170 50
220 5 181 21
221 5 183 27
222 5 190 16
223 5 194 6
224 5 195 47
225 5 198 39
226 5 199 34
227 6 12 39
228 6 16 42
229 6 28 14
230 6 34 33
231 6 35 42
232 6 46 27
233 6 49 2
234 6 54 24
235 6 60 37
236 6 62 39
237 6 68 22
238 6 71 9
239 6 72 27
240 6 86 25
241 6 87 25
242 6 93 41
243 6 97 10
244 6 106 40
245 6 108 32
246 6 109 26
247 6 115 24
248 6 121 50
249 6 124 42
250 6 125 23
251 6 126 39
252 6 128 18
253 6 132 33
254 6 135 3
255 6 136 13
256 6 151 39
257 6 153 11
258 6 157 44
259 6 159 9
260 6 162 34
261 6 163 41
262 6 164 49
263 6 166 16
264 6 171 26
265 6 175 2
266 6 184 26
267 6 185 2
268 6 193 46
269 6 194 39
270 6 197 48
271 7 9 3
272 7 17 25
273 7 33 10
274 7 38 9
275 7 45 50
276 7 46 21
277 7 52 18
278 7 57 20
279 7 58 4
280 7 62 8
281 7 64 39
282 7 69 34
283 7 83 46
284 7 94 45
285 7 98 12
286 7 99 10
287 7 100 11
288 7 103 43
289 7 107 37
290 7 110 28
291 7 116 21
292 7 117 6
293 7 123 38
294 7 126 38
295 7 127 49
296 7 135 42
297 7 136 20
298 7 139 10
299 7 141 48
300 7 154 26
301 7 156 1
302 7 161 18
303 7 162 32
304 7 164 27
305 7 174 21
306 7 175 28
307 7 184 42
308 7 186 1
309 7 193 49
310 7 199 30
311 8 11 10
312 8 16 32
313 8 23 7
314 8 25 16
315 8 27 32
316 8 40 42
317 8 41 32
318 8 44 38
319 8 47 5
320 8 48 9
321 8 53 24
322 8 63 30
323 8 64 26
324 8 70 21
325 8 76 19
326 8 82 46
327 8 92 27
328 8 100 9
329 8 104 45
330 8 112 15
331 8 115 39
332 8 125 38
333 8 128 14
334 8 129 40
335 8 132 29
336 8 133 17
337 8 135 39
338 8 136 36
339 8 137 6
340 8 138 22
341 8 144 41
342 8 147 2
343 8 148 12
344 8 152 6
345 8 154 43
346 8 157 45
347 8 163 16
348 8 169 34
349 8 170 47
350 8 183 7
351 8 186 9
352 8 189 43
353 8 190 25
354 8 192 12
355 9 12 8
356 9 13 7
357 9 19 44
358 9 21 22
359 9 22 14
360 9 24 22
361 9 27 37
362 9 33 39
363 9 36 5
364 9 38 36
365 9 45 5
366 9 48 15
367 9 60 13
368 9 64 45
369 9 72 45
370 9 82 2
371 9 86 50
372 9 87 42
373 9 88 2
374 9 89 50
375 9 90 30
376 9 96 4
377 9 99 34
378 9 102 1
379 9 103 37
380 9 108 20
381 9 109 19
382 9 113 48
383 9 120 20
384 9 131 35
385 9 133 38
386 9 139 5
387 9 140 43
388 9 141 33
389 9 152 36
390 9 155 6
391 9 159 49
392 9 171 47
393 9 175 39
394 9 182 1
395 9 190 5
396 9 192 11
397 9 197 18
398 9 198 1
399 10 13 47
400 10 24 21
401 10 32 3
402 10 33 6
403 10 40 8
404 10 41 39
405 10 43 31
406 10 55 5
407 10 69 35
408 10 70 49
409 10 73 18
410 10 75 48
411 10 86 36
412 10 92 29
413 10 96 13
414 10 102 16
415 10 104 44
416 10 105 1
417 10 106 8
418 10 107 29
419 10 108 5
420 10 109 4
421 10 113 29
422 10 114 28
423 10 121 14
424 10 127 5
425 10 135 39
426 10 136 33
427 10 142 12
428 10 146 19
429 10 148 22
430 10 155 43
431 10 160 19
432 10 161 48
433 10 163 30
434 10 164 17
435 10 165 33
436 10 168 17
437 10 173 9
438 10 185 22
439 10 188 23
440 10 192 39
441 10 195 31
442 10 199 46
443 11 21 15
444 11 26 16
445 11 30 22
446 11 39 42
447 11 53 26
448 11 62 41
449 11 72 35
450 11 73 48
451 11 74 13
452 11 82 27
453 11 83 34
454 11 87 22
455 11 94 32
456 11 106 30
457 11 110 11
458 11 116 35
459 11 117 34
460 11 125 32
461 11 131 31
462 11 134 20
463 11 139 10
464 11 140 7
465 11 143 42
466 11 145 24
467 11 148 31
468 11 154 19
469 11 155 47
470 11 159 3
471 11 164 40
472 11 182 38
473 11 190 35
474 11 198 48
475 12 18 16
476 12 19 21
477 12 40 23
478 12 42 44
479 12 49 2
480 12 50 49
481 12 61 11
482 12 62 48
483 12 65 5
484 12 67 36
485 12 98 48
486 12 104 42
487 12 111 30
488 12 113 27
489 12 115 1
490 12 117 17
491 12 119 16
492 12 121 14
493 12 122 47
494 12 126 10
495 12 130 27
496 12 134 8
497 12 136 9
498 12 140 23
499 12 142 12
500 12 145 32
501 12 148 9
502 12 158 29
503 12 162 33
504 12 164 9
505 12 168 41
506 12 173 33
507 12 186 2
508 12 199 3
509 13 23 17
510 13 37 28
511 13 52 23
512 13 54 30
513 13 55 8
514 13 57 19
515 13 66 7
516 13 67 21
517 13 74 33
518 13 77 46
519 13 78 26
520 13 83 16
521 13 84 9
522 13 86 19
523 13 87 19
524 13 111 21
525 13 120 21
526 13 125 31
527 13 126 47
528 13 132 26
529 13 133 22
530 13 134 16
531 13 136 13
532 13 144 12
533 13 154 9
534 13 156 14
535 13 157 18
536 13 159 34
537 13 161 44
538 13 163 39
539 13 166 15
540 13 168 15
541 13 175 33
542 13 178 11
543 13 183 6
544 13 184 46
545 13 187 39
546 13 189 15
547 13 191 37
548 13 194 45
549 13 195 34
550 14 19 36
551 14 26 48
552 14 27 13
553 14 28 11
554 14 35 44
555 14 36 46
556 14 43 15
557 14 44 4
558 14 45 39
559 14 49 37
560 14 53 46
561 14 57 27
562 14 62 50
563 14 72 3
564 14 81 45
565 14 99 7
566 14 100 11
567 14 105 33
568 14 111 21
569 14 112 6
570 14 117 36
571 14 120 5
572 14 126 32
573 14 130 40
574 14 140 1
575 14 141 25
576 14 149 21
577 14 150 6
578 14 163 30
579 14 166 4
580 14 167 15
581 14 168 27
582 14 169 35
583 14 172 39
584 14 184 18
585 14 192 24
586 15 18 31
587 15 19 7
588 15 24 3
589 15 35 34
590 15 36 15
591 15 57 5
592 15 58 6
593 15 62 40
594 15 64 29
595 15 69 8
596 15 73 49
597 15 76 30
598 15 83 39
599 15 91 20
600 15 99 8
601 15 101 26
602 15 108 47
603 15 110 7
604 15 116 11
605 15 128 44
606 15 131 49
607 15 133 3
608 15 138 12
609 15 140 21
610 15 142 3
611 15 158 48
612 15 159 27
613 15 163 40
614 15 171 1
615 15 177 39
616 15 178 4
617 15 182 39
618 15 188 47
619 15 190 28
620 15 194 2
621 16 18 30
622 16 19 18
623 16 26 17
624 16 36 3
625 16 40 49
626 16 41 34
627 16 43 23
628 16 45 32
629 16 62 45
630 16 68 48
631 16 70 1
632 16 71 32
633 16 84 19
634 16 87 40
635 16 93 30
636 16 96 9
637 16 97 13
638 16 101 45
639 16 109 4
640 16 113 24
641 16 119 37
642 16 120 48
643 16 123 45
644 16 124 17
645 16 128 17
646 16 131 22
647 16 149 50
648 16 152 45
649 16 154 40
650 16 155 41
651 16 181 38
652 16 183 42
653 16 187 40
654 16 191 42
655 16 193 46
656 17 19 35
657 17 20 14
658 17 27 7
659 17 28 40
660 17 38 4
661 17 40 1
662 17 41 42
663 17 46 39
664 17 53 30
665 17 74 15
666 17 83 29
667 17 93 11
668 17 109 26
669 17 125 23
670 17 127 7
671 17 132 3
672 17 134 14
673 17 138 7
674 17 140 43
675 17 141 8
676 17 145 24
677 17 146 9
678 17 147 3
679 17 154 12
680 17 161 21
681 17 180 32
682 17 190 3
683 18 22 9
684 18 25 11
685 18 29 16
686 18 40 49
687 18 42 4
688 18 50 46
689 18 63 30
690 18 68 15
691 18 80 21
692 18 82 10
693 18 84 1
694 18 87 28
695 18 95 47
696 18 102 36
697 18 103 50
698 18 122 49
699 18 127 16
700 18 129 41
701 18 132 44
702 18 144 30
703 18 152 28
704 18 155 49
705 18 156 20
706 18 163 16
707 18 167 9
708 18 175 32
709 18 183 48
710 18 184 2
711 18 192 37
712 18 198 7
713 19 26 16
714 19 29 17
715 19 32 26
716 19 35 3
717 19 37 37
718 19 38 29
719 19 42 47
720 19 43 44
721 19 44 11
722 19 51 18
723 19 53 4
724 19 55 7
725 19 57 17
726 19 64 42
727 19 66 8
728 19 69 19
729 19 81 18
730 19 83 10
731 19 84 47
732 19 90 46
733 19 92 34
734 19 93 49
735 19 94 5
736 19 98 6
737 19 101 5
738 19 106 11
739 19 113 25
740 19 119 33
741 19 129 24
742 19 132 19
743 19 139 48
744 19 140 23
745 19 149 50
746 19 150 26
747 19 166 1
748 19 167 40
749 19 175 40
750 19 183 11
751 19 184 12
752 19 185 24
753 20 24 10
754 20 47 49
755 20 63 12
756 20 69 36
757 20 80 21
758 20 82 31
759 20 85 14
760 20 89 2
761 20 90 36
762 20 96 40
763 20 99 26
764 20 100 41
765 20 109 14
766 20 116 18
767 20 117 3
768 20 122 17
769 20 124 7
770 20 128 34
771 20 131 21
772 20 133 19
773 20 143 44
774 20 146 23
775 20 151 27
776 20 156 18
777 20 169 3
778 20 182 8
779 20 186 43
780 20 190 4
781 20 191 20
782 20 196 8
783 20 198 16
784 21 31 25
785 21 32 29
786 21 33 14
787 21 36 4
788 21 41 50
789 21 42 6
790 21 45 11
791 21 49 34
792 21 51 8
793 21 60 18
794 21 62 2
795 21 76 21
796 21 78 50
797 21 90 28
798 21 97 7
799 21 106 33
800 21 108 39
801 21 118 15
802 21 125 2
803 21 130 26
804 21 131 12
805 21 140 26
806 21 143 45
807 21 144 14
808 21 154 37
809 21 162 30
810 21 168 31
811 21 172 18
812 21 173 37
813 21 175 13
814 21 184 46
815 21 188 12
816 21 196 33
817 22 27 32
818 22 29 11
819 22 39 9
820 22 42 10
821 22 51 37
822 22 56 49
823 22 59 47
824 22 61 19
825 22 62 47
826 22 65 42
827 22 70 17
828 22 71 11
829 22 72 11
830 22 77 14
831 22 92 11
832 22 98 15
833 22 103 21
834 22 104 17
835 22 118 49
836 22 120 43
837 22 123 46
838 22 138 10
839 22 148 8
840 22 155 45
841 22 156 40
842 22 160 23
843 22 161 50
844 22 165 46
845 22 166 18
846 22 167 47
847 22 169 5
848 22 171 34
849 22 174 10
850 22 182 36
851 22 185 22
852 22 192 10
853 22 194 16
854 23 31 50
855 23 55 20
856 23 56 28
857 23 58 46
858 23 59 2
859 23 60 24
860 23 73 3
861 23 74 10
862 23 75 46
863 23 79 24
864 23 80 30
865 23 86 25
866 23 101 23
867 23 104 38
868 23 111 48
869 23 126 35
870 23 139 6
871 23 143 16
872 23 152 45
873 23 160 12
874 23 168 44
875 23 171 4
876 23 174 14
877 23 177 49
878 23 183 45
879 23 186 8
880 23 192 22
881 23 193 38
882 23 197 33
883 24 25 34
884 24 33 21
885 24 34 33
886 24 38 32
887 24 49 12
888 24 53 10
889 24 57 39
890 24 65 21
891 24 70 50
892 24 74 25
893 24 77 27
894 24 79 48
895 24 80 28
896 24 82 6
897 24 83 13
898 24 85 23
899 24 91 18
900 24 94 50
901 24 96 43
902 24 111 32
903 24 114 13
904 24 127 34
905 24 132 44
906 24 133 2
907 24 144 4
908 24 148 14
909 24 154 43
910 24 155 28
911 24 156 7
912 24 160 40
913 24 163 6
914 24 168 33
915 24 169 9
916 24 171 12
917 24 175 50
918 24 178 45
919 24 181 16
920 24 194 1
921 25 28 24
922 25 38 38
923 25 43 2
924 25 50 26
925 25 52 39
926 25 58 11
927 25 65 42
928 25 85 46
929 25 87 16
930 25 88 5
931 25 90 27
932 25 102 17
933 25 108 34
934 25 111 10
935 25 112 13
936 25 129 28
937 25 130 44
938 25 131 16
939 25 133 12
940 25 139 32
941 25 143 25
942 25 144 47
943 25 146 18
944 25 147 20
945 25 151 41
946 25 160 35
947 25 174 28
948 25 178 17
949 25 179 1
950 25 193 27
951 26 32 39
952 26 37 50
953 26 50 41
954 26 64 33
955 26 67 37
956 26 74 39
957 26 75 3
958 26 79 42
959 26 87 3
960 26 88 45
961 26 94 32
962 26 97 28
963 26 98 35
964 26 107 46
965 26 114 12
966 26 117 4
967 26 123 15
968 26 127 34
969 26 130 24
970 26 144 20
971 26 145 15
972 26 148 34
973 26 150 18
974 26 151 29
975 26 155 47
976 26 159 8
977 26 161 4
978 26 171 18
979 26 174 7
980 26 186 28
981 26 196 19
982 26 199 48
983 27 47 25
984 27 60 1
985 27 67 44
986 27 69 5
987 27 72 24
988 27 74 19
989 27 79 32
990 27 81 26
991 27 83 28
992 27 86 13
993 27 87 9
994 27 90 3
995 27 101 16
996 27 110 26
997 27 117 39
998 27 119 40
999 27 129 43
1000 27 130 7
1001 27 133 50
1002 27 138 16
1003 27 148 44
1004 27 153 3
1005 27 154 50
1006 27 159 9
1007 27 167 22
1008 27 170 41
1009 27 173 15
1010 27 174 8
1011 27 189 2
1012 27 190 7
1013 27 197 19
1014 27 198 45
1015 28 30 28
1016 28 33 37
1017 28 39 9
1018 28 42 50
1019 28 66 34
1020 28 67 29
1021 28 74 20
1022 28 76 20
1023 28 80 42
1024 28 89 43
1025 28 99 35
1026 28 104 1
1027 28 107 20
1028 28 111 5
1029 28 118 37
1030 28 123 14
1031 28 126 48
1032 28 128 49
1033 28 135 5
1034 28 138 42
1035 28 142 25
1036 28 145 22
1037 28 147 29
1038 28 148 48
1039 28 150 39
1040 28 158 31
1041 28 161 28
1042 28 162 14
1043 28 168 17
1044 28 179 44
1045 28 180 44
1046 28 197 4
1047 29 30 3
1048 29 31 37
1049 29 36 20
1050 29 45 32
1051 29 47 12
1052 29 55 43
1053 29 60 48
1054 29 63 44
1055 29 69 21
1056 29 91 4
1057 29 97 41
1058 29 104 14
1059 29 107 24
1060 29 108 34
1061 29 109 23
1062 29 110 5
1063 29 111 42
1064 29 113 46
1065 29 121 42
1066 29 122 7
1067 29 141 2
1068 29 152 39
1069 29 154 31
1070 29 159 41
1071 29 163 40
1072 29 165 25
1073 29 169 50
1074 29 174 41
1075 29 178 24
1076 29 190 18
1077 29 193 42
1078 29 196 7
1079 29 197 48
1080 30 35 3
1081 30 39 12
1082 30 40 37
1083 30 45 46
1084 30 48 12
1085 30 57 2
1086 30 62 2
1087 30 63 13
1088 30 73 41
1089 30 75 24
1090 30 76 5
1091 30 78 20
1092 30 85 41
1093 30 96 36
1094 30 105 8
1095 30 106 17
1096 30 107 4
1097 30 112 38
1098 30 113 1
1099 30 116 15
1100 30 118 28
1101 30 127 13
1102 30 131 9
1103 30 157 39
1104 30 158 36
1105 30 162 11
1106 30 165 11
1107 30 166 25
1108 30 171 12
1109 30 172 10
1110 30 173 22
1111 30 175 28
1112 30 182 7
1113 30 186 41
1114 30 191 44
1115 31 43 25
1116 31 47 33
1117 31 53 43
1118 31 57 48
1119 31 70 29
1120 31 74 11
1121 31 78 33
1122 31 79 1
1123 31 90 38
1124 31 94 33
1125 31 99 32
1126 31 106 39
1127 31 114 32
1128 31 128 38
1129 31 129 9
1130 31 131 5
1131 31 140 20
1132 31 142 13
1133 31 146 30
1134 31 165 50
1135 31 170 43
1136 31 178 30
1137 31 180 23
1138 31 181 23
1139 31 186 22
1140 31 190 19
1141 31 197 12
1142 32 43 12
1143 32 44 8
1144 32 51 14
1145 32 55 50
1146 32 68 2
1147 32 78 25
1148 32 84 44
1149 32 88 3
1150 32 91 39
1151 32 96 22
1152 32 99 15
1153 32 100 31
1154 32 103 14
1155 32 106 38
1156 32 110 15
1157 32 120 39
1158 32 121 35
1159 32 124 13
1160 32 126 31
1161 32 127 33
1162 32 134 8
1163 32 137 44
1164 32 143 48
1165 32 150 39
1166 32 153 32
1167 32 157 32
1168 32 177 7
1169 32 178 12
1170 32 179 11
1171 32 185 50
1172 32 193 41
1173 32 197 6
1174 32 198 26
1175 33 34 7
1176 33 50 49
1177 33 58 20
1178 33 59 29
1179 33 66 16
1180 33 75 48
1181 33 77 30
1182 33 81 25
1183 33 82 31
1184 33 95 18
1185 33 97 1
1186 33 100 18
1187 33 112 19
1188 33 115 26
1189 33 119 28
1190 33 139 49
1191 33 140 8
1192 33 144 48
1193 33 147 17
1194 33 152 29
1195 33 153 30
1196 33 161 21
1197 33 164 49
1198 33 166 21
1199 33 177 4
1200 33 181 49
1201 33 183 37
1202 33 188 24
1203 33 190 1
1204 34 38 32
1205 34 46 11
1206 34 47 40
1207 34 65 24
1208 34 66 39
1209 34 74 6
1210 34 78 28
1211 34 85 31
1212 34 89 38
1213 34 91 45
1214 34 100 24
1215 34 101 29
1216 34 107 21
1217 34 126 46
1218 34 128 44
1219 34 132 7
1220 34 135 7
1221 34 144 26
1222 34 147 49
1223 34 164 46
1224 34 165 30
1225 34 170 40
1226 34 178 36
1227 34 179 21
1228 34 181 15
1229 34 182 45
1230 34 191 1
1231 34 192 11
1232 34 198 37
1233 34 199 25
1234 35 42 38
1235 35 43 3
1236 35 49 34
1237 35 55 39
1238 35 59 12
1239 35 68 35
1240 35 72 47
1241 35 76 49
1242 35 83 15
1243 35 87 44
1244 35 91 17
1245 35 99 35
1246 35 100 9
1247 35 102 28
1248 35 116 35
1249 35 118 42
1250 35 121 43
1251 35 127 32
1252 35 142 9
1253 35 144 47
1254 35 145 42
1255 35 148 49
1256 35 154 50
1257 35 164 36
1258 35 167 43
1259 35 168 19
1260 35 175 36
1261 35 179 7
1262 35 187 49
1263 35 193 20
1264 35 198 32
1265 36 42 32
1266 36 48 33
1267 36 49 40
1268 36 51 47
1269 36 54 8
1270 36 58 29
1271 36 64 31
1272 36 69 28
1273 36 86 34
1274 36 95 2
1275 36 96 37
1276 36 101 40
1277 36 102 24
1278 36 105 49
1279 36 113 30
1280 36 122 3
1281 36 125 10
1282 36 126 22
1283 36 127 24
1284 36 128 10
1285 36 129 8
1286 36 135 2
1287 36 139 18
1288 36 143 25
1289 36 146 31
1290 36 148 6
1291 36 150 23
1292 36 151 26
1293 36 154 25
1294 36 158 48
1295 36 170 38
1296 36 171 47
1297 36 172 40
1298 36 176 42
1299 36 178 37
1300 36 191 24
1301 36 196 2
1302 37 40 7
1303 37 47 31
1304 37 65 4
1305 37 66 21
1306 37 75 22
1307 37 83 42
1308 37 86 50
1309 37 89 9
1310 37 94 27
1311 37 99 47
1312 37 100 7
1313 37 102 16
1314 37 113 4
1315 37 116 35
1316 37 118 16
1317 37 122 47
1318 37 125 25
1319 37 129 5
1320 37 137 31
1321 37 144 40
1322 37 154 11
1323 37 168 42
1324 37 169 48
1325 37 171 45
1326 37 175 8
1327 37 177 15
1328 37 180 50
1329 37 182 19
1330 37 190 43
1331 38 48 25
1332 38 55 18
1333 38 56 45
1334 38 67 39
1335 38 72 20
1336 38 83 10
1337 38 86 12
1338 38 95 34
1339 38 97 31
1340 38 102 23
1341 38 107 48
1342 38 113 43
1343 38 122 3
1344 38 124 4
1345 38 132 7
1346 38 143 34
1347 38 156 46
1348 38 157 38
1349 38 166 23
1350 38 177 33
1351 38 184 4
1352 38 187 38
1353 38 189 7
1354 38 193 50
1355 38 194 30
1356 38 198 50
1357 39 41 35
1358 39 46 29
1359 39 60 2
1360 39 63 8
1361 39 74 27
1362 39 76 47
1363 39 83 1
1364 39 85 28
1365 39 89 36
1366 39 97 30
1367 39 99 20
1368 39 101 34
1369 39 103 44
1370 39 111 39
1371 39 124 7
1372 39 133 50
1373 39 135 17
1374 39 141 3
1375 39 142 40
1376 39 143 23
1377 39 147 15
1378 39 149 8
1379 39 158 7
1380 39 167 40
1381 39 174 44
1382 39 177 30
1383 39 181 12
1384 39 182 33
1385 39 193 42
1386 39 195 25
1387 39 198 2
1388 40 42 8
1389 40 45 35
1390 40 46 6
1391 40 64 19
1392 40 72 8
1393 40 75 29
1394 40 77 37
1395 40 80 12
1396 40 84 28
1397 40 86 40
1398 40 95 6
1399 40 97 37
1400 40 106 11
1401 40 121 31
1402 40 122 33
1403 40 125 6
1404 40 127 32
1405 40 128 23
1406 40 130 7
1407 40 142 36
1408 40 143 27
1409 40 152 46
1410 40 154 7
1411 40 159 40
1412 40 166 29
1413 40 173 21
1414 40 179 38
1415 40 180 50
1416 40 183 45
1417 40 195 9
1418 41 49 26
1419 41 50 35
1420 41 54 11
1421 41 55 49
1422 41 63 41
1423 41 67 5
1424 41 68 48
1425 41 71 24
1426 41 74 37
1427 41 81 28
1428 41 82 10
1429 41 86 35
1430 41 94 5
1431 41 100 43
1432 41 102 3
1433 41 105 23
1434 41 107 40
1435 41 118 10
1436 41 125 37
1437 41 126 44
1438 41 130 11
1439 41 141 21
1440 41 146 15
1441 41 148 39
1442 41 149 44
1443 41 156 25
1444 41 157 22
1445 41 166 49
1446 41 175 50
1447 41 181 12
1448 41 184 35
1449 41 187 48
1450 41 197 17
1451 42 48 50
1452 42 58 26
1453 42 62 21
1454 42 64 9
1455 42 73 42
1456 42 78 31
1457 42 97 21
1458 42 100 49
1459 42 106 25
1460 42 117 3
1461 42 123 8
1462 42 124 5
1463 42 133 12
1464 42 134 30
1465 42 137 19
1466 42 138 32
1467 42 141 25
1468 42 145 24
1469 42 147 10
1470 42 151 46
1471 42 152 10
1472 42 153 43
1473 42 169 37
1474 42 173 42
1475 42 178 40
1476 42 180 13
1477 42 183 31
1478 42 184 20
1479 42 190 38
1480 42 192 8
1481 42 196 9
1482 42 199 41
1483 43 44 30
1484 43 50 20
1485 43 58 20
1486 43 59 28
1487 43 64 23
1488 43 66 31
1489 43 67 49
1490 43 71 13
1491 43 73 9
1492 43 81 49
1493 43 95 36
1494 43 98 50
1495 43 103 11
1496 43 108 30
1497 43 114 42
1498 43 119 49
1499 43 122 47
1500 43 134 24
1501 43 135 47
1502 43 137 47
1503 43 140 43
1504 43 151 39
1505 43 152 45
1506 43 156 47
1507 43 159 40
1508 43 160 12
1509 43 162 10
1510 43 169 21
1511 43 179 48
1512 43 187 49
1513 43 195 18
1514 44 46 37
1515 44 49 11
1516 44 51 5
1517 44 54 20
1518 44 59 22
1519 44 61 24
1520 44 62 21
1521 44 64 8
1522 44 68 13
1523 44 71 38
1524 44 79 50
1525 44 81 6
1526 44 83 11
1527 44 85 36
1528 44 88 22
1529 44 90 49
1530 44 91 11
1531 44 92 41
1532 44 93 8
1533 44 98 30
1534 44 100 23
1535 44 103 38
1536 44 105 35
1537 44 109 12
1538 44 114 29
1539 44 118 15
1540 44 120 45
1541 44 123 20
1542 44 125 29
1543 44 133 47
1544 44 137 17
1545 44 161 17
1546 44 162 27
1547 44 167 34
1548 44 172 29
1549 44 174 37
1550 44 186 4
1551 44 189 29
1552 44 190 44
1553 44 191 49
1554 44 192 7
1555 44 193 32
1556 44 197 16
1557 44 198 36
1558 45 47 2
1559 45 51 17
1560 45 53 2
1561 45 62 7
1562 45 64 34
1563 45 70 33
1564 45 78 49
1565 45 86 13
1566 45 115 43
1567 45 120 35
1568 45 122 42
1569 45 123 15
1570 45 125 40
1571 45 127 22
1572 45 132 36
1573 45 135 7
1574 45 147 25
1575 45 148 48
1576 45 149 7
1577 45 150 38
1578 45 153 6
1579 45 154 4
1580 45 158 40
1581 45 160 15
1582 45 162 47
1583 45 163 13
1584 45 164 31
1585 45 165 8
1586 45 167 34
1587 45 170 16
1588 45 175 44
1589 45 176 31
1590 45 178 25
1591 45 180 48
1592 45 184 49
1593 45 186 33
1594 45 192 13
1595 45 194 37
1596 46 49 6
1597 46 50 44
1598 46 53 40
1599 46 60 49
1600 46 62 27
1601 46 66 8
1602 46 73 36
1603 46 81 49
1604 46 84 36
1605 46 95 29
1606 46 101 4
1607 46 106 7
1608 46 109 14
1609 46 112 41
1610 46 118 26
1611 46 119 27
1612 46 135 29
1613 46 140 21
1614 46 148 31
1615 46 158 17
1616 46 159 12
1617 46 161 25
1618 46 162 22
1619 46 165 8
1620 46 170 20
1621 46 173 24
1622 46 175 39
1623 46 181 16
1624 46 184 7
1625 46 188 48
1626 46 193 3
1627 47 52 48
1628 47 60 48
1629 47 66 19
1630 47 70 49
1631 47 78 45
1632 47 85 11
1633 47 89 7
1634 47 91 29
1635 47 101 20
1636 47 107 14
1637 47 115 21
1638 47 117 28
1639 47 120 22
1640 47 133 20
1641 47 137 21
1642 47 138 24
1643 47 140 34
1644 47 149 37
1645 47 160 13
1646 47 165 4
1647 47 174 27
1648 47 175 13
1649 47 178 16
1650 47 187 50
1651 48 59 11
1652 48 61 6
1653 48 62 30
1654 48 66 32
1655 48 72 33
1656 48 76 47
1657 48 79 12
1658 48 84 2
1659 48 92 29
1660 48 93 41
1661 48 99 14
1662 48 100 37
1663 48 102 44
1664 48 108 50
1665 48 115 27
1666 48 118 16
1667 48 119 37
1668 48 121 44
1669 48 131 31
1670 48 132 30
1671 48 141 3
1672 48 144 18
1673 48 146 17
1674 48 154 15
1675 48 157 20
1676 48 158 34
1677 48 162 37
1678 48 169 1
1679 48 176 39
1680 48 178 11
1681 48 182 31
1682 48 193 14
1683 48 194 6
1684 48 197 32
1685 49 52 17
1686 49 57 49
1687 49 61 18
1688 49 62 38
1689 49 63 38
1690 49 67 48
1691 49 68 9
1692 49 75 30
1693 49 76 5
1694 49 82 25
1695 49 92 47
1696 49 94 20
1697 49 97 41
1698 49 99 23
1699 49 104 42
1700 49 106 48
1701 49 112 36
1702 49 116 26
1703 49 126 13
1704 49 127 44
1705 49 134 9
1706 49 155 16
1707 49 160 19
1708 49 162 44
1709 49 163 20
1710 49 165 38
1711 49 166 21
1712 49 173 42
1713 49 174 49
1714 49 175 46
1715 49 183 36
1716 49 192 24
1717 49 194 13
1718 49 197 16
1719 50 52 43
1720 50 53 9
1721 50 54 41
1722 50 57 50
1723 50 58 25
1724 50 77 36
1725 50 79 19
1726 50 92 22
1727 50 100 5
1728 50 102 38
1729 50 106 9
1730 50 108 4
1731 50 116 13
1732 50 117 4
1733 50 119 32
1734 50 123 29
1735 50 127 29
1736 50 131 48
1737 50 134 44
1738 50 135 42
1739 50 137 17
1740 50 141 12
1741 50 142 39
1742 50 153 18
1743 50 156 24
1744 50 157 11
1745 50 163 1
1746 50 164 22
1747 50 168 32
1748 50 173 14
1749 50 174 50
1750 50 180 7
1751 50 190 8
1752 50 195 21
1753 51 61 42
1754 51 69 13
1755 51 72 21
1756 51 74 19
1757 51 78 40
1758 51 79 8
1759 51 81 43
1760 51 85 15
1761 51 95 19
1762 51 96 32
1763 51 99 39
1764 51 100 5
1765 51 101 34
1766 51 113 26
1767 51 118 33
1768 51 121 36
1769 51 125 12
1770 51 130 20
1771 51 133 7
1772 51 139 28
1773 51 142 2
1774 51 143 29
1775 51 150 29
1776 51 152 18
1777 51 164 41
1778 51 170 8
1779 51 174 32
1780 51 178 15
1781 51 192 43
1782 51 197 41
1783 51 199 13
1784 52 59 47
1785 52 62 48
1786 52 63 11
1787 52 74 33
1788 52 75 15
1789 52 82 19
1790 52 92 10
1791 52 99 4
1792 52 103 31
1793 52 113 29
1794 52 123 50
1795 52 130 48
1796 52 142 8
1797 52 160 6
1798 52 164 23
1799 52 169 36
1800 52 173 5
1801 52 174 36
1802 52 178 16
1803 52 180 15
1804 52 183 29
1805 52 185 29
1806 52 186 19
1807 52 189 13
1808 52 191 19
1809 52 196 22
1810 52 198 33
1811 52 199 23
1812 53 54 30
1813 53 69 50
1814 53 71 10
1815 53 72 28
1816 53 93 27
1817 53 108 8
1818 53 109 20
1819 53 110 30
1820 53 114 11
1821 53 117 23
1822 53 118 16
1823 53 132 8
1824 53 137 8
1825 53 144 25
1826 53 146 30
1827 53 148 31
1828 53 155 22
1829 53 156 22
1830 53 157 48
1831 53 159 25
1832 53 162 34
1833 53 176 23
1834 53 180 33
1835 53 184 27
1836 53 191 3
1837 53 193 2
1838 53 194 31
1839 53 199 34
1840 54 60 13
1841 54 61 44
1842 54 64 3
1843 54 67 23
1844 54 70 34
1845 54 71 31
1846 54 74 25
1847 54 83 38
1848 54 92 7
1849 54 95 50
1850 54 103 13
1851 54 105 3
1852 54 106 19
1853 54 110 30
1854 54 128 13
1855 54 131 16
1856 54 141 32
1857 54 145 17
1858 54 152 9
1859 54 154 38
1860 54 158 24
1861 54 161 37
1862 54 172 47
1863 54 175 16
1864 54 176 14
1865 54 188 26
1866 54 189 20
1867 55 59 38
1868 55 80 32
1869 55 81 15
1870 55 82 48
1871 55 88 20
1872 55 92 23
1873 55 97 4
1874 55 102 16
1875 55 111 5
1876 55 113 50
1877 55 114 41
1878 55 115 1
1879 55 116 46
1880 55 121 1
1881 55 128 30
1882 55 131 26
1883 55 136 15
1884 55 138 38
1885 55 145 3
1886 55 149 31
1887 55 157 31
1888 55 159 35
1889 55 160 37
1890 55 163 10
1891 55 171 45
1892 55 172 43
1893 55 175 14
1894 55 176 39
1895 55 177 39
1896 55 182 45
1897 55 183 33
1898 55 188 5
1899 55 190 39
1900 55 192 45
1901 55 196 50
1902 56 71 11
1903 56 83 3
1904 56 85 5
1905 56 86 32
1906 56 90 50
1907 56 94 36
1908 56 95 29
1909 56 97 3
1910 56 99 20
1911 56 104 48
1912 56 110 21
1913 56 114 23
1914 56 125 50
1915 56 128 7
1916 56 131 11
1917 56 133 23
1918 56 138 46
1919 56 141 3
1920 56 157 40
1921 56 160 35
1922 56 162 48
1923 56 172 24
1924 56 181 6
1925 56 187 37
1926 56 192 34
1927 57 58 38
1928 57 59 1
1929 57 61 36
1930 57 68 11
1931 57 69 24
1932 57 77 10
1933 57 78 15
1934 57 88 32
1935 57 91 22
1936 57 94 29
1937 57 98 8
1938 57 102 46
1939 57 103 41
1940 57 108 32
1941 57 130 11
1942 57 133 10
1943 57 141 44
1944 57 148 13
1945 57 153 38
1946 57 156 14
1947 57 166 50
1948 57 171 8
1949 57 172 19
1950 57 174 18
1951 57 178 2
1952 57 180 36
1953 57 182 15
1954 57 184 12
1955 57 187 20
1956 57 190 38
1957 57 191 25
1958 57 192 26
1959 57 193 41
1960 57 194 17
1961 57 198 32
1962 57 199 11
1963 58 71 1
1964 58 73 2
1965 58 74 48
1966 58 77 3
1967 58 78 46
1968 58 89 43
1969 58 97 21
1970 58 100 43
1971 58 101 20
1972 58 103 29
1973 58 104 32
1974 58 118 1
1975 58 127 47
1976 58 139 34
1977 58 144 21
1978 58 151 40
1979 58 152 13
1980 58 160 1
1981 58 161 36
1982 58 162 6
1983 58 167 18
1984 58 172 9
1985 58 181 44
1986 58 184 12
1987 58 188 32
1988 58 191 11
1989 59 63 38
1990 59 66 22
1991 59 86 1
1992 59 87 38
1993 59 89 7
1994 59 90 25
1995 59 98 49
1996 59 99 13
1997 59 100 33
1998 59 101 28
1999 59 107 21
2000 59 108 26
2001 59 111 16
2002 59 115 32
2003 59 116 48
2004 59 120 39
2005 59 122 21
2006 59 130 8
2007 59 135 44
2008 59 142 1
2009 59 145 5
2010 59 148 28
2011 59 155 14
2012 59 158 2
2013 59 162 40
2014 59 165 45
2015 59 167 44
2016 59 169 43
2017 59 171 23
2018 59 177 18
2019 59 185 33
2020 59 195 50
2021 59 197 4
2022 60 66 37
2023 60 67 17
2024 60 76 32
2025 60 78 10
2026 60 83 5
2027 60 85 46
2028 60 87 32
2029 60 90 27
2030 60 92 2
2031 60 96 14
2032 60 103 34
2033 60 108 14
2034 60 112 2
2035 60 115 49
2036 60 118 41
2037 60 121 40
2038 60 128 49
2039 60 132 15
2040 60 138 36
2041 60 141 1
2042 60 149 27
2043 60 151 5
2044 60 157 25
2045 60 158 11
2046 60 163 19
2047 60 164 19
2048 60 166 6
2049 60 175 18
2050 60 188 28
2051 60 190 5
2052 60 198 26
2053 61 62 47
2054 61 64 35
2055 61 66 35
2056 61 92 44
2057 61 98 24
2058 61 113 21
2059 61 125 50
2060 61 128 33
2061 61 135 35
2062 61 139 37
2063 61 145 10
2064 61 154 33
2065 61 159 26
2066 61 172 2
2067 61 181 1
2068 61 184 44
2069 61 186 20
2070 61 191 24
2071 61 193 24
2072 61 197 46
2073 62 66 44
2074 62 71 34
2075 62 84 19
2076 62 85 35
2077 62 86 48
2078 62 91 31
2079 62 94 28
2080 62 95 49
2081 62 100 50
2082 62 105 32
2083 62 107 29
2084 62 115 43
2085 62 119 21
2086 62 120 8
2087 62 121 44
2088 62 130 47
2089 62 136 32
2090 62 147 22
2091 62 148 5
2092 62 149 23
2093 62 154 15
2094 62 165 28
2095 62 167 14
2096 62 169 10
2097 62 175 22
2098 62 178 28
2099 62 191 35
2100 62 193 11
2101 62 196 8
2102 63 70 33
2103 63 72 11
2104 63 74 16
2105 63 75 11
2106 63 79 13
2107 63 80 33
2108 63 82 50
2109 63 83 8
2110 63 93 38
2111 63 95 33
2112 63 103 47
2113 63 111 24
2114 63 114 42
2115 63 118 39
2116 63 122 27
2117 63 126 43
2118 63 130 33
2119 63 137 20
2120 63 138 46
2121 63 147 43
2122 63 153 24
2123 63 157 9
2124 63 168 37
2125 63 178 18
2126 63 186 22
2127 63 188 22
2128 63 192 27
2129 63 194 10
2130 63 198 21
2131 64 70 37
2132 64 75 37
2133 64 84 50
2134 64 87 48
2135 64 88 28
2136 64 90 12
2137 64 99 47
2138 64 102 11
2139 64 115 5
2140 64 122 30
2141 64 123 21
2142 64 128 39
2143 64 135 40
2144 64 140 28
2145 64 143 42
2146 64 145 5
2147 64 146 21
2148 64 148 11
2149 64 152 25
2150 64 159 19
2151 64 175 13
2152 64 198 45
2153 65 66 50
2154 65 73 18
2155 65 83 24
2156 65 84 17
2157 65 88 30
2158 65 94 5
2159 65 96 36
2160 65 103 36
2161 65 119 2
2162 65 120 19
2163 65 121 33
2164 65 123 9
2165 65 126 34
2166 65 129 37
2167 65 134 37
2168 65 145 9
2169 65 146 13
2170 65 165 17
2171 65 180 48
2172 65 188 28
2173 65 189 27
2174 65 190 33
2175 65 193 15
2176 65 194 46
2177 66 71 37
2178 66 80 17
2179 66 85 18
2180 66 102 37
2181 66 103 25
2182 66 111 15
2183 66 123 20
2184 66 125 16
2185 66 127 7
2186 66 137 9
2187 66 142 9
2188 66 155 7
2189 66 170 11
2190 66 172 27
2191 66 175 32
2192 66 176 31
2193 66 177 2
2194 66 181 31
2195 66 182 8
2196 66 184 41
2197 66 185 22
2198 66 193 23
2199 67 72 41
2200 67 82 49
2201 67 84 13
2202 67 85 14
2203 67 87 46
2204 67 93 18
2205 67 95 43
2206 67 96 28
2207 67 100 2
2208 67 105 45
2209 67 108 17
2210 67 115 41
2211 67 118 3
2212 67 122 38
2213 67 129 21
2214 67 130 31
2215 67 137 2
2216 67 152 17
2217 67 156 2
2218 67 160 47
2219 67 167 36
2220 67 179 48
2221 67 184 13
2222 67 188 21
2223 68 69 36
2224 68 74 45
2225 68 84 25
2226 68 90 35
2227 68 92 18
2228 68 96 34
2229 68 102 12
2230 68 103 13
2231 68 105 7
2232 68 112 40
2233 68 117 44
2234 68 125 20
2235 68 128 50
2236 68 131 29
2237 68 139 6
2238 68 141 33
2239 68 144 7
2240 68 156 19
2241 68 161 15
2242 68 169 50
2243 68 174 35
2244 68 177 19
2245 68 183 10
2246 68 188 21
2247 68 194 9
2248 68 195 43
2249 68 199 40
2250 69 74 7
2251 69 76 19
2252 69 104 39
2253 69 105 20
2254 69 106 6
2255 69 107 31
2256 69 108 28
2257 69 110 15
2258 69 117 50
2259 69 124 41
2260 69 127 21
2261 69 129 32
2262 69 135 28
2263 69 137 23
2264 69 145 50
2265 69 149 35
2266 69 153 50
2267 69 156 37
2268 69 157 42
2269 69 165 14
2270 69 166 39
2271 69 168 12
2272 69 181 35
2273 69 187 33
2274 69 188 22
2275 69 190 22
2276 69 196 39
2277 70 76 12
2278 70 83 29
2279 70 90 41
2280 70 96 36
2281 70 97 37
2282 70 98 11
2283 70 99 12
2284 70 102 32
2285 70 108 10
2286 70 112 15
2287 70 114 47
2288 70 121 15
2289 70 126 36
2290 70 128 8
2291 70 134 45
2292 70 135 33
2293 70 140 5
2294 70 141 47
2295 70 144 43
2296 70 161 14
2297 70 163 22
2298 70 164 8
2299 70 167 41
2300 70 168 11
2301 70 173 14
2302 70 176 23
2303 70 181 15
2304 70 185 12
2305 70 187 7
2306 70 189 50
2307 70 191 16
2308 70 193 50
2309 71 72 2
2310 71 74 33
2311 71 86 13
2312 71 89 7
2313 71 92 30
2314 71 95 29
2315 71 98 36
2316 71 107 4
2317 71 108 3
2318 71 110 29
2319 71 118 44
2320 71 124 24
2321 71 127 43
2322 71 130 46
2323 71 145 48
2324 71 147 9
2325 71 148 22
2326 71 151 6
2327 71 157 41
2328 71 166 36
2329 71 168 39
2330 71 180 3
2331 71 181 7
2332 71 188 45
2333 71 199 38
2334 72 74 43
2335 72 79 44
2336 72 88 40
2337 72 90 16
2338 72 103 5
2339 72 106 22
2340 72 114 44
2341 72 119 47
2342 72 120 16
2343 72 134 4
2344 72 136 27
2345 72 138 29
2346 72 143 29
2347 72 144 44
2348 72 148 35
2349 72 149 32
2350 72 159 49
2351 72 162 50
2352 72 165 21
2353 72 168 45
2354 72 170 20
2355 72 175 1
2356 72 176 39
2357 72 181 24
2358 72 185 24
2359 72 191 4
2360 72 193 26
2361 72 196 4
2362 73 82 11
2363 73 88 37
2364 73 90 45
2365 73 91 28
2366 73 97 50
2367 73 106 3
2368 73 112 24
2369 73 116 27
2370 73 123 5
2371 73 136 34
2372 73 144 10
2373 73 145 43
2374 73 148 40
2375 73 150 46
2376 73 153 50
2377 73 154 18
2378 73 157 16
2379 73 159 12
2380 73 160 13
2381 73 170 47
2382 73 172 48
2383 73 177 10
2384 73 178 31
2385 73 180 35
2386 73 184 39
2387 73 190 50
2388 73 192 18
2389 73 196 41
2390 73 198 44
2391 74 79 13
2392 74 83 2
2393 74 84 43
2394 74 87 49
2395 74 91 9
2396 74 96 39
2397 74 99 18
2398 74 109 48
2399 74 111 45
2400 74 112 21
2401 74 116 13
2402 74 125 1
2403 74 132 22
2404 74 141 42
2405 74 142 45
2406 74 145 8
2407 74 149 2
2408 74 150 15
2409 74 153 31
2410 74 155 21
2411 74 158 30
2412 74 168 47
2413 74 169 50
2414 74 175 23
2415 74 179 41
2416 74 181 8
2417 74 193 35
2418 74 196 18
2419 74 198 38
2420 75 86 24
2421 75 91 19
2422 75 93 8
2423 75 96 6
2424 75 98 9
2425 75 103 41
2426 75 105 40
2427 75 109 47
2428 75 110 38
2429 75 111 15
2430 75 114 25
2431 75 115 10
2432 75 117 20
2433 75 129 7
2434 75 131 20
2435 75 134 44
2436 75 135 6
2437 75 140 44
2438 75 148 9
2439 75 155 14
2440 75 159 25
2441 75 162 20
2442 75 173 14
2443 75 176 6
2444 75 185 22
2445 75 186 36
2446 75 187 40
2447 75 189 41
2448 75 192 31
2449 75 197 4
2450 76 77 21
2451 76 80 20
2452 76 82 1
2453 76 86 38
2454 76 87 2
2455 76 88 17
2456 76 89 2
2457 76 90 14
2458 76 95 40
2459 76 100 43
2460 76 109 4
2461 76 111 26
2462 76 122 48
2463 76 131 41
2464 76 137 14
2465 76 146 48
2466 76 155 26
2467 76 159 37
2468 76 160 3
2469 76 169 19
2470 76 178 23
2471 76 179 27
2472 76 185 44
2473 76 187 18
2474 76 189 43
2475 77 78 3
2476 77 79 29
2477 77 83 10
2478 77 84 34
2479 77 86 16
2480 77 90 29
2481 77 91 40
2482 77 94 44
2483 77 95 24
2484 77 108 6
2485 77 111 2
2486 77 112 2
2487 77 113 48
2488 77 123 30
2489 77 134 13
2490 77 135 7
2491 77 136 49
2492 77 145 9
2493 77 147 2
2494 77 151 24
2495 77 163 31
2496 77 176 42
2497 77 182 13
2498 78 82 4
2499 78 92 2
2500 78 100 38
2501 78 105 30
2502 78 109 9
2503 78 110 35
2504 78 124 45
2505 78 139 38
2506 78 141 49
2507 78 145 41
2508 78 147 30
2509 78 159 34
2510 78 161 28
2511 78 177 33
2512 78 186 7
2513 78 190 1
2514 78 191 17
2515 78 197 39
2516 78 198 20
2517 79 88 25
2518 79 95 31
2519 79 98 20
2520 79 101 22
2521 79 102 40
2522 79 106 21
2523 79 110 17
2524 79 111 42
2525 79 114 1
2526 79 117 25
2527 79 121 5
2528 79 125 43
2529 79 130 15
2530 79 135 49
2531 79 149 10
2532 79 155 13
2533 79 164 13
2534 79 165 9
2535 79 168 32
2536 79 177 42
2537 79 178 5
2538 79 179 12
2539 79 183 23
2540 79 197 49
2541 79 199 10
2542 80 84 41
2543 80 86 22
2544 80 88 36
2545 80 96 32
2546 80 100 5
2547 80 102 48
2548 80 105 19
2549 80 107 20
2550 80 117 41
2551 80 120 42
2552 80 121 33
2553 80 124 34
2554 80 134 44
2555 80 140 37
2556 80 144 45
2557 80 151 48
2558 80 152 16
2559 80 159 7
2560 80 171 35
2561 80 179 47
2562 80 185 43
2563 80 187 42
2564 80 190 16
2565 80 194 24
2566 80 196 34
2567 80 199 21
2568 81 89 8
2569 81 91 43
2570 81 93 34
2571 81 100 45
2572 81 103 13
2573 81 120 34
2574 81 121 10
2575 81 131 11
2576 81 132 7
2577 81 136 6
2578 81 149 9
2579 81 155 17
2580 81 162 14
2581 81 176 7
2582 81 180 47
2583 81 192 22
2584 81 194 17
2585 81 197 46
2586 81 199 20
2587 82 83 36
2588 82 85 15
2589 82 87 46
2590 82 88 1
2591 82 90 49
2592 82 91 42
2593 82 93 40
2594 82 95 47
2595 82 98 14
2596 82 99 38
2597 82 104 25
2598 82 114 24
2599 82 117 22
2600 82 119 4
2601 82 123 5
2602 82 124 23
2603 82 128 43
2604 82 134 2
2605 82 137 22
2606 82 139 45
2607 82 144 37
2608 82 146 26
2609 82 147 41
2610 82 148 41
2611 82 150 45
2612 82 170 25
2613 82 176 22
2614 82 184 29
2615 82 186 22
2616 82 191 24
2617 82 193 27
2618 83 84 26
2619 83 88 19
2620 83 91 2
2621 83 103 31
2622 83 106 14
2623 83 114 14
2624 83 117 34
2625 83 120 48
2626 83 127 43
2627 83 133 1
2628 83 136 39
2629 83 139 2
2630 83 154 20
2631 83 172 26
2632 83 173 35
2633 83 178 1
2634 83 180 5
2635 83 183 14
2636 83 184 48
2637 83 185 18
2638 83 186 46
2639 83 192 5
2640 83 195 41
2641 83 197 13
2642 84 85 16
2643 84 91 41
2644 84 93 45
2645 84 118 18
2646 84 121 29
2647 84 124 30
2648 84 131 48
2649 84 148 49
2650 84 153 18
2651 84 154 48
2652 84 168 36
2653 84 171 38
2654 84 173 13
2655 84 175 5
2656 84 177 35
2657 84 178 12
2658 84 181 33
2659 84 182 13
2660 84 185 4
2661 84 186 5
2662 84 192 44
2663 84 194 33
2664 84 199 5
2665 85 88 28
2666 85 95 39
2667 85 111 4
2668 85 113 14
2669 85 115 8
2670 85 116 7
2671 85 117 8
2672 85 124 42
2673 85 125 21
2674 85 131 21
2675 85 143 41
2676 85 146 13
2677 85 151 21
2678 85 156 5
2679 85 161 35
2680 85 172 6
2681 85 176 6
2682 85 181 40
2683 85 184 2
2684 85 185 28
2685 85 194 11
2686 85 199 22
2687 86 91 40
2688 86 92 7
2689 86 98 48
2690 86 108 33
2691 86 113 23
2692 86 118 9
2693 86 121 39
2694 86 134 49
2695 86 138 41
2696 86 141 30
2697 86 143 15
2698 86 148 36
2699 86 150 29
2700 86 157 37
2701 86 167 10
2702 86 171 7
2703 86 182 38
2704 86 184 2
2705 86 189 12
2706 86 194 2
2707 86 195 35
2708 86 198 14
2709 87 89 7
2710 87 93 39
2711 87 101 22
2712 87 110 29
2713 87 127 9
2714 87 137 7
2715 87 140 39
2716 87 142 1
2717 87 143 50
2718 87 144 33
2719 87 152 2
2720 87 154 44
2721 87 160 50
2722 87 161 8
2723 87 165 29
2724 87 182 4
2725 87 183 34
2726 87 184 20
2727 87 188 42
2728 87 189 47
2729 87 190 28
2730 87 192 8
2731 88 97 4
2732 88 103 7
2733 88 105 40
2734 88 136 22
2735 88 142 49
2736 88 144 46
2737 88 145 35
2738 88 150 2
2739 88 157 39
2740 88 161 45
2741 88 166 31
2742 88 168 29
2743 88 187 39
2744 88 188 12
2745 88 196 44
2746 88 198 34
2747 89 91 35
2748 89 94 42
2749 89 107 17
2750 89 108 5
2751 89 116 47
2752 89 117 32
2753 89 124 2
2754 89 128 32
2755 89 129 48
2756 89 134 41
2757 89 140 48
2758 89 156 14
2759 89 168 5
2760 89 173 34
2761 89 177 28
2762 89 179 42
2763 89 180 17
2764 89 181 26
2765 89 185 21
2766 89 188 23
2767 89 195 1
2768 90 93 11
2769 90 98 2
2770 90 102 22
2771 90 106 6
2772 90 109 25
2773 90 119 42
2774 90 123 11
2775 90 127 13
2776 90 132 28
2777 90 135 11
2778 90 141 49
2779 90 152 2
2780 90 160 1
2781 90 164 30
2782 90 166 9
2783 90 167 1
2784 90 169 10
2785 90 173 43
2786 90 175 4
2787 90 176 22
2788 90 179 50
2789 90 180 32
2790 90 181 16
2791 90 184 30
2792 90 185 19
2793 90 199 21
2794 91 96 20
2795 91 99 33
2796 91 102 6
2797 91 121 31
2798 91 130 11
2799 91 133 23
2800 91 135 50
2801 91 139 41
2802 91 146 29
2803 91 147 20
2804 91 154 36
2805 91 158 47
2806 91 159 38
2807 91 161 31
2808 91 168 43
2809 91 169 25
2810 91 170 10
2811 91 174 9
2812 91 177 17
2813 91 181 13
2814 91 182 12
2815 91 185 6
2816 91 188 28
2817 91 191 38
2818 91 193 14
2819 91 194 6
2820 91 196 16
2821 91 197 42
2822 91 198 10
2823 91 199 48
2824 92 99 22
2825 92 118 28
2826 92 131 36
2827 92 133 48
2828 92 141 20
2829 92 146 2
2830 92 158 36
2831 92 162 35
2832 92 175 39
2833 92 179 35
2834 92 182 47
2835 92 191 47
2836 92 194 39
2837 92 197 29
2838 92 199 8
2839 93 96 8
2840 93 100 36
2841 93 101 12
2842 93 102 5
2843 93 103 18
2844 93 105 25
2845 93 107 37
2846 93 116 24
2847 93 121 27
2848 93 123 3
2849 93 140 18
2850 93 141 34
2851 93 152 18
2852 93 161 32
2853 93 166 17
2854 93 173 7
2855 93 174 26
2856 93 183 50
2857 93 185 6
2858 93 189 47
2859 93 190 41
2860 93 194 33
2861 93 197 30
2862 94 109 18
2863 94 119 11
2864 94 122 27
2865 94 123 1
2866 94 135 35
2867 94 144 42
2868 94 153 10
2869 94 158 4
2870 94 165 2
2871 94 166 42
2872 94 178 5
2873 94 185 2
2874 94 190 35
2875 94 192 41
2876 94 194 18
2877 95 98 24
2878 95 104 21
2879 95 108 37
2880 95 111 9
2881 95 119 31
2882 95 122 40
2883 95 123 9
2884 95 124 23
2885 95 127 2
2886 95 132 25
2887 95 139 24
2888 95 144 20
2889 95 146 14
2890 95 154 24
2891 95 156 50
2892 95 166 25
2893 95 171 12
2894 95 174 13
2895 95 182 38
2896 95 185 12
2897 95 194 8
2898 95 195 35
2899 95 196 29
2900 96 97 24
2901 96 99 37
2902 96 102 8
2903 96 108 47
2904 96 112 42
2905 96 113 19
2906 96 118 25
2907 96 120 22
2908 96 129 28
2909 96 131 16
2910 96 136 27
2911 96 138 12
2912 96 139 30
2913 96 158 11
2914 96 166 43
2915 96 177 37
2916 96 180 49
2917 96 181 7
2918 96 192 16
2919 96 193 10
2920 97 98 8
2921 97 102 30
2922 97 110 14
2923 97 113 40
2924 97 116 4
2925 97 119 38
2926 97 128 16
2927 97 131 10
2928 97 132 45
2929 97 140 50
2930 97 147 43
2931 97 148 9
2932 97 152 22
2933 97 155 26
2934 97 158 29
2935 97 159 20
2936 97 164 39
2937 97 168 47
2938 97 172 28
2939 97 177 15
2940 97 186 44
2941 97 190 5
2942 97 193 11
2943 97 195 29
2944 98 103 11
2945 98 107 43
2946 98 114 32
2947 98 119 13
2948 98 125 10
2949 98 130 9
2950 98 139 5
2951 98 141 43
2952 98 144 47
2953 98 151 33
2954 98 152 30
2955 98 158 5
2956 98 164 9
2957 98 169 21
2958 98 172 2
2959 98 177 20
2960 98 178 37
2961 99 100 4
2962 99 102 45
2963 99 103 32
2964 99 106 33
2965 99 107 19
2966 99 108 48
2967 99 109 14
2968 99 115 20
2969 99 120 45
2970 99 123 3
2971 99 126 32
2972 99 127 26
2973 99 131 20
2974 99 132 15
2975 99 145 43
2976 99 151 2
2977 99 153 16
2978 99 155 15
2979 99 156 13
2980 99 161 29
2981 99 162 35
2982 99 174 41
2983 99 178 44
2984 99 182 25
2985 99 185 33
2986 99 188 23
2987 99 189 29
2988 99 191 30
2989 99 194 46
2990 100 103 13
2991 100 105 24
2992 100 110 45
2993 100 112 1
2994 100 122 17
2995 100 126 8
2996 100 127 33
2997 100 137 21
2998 100 139 43
2999 100 159 19
3000 100 160 25
3001 100 162 15
3002 100 165 23
3003 100 166 31
3004 100 185 35
3005 100 199 19
3006 101 108 35
3007 101 109 9
3008 101 111 34
3009 101 114 4
3010 101 115 26
3011 101 120 10
3012 101 130 26
3013 101 133 26
3014 101 137 32
3015 101 138 29
3016 101 148 6
3017 101 154 35
3018 101 167 3
3019 101 177 46
3020 101 196 47
3021 101 198 43
3022 102 104 30
3023 102 106 38
3024 102 113 29
3025 102 116 15
3026 102 120 16
3027 102 124 39
3028 102 126 30
3029 102 129 33
3030 102 130 9
3031 102 139 4
3032 102 141 43
3033 102 144 20
3034 102 150 9
3035 102 155 37
3036 102 156 1
3037 102 157 35
3038 102 160 1
3039 102 162 6
3040 102 169 49
3041 102 171 49
3042 102 174 50
3043 102 177 4
3044 102 181 48
3045 102 188 25
3046 102 190 14
3047 102 196 3
3048 102 198 21
3049 103 112 37
3050 103 120 16
3051 103 122 16
3052 103 124 29
3053 103 131 27
3054 103 133 48
3055 103 142 26
3056 103 154 34
3057 103 155 37
3058 103 159 33
3059 103 161 21
3060 103 175 46
3061 103 176 24
3062 103 188 6
3063 103 189 48
3064 103 192 10
3065 103 193 37
3066 103 198 9
3067 103 199 21
3068 104 113 48
3069 104 130 16
3070 104 139 31
3071 104 147 23
3072 104 150 42
3073 104 161 35
3074 104 166 50
3075 104 168 20
3076 104 170 41
3077 104 172 17
3078 104 181 35
3079 104 182 29
3080 104 183 33
3081 104 192 44
3082 104 194 4
3083 104 195 31
3084 104 196 32
3085 105 106 36
3086 105 111 2
3087 105 125 24
3088 105 126 40
3089 105 131 26
3090 105 134 29
3091 105 138 35
3092 105 142 43
3093 105 149 2
3094 105 154 20
3095 105 165 28
3096 105 172 4
3097 105 174 44
3098 105 175 9
3099 105 182 26
3100 105 184 32
3101 105 186 12
3102 105 189 45
3103 105 192 33
3104 105 194 38
3105 105 195 3
3106 106 117 30
3107 106 122 26
3108 106 125 33
3109 106 127 11
3110 106 133 47
3111 106 134 42
3112 106 139 29
3113 106 141 47
3114 106 154 31
3115 106 156 4
3116 106 157 34
3117 106 164 22
3118 106 167 31
3119 106 174 42
3120 106 183 27
3121 106 193 48
3122 106 198 23
3123 107 110 21
3124 107 127 14
3125 107 128 46
3126 107 134 5
3127 107 137 9
3128 107 144 42
3129 107 147 49
3130 107 148 19
3131 107 154 4
3132 107 173 23
3133 107 182 4
3134 107 190 34
3135 107 196 40
3136 108 109 1
3137 108 111 41
3138 108 114 20
3139 108 136 47
3140 108 142 17
3141 108 149 10
3142 108 161 34
3143 108 167 25
3144 108 168 45
3145 108 175 22
3146 108 183 37
3147 108 187 35
3148 108 191 49
3149 108 196 18
3150 108 199 11
3151 109 116 28
3152 109 120 16
3153 109 123 29
3154 109 126 44
3155 109 128 38
3156 109 130 18
3157 109 142 16
3158 109 148 6
3159 109 156 38
3160 109 164 27
3161 109 165 7
3162 109 166 21
3163 109 168 20
3164 109 174 21
3165 109 175 35
3166 109 178 6
3167 109 187 1
3168 109 196 37
3169 110 113 9
3170 110 120 35
3171 110 127 29
3172 110 137 28
3173 110 139 23
3174 110 147 21
3175 110 148 2
3176 110 153 49
3177 110 167 12
3178 110 173 36
3179 110 175 12
3180 110 176 5
3181 110 177 50
3182 110 180 28
3183 110 184 29
3184 110 185 25
3185 110 191 6
3186 110 197 10
3187 110 198 1
3188 110 199 50
3189 111 120 18
3190 111 132 45
3191 111 143 24
3192 111 146 12
3193 111 154 40
3194 111 158 15
3195 111 163 13
3196 111 170 4
3197 111 182 24
3198 111 191 39
3199 111 192 23
3200 111 196 24
3201 112 120 40
3202 112 135 36
3203 112 136 46
3204 112 139 21
3205 112 140 1
3206 112 141 13
3207 112 152 3
3208 112 153 24
3209 112 157 9
3210 112 165 20
3211 112 167 35
3212 112 172 20
3213 112 178 7
3214 112 184 35
3215 113 119 27
3216 113 125 12
3217 113 130 40
3218 113 131 37
3219 113 132 37
3220 113 133 27
3221 113 134 47
3222 113 138 15
3223 113 139 29
3224 113 140 18
3225 113 143 15
3226 113 149 38
3227 113 150 48
3228 113 152 34
3229 113 161 13
3230 113 162 5
3231 113 165 21
3232 113 170 19
3233 113 175 43
3234 113 177 29
3235 113 181 36
3236 113 184 3
3237 113 187 24
3238 113 196 18
3239 114 121 46
3240 114 133 6
3241 114 139 12
3242 114 140 6
3243 114 143 29
3244 114 145 13
3245 114 146 8
3246 114 147 46
3247 114 149 44
3248 114 150 1
3249 114 160 29
3250 114 167 24
3251 114 171 35
3252 114 176 1
3253 114 177 7
3254 115 125 2
3255 115 126 1
3256 115 127 20
3257 115 132 24
3258 115 138 50
3259 115 144 24
3260 115 148 41
3261 115 149 42
3262 115 152 49
3263 115 156 22
3264 115 165 5
3265 115 166 40
3266 115 167 49
3267 115 170 26
3268 115 187 9
3269 115 194 33
3270 116 120 31
3271 116 123 41
3272 116 127 22
3273 116 130 21
3274 116 131 47
3275 116 132 17
3276 116 136 46
3277 116 138 16
3278 116 141 32
3279 116 144 21
3280 116 147 42
3281 116 148 18
3282 116 156 26
3283 116 158 32
3284 116 166 27
3285 116 168 31
3286 116 170 42
3287 116 173 40
3288 116 174 1
3289 116 181 40
3290 116 184 11
3291 116 185 16
3292 116 198 45
3293 117 123 21
3294 117 125 26
3295 117 128 27
3296 117 131 16
3297 117 134 32
3298 117 136 31
3299 117 147 17
3300 117 149 19
3301 117 151 24
3302 117 160 24
3303 117 165 6
3304 117 166 19
3305 117 169 39
3306 117 171 35
3307 117 177 9
3308 117 179 35
3309 117 180 34
3310 117 181 36
3311 117 188 30
3312 117 190 20
3313 117 191 42
3314 117 192 45
3315 117 197 28
3316 118 119 8
3317 118 122 19
3318 118 129 4
3319 118 130 46
3320 118 140 32
3321 118 144 16
3322 118 159 46
3323 118 162 49
3324 118 165 21
3325 118 176 12
3326 118 189 3
3327 118 197 39
3328 118 198 47
3329 119 120 5
3330 119 131 35
3331 119 134 48
3332 119 139 13
3333 119 141 22
3334 119 142 25
3335 119 143 35
3336 119 144 38
3337 119 149 13
3338 119 153 47
3339 119 159 9
3340 119 160 5
3341 119 161 11
3342 119 166 3
3343 119 172 40
3344 119 179 42
3345 119 187 18
3346 119 189 9
3347 119 194 37
3348 120 122 37
3349 120 131 3
3350 120 133 24
3351 120 149 30
3352 120 152 34
3353 120 158 47
3354 120 161 27
3355 120 165 39
3356 120 178 9
3357 120 181 42
3358 120 183 19
3359 120 185 18
3360 120 196 24
3361 120 199 42
3362 121 122 41
3363 121 145 38
3364 121 146 10
3365 121 152 27
3366 121 154 35
3367 121 162 20
3368 121 164 15
3369 121 169 3
3370 121 180 44
3371 121 181 10
3372 121 183 25
3373 121 187 27
3374 121 194 43
3375 122 136 47
3376 122 139 38
3377 122 145 34
3378 122 146 31
3379 122 149 28
3380 122 150 44
3381 122 151 30
3382 122 156 16
3383 122 160 32
3384 122 161 8
3385 122 169 32
3386 122 175 18
3387 122 179 19
3388 122 181 45
3389 122 182 38
3390 122 186 13
3391 122 187 36
3392 122 191 32
3393 122 193 32
3394 122 196 37
3395 122 199 30
3396 123 127 22
3397 123 134 23
3398 123 140 1
3399 123 143 45
3400 123 144 41
3401 123 145 41
3402 123 148 1
3403 123 152 19
3404 123 153 21
3405 123 170 5
3406 123 183 46
3407 123 191 41
3408 123 194 49
3409 123 199 9
3410 124 129 35
3411 124 141 41
3412 124 143 10
3413 124 146 38
3414 124 148 50
3415 124 151 7
3416 124 156 45
3417 124 158 50
3418 124 174 31
3419 124 190 49
3420 124 194 49
3421 124 195 11
3422 125 126 44
3423 125 127 9
3424 125 130 24
3425 125 133 33
3426 125 134 14
3427 125 139 38
3428 125 143 21
3429 125 144 12
3430 125 155 11
3431 125 157 41
3432 125 158 33
3433 125 166 23
3434 125 187 39
3435 125 195 28
3436 126 140 23
3437 126 148 15
3438 126 149 22
3439 126 156 26
3440 126 157 33
3441 126 164 10
3442 126 165 5
3443 126 167 7
3444 126 170 3
3445 126 178 33
3446 126 183 40
3447 126 188 20
3448 126 191 45
3449 127 129 40
3450 127 132 25
3451 127 133 3
3452 127 142 37
3453 127 151 17
3454 127 154 28
3455 127 161 41
3456 127 166 25
3457 127 177 36
3458 127 181 47
3459 127 188 29
3460 127 194 33
3461 127 195 8
3462 127 197 25
3463 128 139 15
3464 128 141 11
3465 128 145 3
3466 128 147 13
3467 128 150 11
3468 128 155 5
3469 128 157 14
3470 128 159 28
3471 128 163 35
3472 128 165 7
3473 128 166 17
3474 128 173 41
3475 128 174 22
3476 128 178 12
3477 128 183 47
3478 128 185 47
3479 128 187 3
3480 128 189 35
3481 128 195 19
3482 129 132 18
3483 129 135 48
3484 129 140 48
3485 129 143 13
3486 129 144 29
3487 129 146 21
3488 129 148 17
3489 129 150 18
3490 129 157 41
3491 129 158 47
3492 129 166 8
3493 129 167 7
3494 129 172 46
3495 129 174 43
3496 129 177 46
3497 129 179 17
3498 129 180 29
3499 129 192 29
3500 129 193 13
3501 129 199 22
3502 130 131 36
3503 130 150 30
3504 130 156 39
3505 130 159 7
3506 130 166 45
3507 130 167 35
3508 130 170 50
3509 130 172 30
3510 130 187 5
3511 131 138 32
3512 131 153 49
3513 131 154 47
3514 131 155 31
3515 131 179 20
3516 131 186 30
3517 131 190 3
3518 131 191 8
3519 131 194 15
3520 132 136 6
3521 132 140 27
3522 132 142 3
3523 132 150 36
3524 132 153 2
3525 132 170 41
3526 132 180 6
3527 132 183 44
3528 132 194 15
3529 132 197 20
3530 133 139 43
3531 133 149 5
3532 133 152 19
3533 133 161 37
3534 133 163 39
3535 133 166 42
3536 133 168 20
3537 133 170 39
3538 133 172 21
3539 133 175 46
3540 133 181 3
3541 133 185 48
3542 133 195 23
3543 133 199 14
3544 134 135 9
3545 134 137 45
3546 134 142 1
3547 134 150 30
3548 134 153 17
3549 134 154 26
3550 134 158 21
3551 134 183 19
3552 134 184 25
3553 134 189 14
3554 134 191 16
3555 134 194 7
3556 135 141 33
3557 135 164 40
3558 135 165 33
3559 135 172 38
3560 135 173 24
3561 135 181 47
3562 135 182 16
3563 136 137 45
3564 136 140 22
3565 136 141 43
3566 136 144 34
3567 136 155 34
3568 136 159 34
3569 136 163 39
3570 136 164 22
3571 136 165 11
3572 136 167 46
3573 136 171 9
3574 136 186 14
3575 136 193 19
3576 136 195 34
3577 136 197 5
3578 137 140 37
3579 137 144 22
3580 137 147 10
3581 137 150 24
3582 137 162 45
3583 137 165 24
3584 137 166 7
3585 137 169 47
3586 137 173 6
3587 137 176 25
3588 137 178 11
3589 137 182 4
3590 137 187 33
3591 137 192 30
3592 138 141 42
3593 138 146 18
3594 138 149 26
3595 138 154 7
3596 138 159 29
3597 138 163 12
3598 138 170 50
3599 138 175 12
3600 138 176 13
3601 138 178 24
3602 138 180 24
3603 138 189 32
3604 138 194 37
3605 138 197 11
3606 139 141 15
3607 139 144 28
3608 139 150 6
3609 139 154 12
3610 139 155 50
3611 139 157 7
3612 139 159 27
3613 139 169 41
3614 139 174 37
3615 139 179 25
3616 139 185 3
3617 139 187 19
3618 139 189 50
3619 139 190 6
3620 139 195 17
3621 139 198 4
3622 140 141 33
3623 140 146 19
3624 140 159 26
3625 140 168 46
3626 140 171 25
3627 140 173 13
3628 140 174 41
3629 140 176 26
3630 140 179 28
3631 140 180 16
3632 140 187 25
3633 140 189 44
3634 140 191 50
3635 141 146 50
3636 141 150 26
3637 141 157 5
3638 141 158 3
3639 141 161 2
3640 141 162 43
3641 141 165 27
3642 141 173 25
3643 141 175 27
3644 141 177 42
3645 141 180 6
3646 141 185 2
3647 141 194 40
3648 141 197 35
3649 142 146 31
3650 142 147 21
3651 142 148 29
3652 142 156 2
3653 142 157 29
3654 142 161 25
3655 142 182 21
3656 142 193 43
3657 142 194 47
3658 142 195 3
3659 143 151 35
3660 143 155 41
3661 143 157 33
3662 143 159 14
3663 143 161 46
3664 143 173 46
3665 143 187 17
3666 143 197 23
3667 143 198 39
3668 144 146 38
3669 144 149 47
3670 144 150 39
3671 144 151 1
3672 144 152 39
3673 144 154 17
3674 144 156 22
3675 144 158 22
3676 144 169 22
3677 144 176 28
3678 144 190 3
3679 144 192 28
3680 144 194 22
3681 144 198 33
3682 145 152 45
3683 145 153 38
3684 145 154 33
3685 145 159 24
3686 145 162 4
3687 145 164 33
3688 145 166 13
3689 145 171 8
3690 145 174 27
3691 145 175 42
3692 145 191 42
3693 145 196 32
3694 146 161 47
3695 146 164 44
3696 146 167 49
3697 146 184 24
3698 146 189 48
3699 146 192 17
3700 146 197 15
3701 147 151 46
3702 147 153 15
3703 147 156 48
3704 147 172 10
3705 147 179 9
3706 147 184 20
3707 147 186 38
3708 147 198 32
3709 148 150 31
3710 148 157 21
3711 148 161 34
3712 148 177 46
3713 148 178 17
3714 148 179 31
3715 148 180 45
3716 148 182 27
3717 148 192 47
3718 148 194 1
3719 148 199 4
3720 149 152 47
3721 149 155 13
3722 149 160 43
3723 149 163 36
3724 149 164 1
3725 149 170 37
3726 149 171 23
3727 149 176 34
3728 149 179 50
3729 149 180 13
3730 149 181 50
3731 149 183 32
3732 149 184 41
3733 149 188 3
3734 149 192 46
3735 149 195 10
3736 149 197 27
3737 150 154 20
3738 150 158 37
3739 150 159 50
3740 150 163 5
3741 150 166 20
3742 150 169 22
3743 150 170 6
3744 150 174 16
3745 150 179 28
3746 150 181 42
3747 150 186 5
3748 150 193 19
3749 150 194 4
3750 151 155 11
3751 151 166 30
3752 151 169 35
3753 151 178 16
3754 151 185 40
3755 151 193 25
3756 151 196 35
3757 152 156 42
3758 152 158 11
3759 152 164 14
3760 152 166 3
3761 152 172 47
3762 152 174 7
3763 152 177 35
3764 152 179 25
3765 152 180 15
3766 152 184 18
3767 152 191 39
3768 152 192 12
3769 152 197 9
3770 152 198 35
3771 153 154 50
3772 153 155 32
3773 153 160 12
3774 153 166 36
3775 153 167 7
3776 153 170 48
3777 153 171 43
3778 153 177 18
3779 153 181 43
3780 153 182 10
3781 153 190 34
3782 153 191 15
3783 153 198 42
3784 154 160 4
3785 154 161 9
3786 154 174 29
3787 154 177 35
3788 154 179 6
3789 154 180 34
3790 154 181 39
3791 154 183 31
3792 154 186 3
3793 154 187 49
3794 154 188 48
3795 154 195 7
3796 155 156 37
3797 155 157 4
3798 155 162 12
3799 155 176 17
3800 155 177 40
3801 155 178 21
3802 155 180 19
3803 155 190 13
3804 155 192 32
3805 155 193 48
3806 155 197 12
3807 155 199 8
3808 156 157 18
3809 156 159 22
3810 156 164 10
3811 156 165 7
3812 156 173 12
3813 156 179 42
3814 156 185 40
3815 156 187 32
3816 157 158 11
3817 157 165 17
3818 157 170 30
3819 157 171 22
3820 157 175 44
3821 157 185 3
3822 157 187 32
3823 157 188 38
3824 157 189 40
3825 157 193 42
3826 158 164 5
3827 158 167 2
3828 158 191 40
3829 159 161 44
3830 159 162 37
3831 159 163 2
3832 159 173 7
3833 159 179 37
3834 159 181 43
3835 159 182 25
3836 159 183 47
3837 159 187 16
3838 159 190 1
3839 159 195 19
3840 159 196 9
3841 160 167 43
3842 160 170 6
3843 160 183 37
3844 160 187 28
3845 160 188 39
3846 160 191 2
3847 160 197 24
3848 160 199 34
3849 161 166 20
3850 161 175 37
3851 161 176 24
3852 161 178 21
3853 161 188 18
3854 161 197 16
3855 162 164 14
3856 162 169 47
3857 162 171 34
3858 162 174 45
3859 162 182 35
3860 162 183 27
3861 162 186 42
3862 162 192 18
3863 163 169 10
3864 163 174 33
3865 163 182 20
3866 163 186 26
3867 163 188 37
3868 163 189 11
3869 163 192 50
3870 163 194 28
3871 163 195 27
3872 164 165 50
3873 164 166 12
3874 164 171 29
3875 164 174 21
3876 164 197 47
3877 165 169 12
3878 165 170 12
3879 165 190 10
3880 165 192 27
3881 166 167 8
3882 166 171 40
3883 166 195 45
3884 166 197 45
3885 167 182 25
3886 167 184 28
3887 167 185 36
3888 167 187 3
3889 167 189 22
3890 167 192 8
3891 167 196 18
3892 167 197 21
3893 168 174 12
3894 168 178 15
3895 168 180 37
3896 168 185 18
3897 168 190 6
3898 168 197 33
3899 169 179 44
3900 169 182 11
3901 169 184 35
3902 169 190 17
3903 170 174 50
3904 170 179 5
3905 170 180 24
3906 170 186 17
3907 170 195 29
3908 170 197 13
3909 170 199 5
3910 171 181 26
3911 171 186 48
3912 171 188 17
3913 171 191 21
3914 171 193 14
3915 172 173 16
3916 172 175 29
3917 172 184 38
3918 172 185 32
3919 173 181 30
3920 173 196 2
3921 173 199 12
3922 174 178 14
3923 175 176 41
3924 175 180 28
3925 175 185 32
3926 175 193 45
3927 175 199 27
3928 176 178 30
3929 176 180 25
3930 176 186 33
3931 176 191 33
3932 176 193 1
3933 176 195 4
3934 176 196 40
3935 177 180 2
3936 178 180 38
3937 178 183 35
3938 178 187 28
3939 178 188 35
3940 178 191 4
3941 178 192 42
3942 178 197 3
3943 179 187 48
3944 180 183 10
3945 180 184 9
3946 180 186 1
3947 180 194 19
3948 180 195 40
3949 180 197 37
3950 181 187 42
3951 181 188 39
3952 181 195 19
3953 182 187 42
3954 182 191 25
3955 182 193 13
3956 183 189 8
3957 183 191 32
3958 183 193 49
3959 184 187 35
3960 184 194 14
3961 184 195 10
3962 184 197 48
3963 185 192 50
3964 185 194 48
3965 187 189 3
3966 187 194 20
3967 187 195 45
3968 187 196 50
3969 188 191 42
3970 188 194 8
3971 189 192 25
3972 189 195 31
3973 190 195 20
3974 190 196 12
3975 191 199 25
3976 193 196 9
3977 193 197 42
3978 194 199 30
3979 195 198 29
3980 196 199 5
