200 4079 10 50
0 39
1 46
2 16
3 22
4 43
5 42
6 39
7 41
8 50
9 7
10 49
11 31
12 25
13 31
14 16
15 3
16 14
17 34
18 36
19 37
20 17
21 29
22 27
23 3
24 44
25 21
26 36
27 24
28 50
29 15
30 23
31 3
32 43
33 32
34 11
35 32
36 4
37 5
38 43
39 38
40 48
41 40
42 31
43 40
44 14
45 42
46 41
47 6
48 10
49 25
50 17
51 18
52 29
53 30
54 48
55 34
56 50
57 24
58 40
59 41
60 33
61 11
62 8
63 31
64 24
65 31
66 2
67 37
68 27
69 3
70 17
71 32
72 49
73 10
74 34
75 32
76 4
77 49
78 19
79 1
80 44
81 9
82 43
83 6
84 43
85 31
86 37
87 41
88 28
89 22
90 30
91 3
92 28
93 16
94 26
95 35
96 8
97 37
98 36
99 46
100 26
101 16
102 5
103 40
104 8
105 25
106 48
107 36
108 1
109 36
110 3
111 6
112 29
113 36
114 40
115 47
116 18
117 41
118 8
119 44
120 39
121 6
122 37
123 9
124 26
125 33
126 1
127 27
128 16
129 50
130 47
131 12
132 7
133 13
134 7
135 20
136 35
137 17
138 37
139 23
140 39
141 41
142 31
143 34
144 47
145 18
146 43
147 10
148 35
149 30
150 36
151 17
152 29
153 24
154 49
155 46
156 31
157 8
158 47
159 50
160 49
161 8
162 39
163 2
164 7
165 28
166 39
167 8
168 3
169 2
170 22
171 46
172 37
173 29
174 1
175 39
176 45
177 2
178 49
179 31
180 12
181 1
182 34
183 39
184 49
185 3
186 34
187 7
188 41
189 2
190 28
191 29
192 49
193 47
194 47
195 49
196 33
197 15
198 40
199 36
0 0 1 7
1 0 5 3
2 0 7 6
3 0 9 5
4 0 11 1
5 0 12 8
6 0 16 5
7 0 18 9
8 0 30 7
9 0 35 9
10 0 44 3
11 0 48 6
12 0 61 8
13 0 70 6
14 0 78 5
15 0 96 9
16 0 98 10
17 0 113 1
18 0 119 1
19 0 120 5
20 0 130 3
21 0 140 10
22 0 146 3
23 0 155 1
24 0 160 3
25 0 170 4
26 0 175 9
27 0 186 3
28 0 187 5
29 1 9 7
30 1 11 3
31 1 17 1
32 1 19 4
33 1 20 1
34 1 22 2
35 1 32 4
36 1 34 5
37 1 43 10
38 1 59 6
39 1 68 9
40 1 80 10
41 1 81 3
42 1 88 4
43 1 89 1
44 1 90 2
45 1 99 10
46 1 103 1
47 1 104 5
48 1 109 4
49 1 113 1
50 1 125 10
51 1 129 8
52 1 130 9
53 1 138 6
54 1 143 7
55 1 148 5
56 1 150 5
57 1 165 2
58 1 171 4
59 1 172 3
60 1 190 5
61 1 198 2
62 1 199 6
63 2 8 1
64 2 9 3
65 2 15 8
66 2 20 4
67 2 22 10
68 2 29 6
69 2 32 7
70 2 42 6
71 2 44 4
72 2 46 10
73 2 51 1
74 2 59 2
75 2 67 2
76 2 69 9
77 2 71 3
78 2 73 3
79 2 87 8
80 2 89 7
81 2 95 7
82 2 105 1
83 2 109 7
84 2 113 1
85 2 114 8
86 2 115 8
87 2 116 3
88 2 117 5
89 2 120 6
90 2 121 9
91 2 132 4
92 2 138 1
93 2 140 5
94 2 149 8
95 2 151 1
96 2 152 5
97 2 154 8
98 2 156 5
99 2 159 6
100 2 164 10
101 2 172 10
102 2 175 8
103 2 176 3
104 2 180 10
105 2 185 3
106 2 188 4
107 2 193 7
108 2 195 1
109 2 198 1
110 3 5 4
111 3 7 9
112 3 10 7
113 3 11 3
114 3 12 3
115 3 21 6
116 3 25 9
117 3 27 7
118 3 30 1
119 3 32 1
120 3 34 5
121 3 36 6
122 3 37 10
123 3 44 4
124 3 46 4
125 3 52 8
126 3 55 8
127 3 59 3
128 3 64 9
129 3 65 3
130 3 68 7
131 3 72 9
132 3 74 8
133 3 80 4
134 3 88 5
135 3 100 9
136 3 105 1
137 3 111 10
138 3 113 2
139 3 123 9
140 3 127 3
141 3 130 1
142 3 139 6
143 3 140 7
144 3 149 4
145 3 162 9
146 3 164 7
147 3 172 5
148 3 177 6
149 3 178 4
150 3 188 2
151 3 192 6
152 3 194 7
153 3 197 4
154 3 198 10
155 4 14 7
156 4 19 10
157 4 23 2
158 4 33 3
159 4 34 1
160 4 37 4
161 4 41 9
162 4 47 1
163 4 49 6
164 4 52 7
165 4 56 7
166 4 64 7
167 4 67 2
168 4 68 6
169 4 71 7
170 4 72 10
171 4 81 7
172 4 86 6
173 4 87 5
174 4 91 3
175 4 104 5
176 4 106 2
177 4 107 5
178 4 108 9
179 4 114 4
180 4 117 6
181 4 125 5
182 4 126 10
183 4 128 1
184 4 137 4
185 4 140 3
186 4 141 5
187 4 142 8
188 4 147 1
189 4 151 7
190 4 156 9
191 4 164 2
192 4 174 4
193 4 175 4
194 4 180 8
195 4 183 8
196 4 187 10
197 4 189 7
198 4 193 7
199 4 194 1
200 5 21 7
201 5 23 6
202 5 39 6
203 5 46 1
204 5 49 1
205 5 58 2
206 5 70 8
207 5 72 7
208 5 85 1
209 5 86 3
210 5 93 9
211 5 97 4
212 5 99 2
213 5 101 5
214 5 103 5
215 5 110 5
216 5 114 8
217 5 115 10
218 5 116 3
219 5 118 5
220 5 121 1
221 5 125 1
222 5 127 8
223 5 128 1
224 5 130 1
225 5 133 2
226 5 139 10
227 5 153 6
228 5 155 7
229 5 159 7
230 5 161 6
231 5 172 10
232 5 173 10
233 5 177 4
234 5 178 3
235 5 180 2
236 5 181 1
237 5 183 4
238 5 184 4
239 5 189 6
240 5 191 1
241 5 193 5
242 5 199 3
243 6 11 6
244 6 18 5
245 6 19 7
246 6 23 8
247 6 30 4
248 6 43 9
249 6 52 7
250 6 53 10
251 6 55 7
252 6 56 2
253 6 58 7
254 6 60 10
255 6 64 7
256 6 66 10
257 6 72 10
258 6 79 10
259 6 80 2
260 6 81 2
261 6 83 5
262 6 84 6
263 6 89 9
264 6 95 1
265 6 104 5
266 6 107 2
267 6 109 2
268 6 111 4
269 6 126 6
270 6 132 4
271 6 138 8
272 6 140 7
273 6 142 9
274 6 145 3
275 6 155 1
276 6 164 2
277 6 167 6
278 6 168 7
279 6 170 5
280 6 178 9
281 6 180 7
282 6 181 6
283 6 183 9
284 6 184 8
285 6 190 10
286 6 193 1
287 6 195 4
288 7 8 5
289 7 22 9
290 7 29 9
291 7 31 9
292 7 32 1
293 7 35 10
294 7 37 6
295 7 43 9
296 7 47 1
297 7 49 6
298 7 55 1
299 7 58 10
300 7 59 9
301 7 62 1
302 7 63 4
303 7 65 6
304 7 69 9
305 7 78 6
306 7 82 2
307 7 83 6
308 7 84 5
309 7 86 10
310 7 94 6
311 7 98 5
312 7 100 3
313 7 104 10
314 7 108 7
315 7 118 5
316 7 119 3
317 7 121 2
318 7 126 9
319 7 129 6
320 7 130 7
321 7 133 8
322 7 136 10
323 7 139 6
324 7 148 8
325 7 149 6
326 7 150 1
327 7 158 9
328 7 162 2
329 7 167 10
330 7 174 3
331 7 176 5
332 7 181 2
333 7 185 4
334 7 197 2
335 8 11 1
336 8 16 1
337 8 17 5
338 8 20 2
339 8 24 3
340 8 30 10
341 8 33 2
342 8 38 4
343 8 41 9
344 8 43 6
345 8 44 9
346 8 46 8
347 8 50 5
348 8 59 10
349 8 64 9
350 8 65 5
351 8 68 5
352 8 69 10
353 8 71 3
354 8 75 9
355 8 81 1
356 8 87 3
357 8 90 9
358 8 93 1
359 8 100 2
360 8 104 7
361 8 106 1
362 8 107 5
363 8 113 8
364 8 124 7
365 8 131 7
366 8 145 2
367 8 148 4
368 8 153 5
369 8 157 8
370 8 162 2
371 8 163 4
372 8 168 6
373 8 169 2
374 8 170 9
375 8 173 10
376 8 180 5
377 8 189 8
378 8 192 5
379 8 195 3
380 8 196 4
381 8 199 3
382 9 11 7
383 9 16 6
384 9 18 1
385 9 24 10
386 9 37 9
387 9 39 5
388 9 46 1
389 9 54 5
390 9 55 5
391 9 59 2
392 9 60 8
393 9 62 3
394 9 65 7
395 9 67 9
396 9 68 2
397 9 69 10
398 9 73 8
399 9 75 7
400 9 79 2
401 9 83 6
402 9 91 2
403 9 111 4
404 9 116 1
405 9 121 10
406 9 124 7
407 9 130 2
408 9 138 5
409 9 143 9
410 9 156 10
411 9 158 4
412 9 161 9
413 9 162 1
414 9 168 2
415 9 172 3
416 9 177 4
417 9 178 6
418 9 179 2
419 9 181 2
420 9 186 7
421 10 11 5
422 10 20 1
423 10 22 8
424 10 27 10
425 10 33 9
426 10 37 7
427 10 38 8
428 10 49 1
429 10 51 7
430 10 53 10
431 10 64 10
432 10 66 1
433 10 71 8
434 10 81 10
435 10 84 8
436 10 88 2
437 10 92 9
438 10 105 1
439 10 107 9
440 10 109 5
441 10 113 9
442 10 121 6
443 10 122 1
444 10 131 3
445 10 133 4
446 10 139 3
447 10 152 4
448 10 155 2
449 10 160 5
450 10 164 6
451 10 170 7
452 10 183 8
453 10 195 8
454 11 14 5
455 11 20 7
456 11 21 5
457 11 22 10
458 11 27 7
459 11 30 7
460 11 36 5
461 11 37 1
462 11 52 1
463 11 53 2
464 11 66 7
465 11 70 1
466 11 72 6
467 11 74 10
468 11 82 2
469 11 87 6
470 11 106 6
471 11 129 5
472 11 136 2
473 11 139 3
474 11 140 9
475 11 148 3
476 11 154 4
477 11 156 6
478 11 157 10
479 11 164 1
480 11 167 9
481 11 168 8
482 11 171 1
483 11 185 7
484 11 193 10
485 12 14 6
486 12 15 5
487 12 17 6
488 12 18 10
489 12 23 8
490 12 27 8
491 12 34 4
492 12 43 1
493 12 48 2
494 12 52 6
495 12 57 1
496 12 62 2
497 12 77 2
498 12 78 4
499 12 82 10
500 12 84 2
501 12 100 2
502 12 113 3
503 12 119 5
504 12 126 10
505 12 130 7
506 12 133 8
507 12 135 1
508 12 138 3
509 12 140 2
510 12 141 10
511 12 149 9
512 12 152 5
513 12 154 1
514 12 157 2
515 12 162 4
516 12 164 6
517 12 172 2
518 12 173 6
519 12 183 2
520 12 190 1
521 12 193 5
522 12 194 7
523 13 17 5
524 13 19 6
525 13 27 3
526 13 29 4
527 13 32 4
528 13 34 10
529 13 35 3
530 13 44 8
531 13 47 9
532 13 51 8
533 13 56 7
534 13 59 10
535 13 67 6
536 13 70 8
537 13 91 7
538 13 96 6
539 13 97 3
540 13 98 3
541 13 106 7
542 13 107 8
543 13 120 10
544 13 122 4
545 13 125 6
546 13 127 4
547 13 128 6
548 13 136 8
549 13 139 2
550 13 141 1
551 13 145 10
552 13 146 2
553 13 147 4
554 13 163 8
555 13 166 6
556 13 168 3
557 13 173 7
558 13 184 8
559 13 186 3
560 13 198 1
561 14 19 9
562 14 20 6
563 14 28 1
564 14 30 2
565 14 39 1
566 14 45 7
567 14 48 1
568 14 57 4
569 14 62 5
570 14 64 9
571 14 70 2
572 14 71 5
573 14 74 4
574 14 78 10
575 14 85 10
576 14 91 2
577 14 92 2
578 14 95 5
579 14 96 10
580 14 99 3
581 14 101 9
582 14 111 6
583 14 122 3
584 14 123 1
585 14 130 6
586 14 136 9
587 14 149 3
588 14 152 8
589 14 156 7
590 14 162 7
591 14 163 9
592 14 164 8
593 14 173 2
594 14 174 8
595 14 177 4
596 14 183 7
597 14 186 5
598 14 188 2
599 14 191 8
600 14 194 2
601 14 196 7
602 14 197 3
603 15 21 4
604 15 25 3
605 15 28 3
606 15 30 5
607 15 33 1
608 15 36 10
609 15 41 7
610 15 44 3
611 15 46 6
612 15 52 2
613 15 53 8
614 15 59 3
615 15 60 5
616 15 62 1
617 15 64 5
618 15 73 10
619 15 75 5
620 15 77 2
621 15 79 10
622 15 81 10
623 15 87 2
624 15 90 4
625 15 94 8
626 15 112 5
627 15 115 10
628 15 119 10
629 15 128 5
630 15 137 4
631 15 140 3
632 15 143 1
633 15 145 1
634 15 156 8
635 15 163 10
636 15 169 4
637 15 172 4
638 15 180 1
639 15 182 3
640 15 194 3
641 15 198 4
642 16 18 3
643 16 27 3
644 16 28 9
645 16 34 3
646 16 39 1
647 16 42 2
648 16 52 10
649 16 56 1
650 16 61 8
651 16 79 1
652 16 80 3
653 16 84 4
654 16 87 1
655 16 95 5
656 16 107 1
657 16 113 6
658 16 115 1
659 16 138 3
660 16 146 8
661 16 152 7
662 16 157 7
663 16 173 6
664 16 181 10
665 16 190 9
666 16 194 10
667 17 20 7
668 17 26 7
669 17 29 3
670 17 31 2
671 17 32 1
672 17 39 6
673 17 54 8
674 17 58 8
675 17 60 1
676 17 74 3
677 17 78 5
678 17 81 5
679 17 83 1
680 17 85 8
681 17 86 5
682 17 87 9
683 17 89 8
684 17 91 5
685 17 93 6
686 17 95 2
687 17 97 4
688 17 114 10
689 17 124 3
690 17 125 4
691 17 129 3
692 17 135 7
693 17 138 8
694 17 141 6
695 17 149 7
696 17 162 9
697 17 168 10
698 17 176 3
699 17 179 9
700 17 183 9
701 17 184 9
702 17 191 4
703 17 192 10
704 18 26 3
705 18 31 3
706 18 33 5
707 18 39 6
708 18 43 3
709 18 73 10
710 18 75 7
711 18 81 10
712 18 82 4
713 18 83 9
714 18 84 5
715 18 87 10
716 18 89 2
717 18 93 8
718 18 100 2
719 18 109 1
720 18 120 1
721 18 124 2
722 18 129 2
723 18 132 2
724 18 137 2
725 18 145 10
726 18 153 1
727 18 155 3
728 18 156 5
729 18 162 1
730 18 167 6
731 18 170 9
732 18 172 5
733 18 173 7
734 18 181 9
735 18 182 4
736 18 193 10
737 18 198 1
738 19 24 5
739 19 25 3
740 19 38 2
741 19 47 8
742 19 56 10
743 19 62 1
744 19 74 7
745 19 76 10
746 19 80 1
747 19 92 6
748 19 96 6
749 19 98 8
750 19 107 4
751 19 116 3
752 19 119 9
753 19 121 1
754 19 130 3
755 19 143 6
756 19 144 9
757 19 146 4
758 19 149 9
759 19 153 7
760 19 159 4
761 19 168 1
762 19 169 6
763 19 173 4
764 19 179 4
765 19 182 2
766 19 187 9
767 19 189 2
768 19 190 8
769 19 197 10
770 19 199 4
771 20 21 5
772 20 24 2
773 20 26 10
774 20 29 6
775 20 38 7
776 20 47 9
777 20 57 4
778 20 65 2
779 20 76 4
780 20 81 5
781 20 86 3
782 20 88 7
783 20 91 10
784 20 93 3
785 20 95 10
786 20 102 7
787 20 103 2
788 20 113 9
789 20 119 2
790 20 132 4
791 20 142 10
792 20 151 8
793 20 157 10
794 20 158 8
795 20 167 4
796 20 171 3
797 20 184 5
798 20 187 9
799 20 188 10
800 20 193 3
801 21 27 1
802 21 39 6
803 21 45 7
804 21 53 2
805 21 54 5
806 21 58 3
807 21 85 3
808 21 96 5
809 21 103 9
810 21 109 6
811 21 112 9
812 21 115 4
813 21 129 3
814 21 137 2
815 21 142 6
816 21 149 5
817 21 151 2
818 21 152 8
819 21 155 2
820 21 167 5
821 21 182 3
822 21 190 5
823 21 197 1
824 21 199 10
825 22 31 5
826 22 34 5
827 22 37 6
828 22 39 1
829 22 45 5
830 22 55 4
831 22 56 6
832 22 57 8
833 22 60 6
834 22 65 9
835 22 66 4
836 22 67 6
837 22 74 7
838 22 87 4
839 22 91 3
840 22 98 5
841 22 99 3
842 22 103 5
843 22 106 2
844 22 114 6
845 22 116 9
846 22 121 3
847 22 129 7
848 22 130 7
849 22 134 9
850 22 135 6
851 22 136 1
852 22 141 3
853 22 148 6
854 22 152 2
855 22 153 3
856 22 156 9
857 22 171 7
858 22 175 1
859 22 195 2
860 23 26 7
861 23 28 2
862 23 39 5
863 23 46 1
864 23 51 7
865 23 57 7
866 23 63 5
867 23 64 10
868 23 68 4
869 23 71 3
870 23 72 4
871 23 77 5
872 23 84 9
873 23 90 8
874 23 93 9
875 23 96 6
876 23 101 3
877 23 102 3
878 23 112 4
879 23 128 2
880 23 130 3
881 23 140 10
882 23 143 4
883 23 152 9
884 23 157 7
885 23 159 9
886 23 169 5
887 23 176 2
888 23 177 9
889 23 181 6
890 23 187 3
891 23 190 4
892 23 193 10
893 23 194 2
894 23 199 6
895 24 26 2
896 24 46 2
897 24 48 6
898 24 56 6
899 24 58 10
900 24 59 9
901 24 64 8
902 24 68 8
903 24 72 8
904 24 73 1
905 24 74 6
906 24 76 5
907 24 81 4
908 24 82 2
909 24 89 1
910 24 90 9
911 24 92 5
912 24 99 5
913 24 100 4
914 24 102 7
915 24 103 6
916 24 107 8
917 24 115 5
918 24 117 6
919 24 119 1
920 24 132 7
921 24 136 7
922 24 144 8
923 24 145 9
924 24 148 5
925 24 156 6
926 24 159 7
927 24 163 5
928 24 181 7
929 24 188 5
930 24 190 9
931 24 195 7
932 24 198 8
933 25 30 2
934 25 33 2
935 25 37 10
936 25 47 2
937 25 50 1
938 25 64 2
939 25 67 10
940 25 73 3
941 25 77 10
942 25 78 4
943 25 79 9
944 25 80 6
945 25 90 3
946 25 99 8
947 25 102 5
948 25 109 8
949 25 120 9
950 25 125 1
951 25 126 5
952 25 127 4
953 25 139 3
954 25 140 8
955 25 141 4
956 25 146 6
957 25 153 6
958 25 157 3
959 25 158 8
960 25 165 10
961 25 166 9
962 25 172 9
963 25 177 10
964 25 178 2
965 25 181 10
966 25 196 2
967 26 36 2
968 26 40 3
969 26 42 6
970 26 45 4
971 26 46 10
972 26 49 4
973 26 50 9
974 26 51 7
975 26 55 1
976 26 58 10
977 26 66 3
978 26 67 2
979 26 70 1
980 26 83 8
981 26 85 3
982 26 87 5
983 26 90 10
984 26 93 4
985 26 94 1
986 26 95 6
987 26 103 4
988 26 107 7
989 26 108 6
990 26 124 7
991 26 125 3
992 26 129 1
993 26 133 8
994 26 141 7
995 26 143 1
996 26 145 1
997 26 149 9
998 26 158 10
999 26 160 7
1000 26 162 9
1001 26 164 2
1002 26 165 9
1003 26 176 5
1004 26 179 1
1005 26 183 3
1006 26 189 4
1007 26 191 1
1008 26 199 5
1009 27 29 6
1010 27 32 4
1011 27 41 9
1012 27 51 9
1013 27 59 7
1014 27 64 2
1015 27 66 7
1016 27 75 9
1017 27 78 4
1018 27 81 4
1019 27 83 9
1020 27 85 7
1021 27 88 8
1022 27 92 8
1023 27 101 10
1024 27 103 4
1025 27 104 4
1026 27 108 9
1027 27 110 8
1028 27 119 9
1029 27 125 9
1030 27 126 10
1031 27 127 10
1032 27 138 7
1033 27 144 7
1034 27 148 7
1035 27 149 5
1036 27 152 9
1037 27 155 4
1038 27 163 9
1039 27 168 7
1040 27 171 1
1041 27 173 8
1042 27 174 8
1043 27 175 5
1044 27 177 9
1045 27 183 9
1046 27 190 5
1047 27 198 9
1048 27 199 7
1049 28 34 5
1050 28 36 1
1051 28 42 9
1052 28 47 6
1053 28 50 10
1054 28 58 3
1055 28 69 3
1056 28 70 8
1057 28 73 10
1058 28 89 6
1059 28 112 2
1060 28 114 10
1061 28 120 4
1062 28 122 3
1063 28 123 3
1064 28 126 9
1065 28 131 8
1066 28 143 1
1067 28 146 3
1068 28 147 4
1069 28 151 2
1070 28 158 1
1071 28 161 8
1072 28 164 3
1073 28 168 2
1074 28 175 5
1075 28 187 8
1076 28 190 2
1077 28 192 2
1078 28 195 6
1079 28 196 2
1080 29 33 6
1081 29 44 6
1082 29 45 4
1083 29 62 3
1084 29 69 4
1085 29 71 9
1086 29 72 5
1087 29 82 5
1088 29 86 7
1089 29 97 6
1090 29 99 1
1091 29 100 3
1092 29 106 3
1093 29 107 3
1094 29 108 6
1095 29 109 10
1096 29 110 8
1097 29 111 5
1098 29 122 8
1099 29 123 2
1100 29 127 4
1101 29 133 1
1102 29 139 6
1103 29 157 8
1104 29 158 8
1105 29 163 9
1106 29 167 10
1107 29 174 7
1108 29 175 9
1109 29 181 5
1110 29 184 8
1111 29 186 9
1112 29 188 9
1113 29 189 10
1114 29 192 9
1115 29 199 4
1116 30 36 2
1117 30 41 2
1118 30 43 8
1119 30 46 5
1120 30 51 6
1121 30 52 4
1122 30 61 5
1123 30 66 3
1124 30 72 5
1125 30 73 7
1126 30 79 7
1127 30 80 3
1128 30 81 6
1129 30 88 6
1130 30 93 7
1131 30 95 1
1132 30 100 8
1133 30 124 8
1134 30 126 7
1135 30 128 1
1136 30 130 5
1137 30 133 9
1138 30 141 10
1139 30 147 10
1140 30 164 9
1141 30 166 10
1142 30 167 2
1143 30 169 3
1144 30 173 9
1145 30 180 9
1146 30 181 8
1147 30 188 10
1148 30 190 2
1149 31 32 8
1150 31 33 8
1151 31 34 5
1152 31 47 1
1153 31 49 10
1154 31 62 9
1155 31 67 8
1156 31 69 3
1157 31 71 8
1158 31 72 8
1159 31 80 1
1160 31 86 2
1161 31 92 2
1162 31 93 3
1163 31 99 10
1164 31 100 8
1165 31 105 3
1166 31 107 8
1167 31 126 1
1168 31 129 5
1169 31 130 6
1170 31 132 9
1171 31 137 3
1172 31 138 10
1173 31 143 2
1174 31 150 10
1175 31 162 10
1176 31 172 4
1177 31 174 3
1178 31 178 4
1179 31 182 1
1180 31 187 7
1181 31 189 3
1182 31 190 1
1183 31 191 1
1184 31 193 7
1185 31 194 9
1186 31 196 8
1187 31 197 9
1188 32 34 7
1189 32 38 1
1190 32 39 5
1191 32 49 2
1192 32 54 8
1193 32 59 1
1194 32 60 5
1195 32 64 2
1196 32 65 6
1197 32 68 7
1198 32 72 6
1199 32 73 4
1200 32 82 5
1201 32 86 3
1202 32 87 8
1203 32 94 3
1204 32 98 8
1205 32 103 1
1206 32 110 10
1207 32 113 4
1208 32 117 10
1209 32 119 10
1210 32 127 9
1211 32 133 1
1212 32 141 2
1213 32 148 6
1214 32 150 9
1215 32 151 9
1216 32 152 10
1217 32 153 5
1218 32 155 10
1219 32 159 4
1220 32 161 8
1221 32 164 9
1222 32 166 6
1223 32 167 3
1224 32 171 6
1225 32 174 9
1226 32 177 2
1227 32 178 5
1228 32 179 5
1229 32 180 6
1230 32 182 8
1231 32 183 6
1232 32 185 10
1233 32 190 1
1234 32 192 7
1235 32 197 8
1236 32 199 3
1237 33 34 1
1238 33 35 2
1239 33 45 5
1240 33 46 8
1241 33 47 9
1242 33 52 2
1243 33 54 6
1244 33 62 6
1245 33 67 10
1246 33 82 5
1247 33 86 1
1248 33 87 4
1249 33 90 7
1250 33 94 5
1251 33 95 5
1252 33 97 7
1253 33 99 8
1254 33 101 9
1255 33 111 1
1256 33 113 3
1257 33 119 5
1258 33 121 4
1259 33 126 3
1260 33 138 2
1261 33 152 9
1262 33 154 3
1263 33 162 7
1264 33 169 8
1265 33 170 7
1266 33 175 7
1267 33 177 3
1268 33 181 6
1269 33 185 5
1270 33 190 5
1271 33 191 3
1272 33 194 5
1273 34 35 2
1274 34 39 4
1275 34 43 8
1276 34 45 9
1277 34 59 7
1278 34 63 9
1279 34 65 7
1280 34 67 8
1281 34 75 3
1282 34 83 1
1283 34 85 2
1284 34 86 4
1285 34 87 3
1286 34 92 4
1287 34 99 8
1288 34 108 3
1289 34 109 1
1290 34 117 4
1291 34 118 3
1292 34 123 5
1293 34 133 9
1294 34 135 7
1295 34 139 7
1296 34 155 10
1297 34 156 1
1298 34 163 9
1299 34 164 8
1300 34 165 1
1301 34 174 8
1302 34 179 5
1303 34 197 5
1304 35 38 4
1305 35 44 3
1306 35 50 8
1307 35 52 9
1308 35 63 7
1309 35 88 6
1310 35 107 2
1311 35 121 4
1312 35 127 3
1313 35 131 1
1314 35 136 1
1315 35 137 6
1316 35 138 1
1317 35 144 7
1318 35 153 1
1319 35 156 7
1320 35 159 6
1321 35 160 3
1322 35 163 3
1323 35 165 4
1324 35 171 1
1325 35 177 5
1326 35 178 1
1327 35 188 6
1328 35 190 6
1329 35 192 6
1330 35 193 7
1331 35 194 4
1332 35 197 10
1333 35 198 2
1334 36 47 7
1335 36 49 8
1336 36 50 8
1337 36 54 6
1338 36 57 3
1339 36 66 8
1340 36 68 5
1341 36 78 5
1342 36 79 4
1343 36 82 2
1344 36 83 8
1345 36 84 3
1346 36 92 3
1347 36 97 10
1348 36 101 2
1349 36 102 7
1350 36 103 3
1351 36 107 10
1352 36 112 4
1353 36 113 4
1354 36 118 3
1355 36 121 1
1356 36 126 10
1357 36 133 8
1358 36 134 5
1359 36 136 2
1360 36 139 10
1361 36 140 2
1362 36 145 9
1363 36 148 4
1364 36 156 10
1365 36 177 2
1366 36 189 1
1367 36 191 3
1368 36 193 5
1369 37 40 5
1370 37 42 9
1371 37 63 1
1372 37 76 1
1373 37 86 1
1374 37 88 5
1375 37 91 6
1376 37 97 5
1377 37 110 2
1378 37 123 9
1379 37 126 7
1380 37 135 10
1381 37 139 6
1382 37 144 7
1383 37 158 7
1384 37 164 10
1385 37 166 5
1386 37 173 10
1387 37 181 1
1388 37 186 1
1389 37 191 7
1390 37 199 5
1391 38 46 2
1392 38 53 4
1393 38 56 3
1394 38 57 8
1395 38 66 10
1396 38 68 3
1397 38 75 9
1398 38 77 9
1399 38 78 2
1400 38 81 1
1401 38 86 2
1402 38 87 4
1403 38 96 5
1404 38 97 6
1405 38 102 9
1406 38 106 10
1407 38 124 4
1408 38 125 6
1409 38 129 9
1410 38 131 6
1411 38 136 5
1412 38 141 7
1413 38 148 6
1414 38 160 6
1415 38 162 9
1416 38 164 4
1417 38 166 10
1418 38 168 4
1419 38 169 3
1420 38 173 1
1421 38 190 10
1422 38 195 8
1423 39 40 3
1424 39 41 4
1425 39 48 4
1426 39 50 9
1427 39 51 7
1428 39 53 8
1429 39 54 7
1430 39 58 4
1431 39 60 3
1432 39 63 5
1433 39 68 2
1434 39 71 8
1435 39 72 3
1436 39 81 5
1437 39 83 4
1438 39 84 8
1439 39 85 1
1440 39 88 8
1441 39 99 5
1442 39 109 5
1443 39 114 10
1444 39 115 3
1445 39 119 10
1446 39 122 3
1447 39 124 6
1448 39 127 6
1449 39 128 10
1450 39 131 10
1451 39 134 1
1452 39 138 5
1453 39 142 10
1454 39 143 4
1455 39 151 8
1456 39 152 10
1457 39 153 1
1458 39 154 6
1459 39 157 4
1460 39 159 1
1461 39 167 7
1462 39 170 4
1463 39 172 8
1464 39 177 10
1465 39 179 8
1466 39 180 4
1467 39 189 8
1468 39 193 9
1469 39 194 3
1470 40 41 5
1471 40 47 5
1472 40 58 2
1473 40 59 10
1474 40 65 1
1475 40 66 9
1476 40 67 1
1477 40 73 9
1478 40 83 2
1479 40 85 8
1480 40 88 3
1481 40 89 7
1482 40 90 10
1483 40 105 3
1484 40 108 2
1485 40 109 6
1486 40 110 7
1487 40 112 3
1488 40 115 4
1489 40 127 3
1490 40 130 1
1491 40 133 7
1492 40 136 9
1493 40 143 1
1494 40 156 1
1495 40 162 3
1496 40 164 10
1497 40 168 5
1498 40 173 1
1499 40 174 10
1500 40 186 1
1501 40 190 4
1502 40 194 6
1503 40 195 10
1504 41 42 9
1505 41 48 6
1506 41 49 1
1507 41 51 3
1508 41 52 6
1509 41 53 6
1510 41 60 10
1511 41 72 4
1512 41 75 2
1513 41 76 1
1514 41 77 1
1515 41 80 7
1516 41 92 5
1517 41 94 1
1518 41 97 6
1519 41 103 2
1520 41 105 3
1521 41 112 9
1522 41 117 8
1523 41 127 4
1524 41 130 10
1525 41 132 8
1526 41 137 1
1527 41 139 9
1528 41 142 7
1529 41 144 5
1530 41 145 10
1531 41 148 9
1532 41 155 9
1533 41 162 9
1534 41 163 1
1535 41 173 4
1536 41 187 2
1537 41 189 8
1538 41 199 4
1539 42 43 7
1540 42 46 2
1541 42 49 1
1542 42 52 5
1543 42 59 5
1544 42 63 3
1545 42 66 4
1546 42 68 2
1547 42 71 10
1548 42 73 8
1549 42 76 6
1550 42 77 8
1551 42 79 8
1552 42 85 1
1553 42 87 6
1554 42 89 7
1555 42 93 6
1556 42 94 1
1557 42 96 2
1558 42 97 9
1559 42 100 2
1560 42 101 8
1561 42 106 5
1562 42 107 8
1563 42 108 6
1564 42 111 9
1565 42 113 9
1566 42 114 9
1567 42 124 7
1568 42 129 9
1569 42 132 1
1570 42 138 4
1571 42 164 1
1572 42 174 8
1573 42 180 2
1574 42 181 1
1575 42 184 9
1576 42 186 2
1577 42 189 10
1578 42 195 8
1579 43 44 3
1580 43 58 1
1581 43 60 7
1582 43 69 4
1583 43 71 3
1584 43 73 5
1585 43 75 6
1586 43 77 10
1587 43 78 9
1588 43 82 4
1589 43 92 10
1590 43 105 7
1591 43 120 8
1592 43 122 5
1593 43 126 9
1594 43 130 9
1595 43 132 8
1596 43 135 4
1597 43 138 1
1598 43 147 3
1599 43 155 2
1600 43 175 4
1601 43 178 9
1602 43 182 10
1603 43 186 7
1604 43 189 5
1605 43 190 5
1606 43 193 2
1607 44 59 7
1608 44 63 7
1609 44 73 2
1610 44 76 1
1611 44 77 8
1612 44 86 1
1613 44 90 4
1614 44 92 8
1615 44 101 10
1616 44 103 5
1617 44 113 3
1618 44 145 1
1619 44 148 3
1620 44 160 5
1621 44 163 1
1622 44 167 10
1623 44 168 5
1624 44 177 10
1625 44 179 4
1626 44 182 5
1627 44 185 3
1628 45 46 6
1629 45 57 2
1630 45 63 7
1631 45 66 8
1632 45 72 2
1633 45 73 4
1634 45 76 2
1635 45 79 3
1636 45 80 7
1637 45 90 6
1638 45 101 5
1639 45 117 8
1640 45 127 9
1641 45 129 5
1642 45 137 8
1643 45 144 3
1644 45 148 8
1645 45 155 2
1646 45 163 9
1647 45 183 10
1648 45 189 3
1649 45 194 8
1650 45 195 2
1651 45 196 3
1652 46 47 10
1653 46 48 2
1654 46 51 5
1655 46 53 7
1656 46 54 10
1657 46 55 2
1658 46 57 4
1659 46 58 1
1660 46 62 3
1661 46 71 2
1662 46 73 8
1663 46 74 5
1664 46 76 10
1665 46 77 8
1666 46 80 3
1667 46 84 4
1668 46 86 6
1669 46 113 2
1670 46 126 2
1671 46 131 7
1672 46 137 10
1673 46 144 4
1674 46 146 1
1675 46 147 5
1676 46 153 9
1677 46 156 6
1678 46 158 6
1679 46 160 10
1680 46 164 5
1681 46 170 1
1682 46 171 3
1683 46 176 3
1684 46 177 6
1685 46 182 6
1686 46 183 1
1687 46 185 2
1688 46 191 5
1689 47 48 10
1690 47 51 1
1691 47 59 3
1692 47 64 10
1693 47 74 9
1694 47 77 3
1695 47 78 8
1696 47 87 4
1697 47 88 7
1698 47 92 9
1699 47 95 5
1700 47 99 5
1701 47 102 10
1702 47 107 6
1703 47 109 9
1704 47 111 8
1705 47 120 7
1706 47 123 2
1707 47 131 10
1708 47 143 1
1709 47 154 6
1710 47 163 9
1711 47 164 7
1712 47 167 1
1713 47 168 10
1714 47 169 5
1715 47 171 1
1716 47 194 6
1717 48 54 10
1718 48 58 2
1719 48 59 6
1720 48 68 1
1721 48 79 6
1722 48 80 1
1723 48 82 7
1724 48 89 7
1725 48 92 6
1726 48 96 6
1727 48 98 9
1728 48 103 2
1729 48 134 4
1730 48 146 5
1731 48 151 9
1732 48 153 1
1733 48 154 7
1734 48 165 5
1735 48 167 5
1736 48 171 4
1737 48 182 3
1738 48 188 5
1739 48 199 8
1740 49 61 3
1741 49 62 4
1742 49 74 6
1743 49 82 1
1744 49 84 1
1745 49 85 7
1746 49 93 3
1747 49 101 10
1748 49 104 4
1749 49 105 6
1750 49 106 2
1751 49 112 8
1752 49 116 10
1753 49 117 4
1754 49 118 7
1755 49 120 6
1756 49 123 2
1757 49 127 9
1758 49 130 9
1759 49 134 8
1760 49 135 9
1761 49 137 7
1762 49 146 3
1763 49 151 9
1764 49 152 9
1765 49 154 6
1766 49 160 8
1767 49 161 7
1768 49 172 10
1769 49 176 6
1770 49 184 9
1771 49 199 10
1772 50 58 6
1773 50 63 7
1774 50 65 9
1775 50 70 8
1776 50 80 10
1777 50 81 2
1778 50 83 6
1779 50 94 7
1780 50 103 10
1781 50 117 7
1782 50 127 8
1783 50 129 2
1784 50 131 6
1785 50 137 5
1786 50 146 6
1787 50 152 7
1788 50 155 10
1789 50 156 10
1790 50 165 6
1791 50 172 8
1792 50 178 9
1793 50 179 5
1794 50 182 3
1795 50 189 7
1796 50 191 9
1797 50 193 3
1798 50 194 10
1799 50 198 6
1800 51 54 2
1801 51 65 4
1802 51 69 1
1803 51 81 5
1804 51 86 7
1805 51 90 8
1806 51 93 6
1807 51 95 2
1808 51 107 9
1809 51 113 6
1810 51 114 1
1811 51 115 9
1812 51 119 6
1813 51 136 7
1814 51 139 4
1815 51 145 6
1816 51 149 7
1817 51 167 3
1818 51 176 2
1819 51 180 7
1820 51 185 2
1821 51 191 4
1822 51 196 7
1823 52 56 4
1824 52 64 10
1825 52 67 3
1826 52 71 7
1827 52 72 10
1828 52 73 1
1829 52 76 10
1830 52 85 7
1831 52 87 1
1832 52 92 10
1833 52 105 2
1834 52 106 7
1835 52 110 2
1836 52 121 8
1837 52 130 3
1838 52 138 3
1839 52 142 4
1840 52 145 9
1841 52 146 10
1842 52 147 4
1843 52 148 10
1844 52 149 2
1845 52 152 2
1846 52 157 3
1847 52 161 4
1848 52 166 10
1849 52 174 3
1850 52 177 3
1851 52 194 5
1852 52 198 1
1853 53 56 5
1854 53 57 8
1855 53 59 7
1856 53 60 3
1857 53 63 1
1858 53 68 8
1859 53 70 3
1860 53 73 10
1861 53 74 4
1862 53 77 10
1863 53 91 1
1864 53 95 7
1865 53 104 2
1866 53 109 10
1867 53 115 6
1868 53 117 4
1869 53 119 1
1870 53 121 10
1871 53 130 3
1872 53 134 9
1873 53 135 4
1874 53 136 10
1875 53 137 5
1876 53 138 10
1877 53 146 3
1878 53 157 4
1879 53 159 4
1880 53 160 5
1881 53 165 5
1882 53 166 4
1883 53 169 2
1884 53 170 1
1885 53 172 1
1886 53 174 8
1887 53 183 10
1888 53 184 3
1889 53 187 5
1890 53 192 3
1891 53 198 8
1892 54 55 7
1893 54 58 7
1894 54 70 6
1895 54 72 5
1896 54 73 6
1897 54 76 1
1898 54 82 6
1899 54 91 8
1900 54 96 10
1901 54 103 6
1902 54 106 3
1903 54 110 5
1904 54 111 2
1905 54 116 3
1906 54 117 2
1907 54 121 2
1908 54 122 6
1909 54 125 6
1910 54 131 8
1911 54 139 7
1912 54 141 3
1913 54 158 9
1914 54 167 2
1915 54 172 1
1916 54 179 6
1917 54 183 2
1918 54 184 7
1919 54 187 9
1920 54 189 9
1921 54 194 4
1922 55 56 10
1923 55 60 1
1924 55 65 8
1925 55 66 7
1926 55 76 7
1927 55 78 10
1928 55 82 6
1929 55 94 3
1930 55 101 5
1931 55 112 4
1932 55 115 5
1933 55 119 9
1934 55 133 9
1935 55 134 10
1936 55 139 9
1937 55 151 1
1938 55 153 5
1939 55 154 1
1940 55 157 5
1941 55 158 8
1942 55 159 3
1943 55 164 1
1944 55 168 5
1945 55 178 4
1946 55 179 2
1947 55 180 10
1948 55 185 9
1949 55 188 7
1950 55 191 10
1951 55 198 3
1952 56 62 10
1953 56 66 6
1954 56 67 3
1955 56 69 7
1956 56 73 8
1957 56 84 5
1958 56 88 9
1959 56 97 9
1960 56 99 5
1961 56 101 7
1962 56 107 7
1963 56 111 10
1964 56 117 10
1965 56 135 2
1966 56 142 5
1967 56 146 5
1968 56 149 9
1969 56 151 9
1970 56 160 6
1971 56 165 1
1972 56 168 3
1973 56 181 8
1974 56 185 3
1975 56 190 10
1976 56 193 8
1977 57 60 8
1978 57 61 3
1979 57 72 6
1980 57 73 10
1981 57 75 1
1982 57 87 4
1983 57 88 7
1984 57 97 2
1985 57 104 1
1986 57 110 3
1987 57 112 6
1988 57 129 4
1989 57 137 7
1990 57 139 7
1991 57 144 5
1992 57 154 2
1993 57 166 6
1994 57 170 1
1995 57 174 2
1996 57 175 3
1997 57 176 5
1998 57 177 10
1999 57 181 9
2000 57 185 4
2001 57 186 10
2002 57 192 3
2003 57 193 10
2004 57 194 4
2005 57 197 9
2006 57 198 6
2007 58 62 8
2008 58 63 7
2009 58 64 6
2010 58 65 6
2011 58 67 2
2012 58 71 1
2013 58 73 10
2014 58 84 1
2015 58 93 3
2016 58 98 5
2017 58 102 7
2018 58 105 3
2019 58 109 8
2020 58 113 7
2021 58 114 10
2022 58 115 10
2023 58 116 7
2024 58 125 10
2025 58 133 9
2026 58 135 3
2027 58 149 4
2028 58 151 4
2029 58 155 2
2030 58 158 4
2031 58 166 9
2032 58 169 10
2033 58 170 7
2034 58 171 6
2035 58 183 5
2036 58 184 2
2037 58 187 4
2038 58 193 2
2039 58 196 5
2040 58 199 10
2041 59 60 6
2042 59 61 2
2043 59 77 6
2044 59 80 4
2045 59 88 9
2046 59 89 3
2047 59 95 8
2048 59 97 2
2049 59 99 10
2050 59 104 10
2051 59 108 8
2052 59 110 3
2053 59 114 2
2054 59 117 2
2055 59 120 2
2056 59 135 9
2057 59 137 7
2058 59 140 9
2059 59 143 10
2060 59 145 8
2061 59 152 1
2062 59 160 10
2063 59 163 2
2064 59 176 8
2065 59 189 1
2066 59 190 6
2067 59 191 9
2068 59 193 2
2069 60 64 4
2070 60 67 7
2071 60 69 1
2072 60 75 7
2073 60 76 10
2074 60 80 7
2075 60 91 3
2076 60 99 4
2077 60 100 5
2078 60 107 7
2079 60 111 1
2080 60 114 10
2081 60 116 10
2082 60 117 6
2083 60 122 6
2084 60 129 4
2085 60 135 7
2086 60 140 2
2087 60 143 9
2088 60 146 3
2089 60 148 2
2090 60 163 9
2091 60 166 4
2092 60 167 9
2093 60 173 10
2094 60 178 7
2095 60 179 2
2096 60 182 10
2097 60 194 2
2098 60 195 9
2099 61 67 9
2100 61 76 4
2101 61 77 6
2102 61 78 2
2103 61 81 5
2104 61 88 8
2105 61 92 10
2106 61 97 1
2107 61 103 7
2108 61 106 2
2109 61 109 10
2110 61 114 7
2111 61 129 6
2112 61 135 9
2113 61 139 1
2114 61 141 2
2115 61 145 6
2116 61 148 6
2117 61 155 9
2118 61 165 1
2119 61 174 4
2120 61 182 3
2121 61 185 1
2122 61 188 5
2123 61 191 7
2124 61 196 5
2125 61 199 9
2126 62 75 9
2127 62 79 6
2128 62 92 2
2129 62 94 6
2130 62 98 1
2131 62 99 6
2132 62 100 3
2133 62 102 9
2134 62 111 4
2135 62 115 7
2136 62 117 9
2137 62 123 5
2138 62 128 7
2139 62 131 5
2140 62 134 7
2141 62 135 6
2142 62 141 1
2143 62 144 7
2144 62 146 5
2145 62 149 6
2146 62 157 1
2147 62 160 10
2148 62 163 8
2149 62 179 7
2150 62 181 6
2151 62 184 9
2152 62 197 7
2153 62 199 8
2154 63 66 10
2155 63 68 8
2156 63 82 1
2157 63 85 8
2158 63 86 1
2159 63 93 4
2160 63 104 9
2161 63 125 2
2162 63 131 7
2163 63 133 3
2164 63 138 8
2165 63 142 5
2166 63 151 2
2167 63 153 5
2168 63 165 9
2169 63 173 4
2170 63 189 5
2171 63 193 5
2172 63 194 5
2173 63 195 6
2174 64 67 1
2175 64 69 2
2176 64 72 8
2177 64 85 1
2178 64 86 3
2179 64 95 3
2180 64 96 1
2181 64 97 3
2182 64 104 3
2183 64 108 9
2184 64 110 6
2185 64 113 4
2186 64 121 10
2187 64 132 6
2188 64 139 2
2189 64 146 9
2190 64 150 5
2191 64 152 5
2192 64 153 7
2193 64 170 5
2194 64 171 2
2195 64 174 9
2196 64 180 1
2197 64 181 5
2198 64 185 2
2199 64 189 2
2200 64 191 8
2201 64 195 8
2202 64 197 2
2203 65 76 9
2204 65 78 1
2205 65 90 9
2206 65 96 10
2207 65 103 4
2208 65 104 8
2209 65 110 7
2210 65 112 5
2211 65 121 4
2212 65 128 10
2213 65 129 1
2214 65 131 2
2215 65 132 2
2216 65 136 3
2217 65 149 10
2218 65 154 4
2219 65 159 9
2220 65 166 6
2221 65 174 4
2222 65 177 8
2223 65 178 8
2224 66 68 8
2225 66 74 2
2226 66 77 7
2227 66 81 8
2228 66 82 6
2229 66 87 1
2230 66 91 7
2231 66 95 1
2232 66 100 8
2233 66 109 6
2234 66 110 1
2235 66 117 3
2236 66 118 7
2237 66 119 9
2238 66 127 4
2239 66 128 5
2240 66 134 10
2241 66 138 2
2242 66 152 5
2243 66 153 3
2244 66 156 2
2245 66 161 8
2246 66 168 3
2247 66 171 2
2248 66 174 7
2249 66 178 7
2250 66 180 4
2251 66 187 5
2252 66 188 7
2253 66 190 2
2254 66 198 7
2255 67 69 4
2256 67 71 2
2257 67 72 1
2258 67 73 5
2259 67 77 9
2260 67 80 5
2261 67 83 7
2262 67 87 6
2263 67 90 10
2264 67 93 3
2265 67 94 1
2266 67 105 10
2267 67 108 8
2268 67 114 6
2269 67 117 1
2270 67 118 7
2271 67 123 3
2272 67 125 8
2273 67 127 2
2274 67 129 1
2275 67 131 2
2276 67 137 5
2277 67 140 4
2278 67 141 5
2279 67 145 9
2280 67 149 2
2281 67 150 9
2282 67 169 4
2283 67 170 7
2284 67 182 3
2285 67 183 5
2286 67 189 3
2287 67 192 2
2288 67 194 10
2289 67 197 1
2290 67 198 2
2291 68 71 4
2292 68 75 6
2293 68 89 8
2294 68 90 10
2295 68 91 7
2296 68 92 2
2297 68 93 2
2298 68 94 5
2299 68 95 9
2300 68 96 5
2301 68 100 7
2302 68 104 3
2303 68 107 7
2304 68 118 9
2305 68 124 6
2306 68 136 5
2307 68 142 4
2308 68 148 3
2309 68 150 8
2310 68 154 6
2311 68 158 4
2312 68 159 3
2313 68 167 5
2314 68 172 2
2315 68 174 6
2316 68 181 5
2317 68 190 9
2318 68 192 7
2319 68 194 8
2320 68 199 2
2321 69 84 2
2322 69 87 5
2323 69 91 6
2324 69 92 4
2325 69 95 1
2326 69 100 2
2327 69 113 8
2328 69 116 8
2329 69 119 4
2330 69 124 2
2331 69 127 1
2332 69 128 10
2333 69 133 10
2334 69 134 10
2335 69 148 9
2336 69 158 9
2337 69 170 9
2338 69 173 6
2339 69 175 7
2340 69 182 6
2341 69 183 6
2342 69 186 2
2343 69 188 9
2344 69 192 4
2345 69 193 8
2346 70 75 4
2347 70 91 9
2348 70 104 4
2349 70 105 9
2350 70 106 5
2351 70 117 10
2352 70 118 4
2353 70 122 1
2354 70 126 1
2355 70 130 10
2356 70 133 1
2357 70 134 4
2358 70 150 4
2359 70 151 2
2360 70 156 6
2361 70 160 10
2362 70 165 4
2363 70 176 7
2364 70 177 1
2365 70 178 2
2366 70 182 10
2367 70 184 1
2368 70 186 3
2369 70 190 3
2370 70 191 9
2371 70 192 7
2372 70 196 6
2373 70 197 3
2374 71 76 7
2375 71 98 4
2376 71 101 4
2377 71 110 6
2378 71 114 2
2379 71 117 9
2380 71 118 6
2381 71 123 3
2382 71 124 10
2383 71 133 6
2384 71 143 2
2385 71 145 3
2386 71 151 8
2387 71 154 8
2388 71 170 2
2389 71 172 5
2390 71 174 2
2391 71 175 8
2392 71 178 6
2393 71 179 6
2394 71 180 1
2395 71 187 1
2396 71 193 5
2397 71 199 10
2398 72 73 3
2399 72 79 5
2400 72 85 5
2401 72 91 6
2402 72 92 7
2403 72 99 7
2404 72 100 6
2405 72 105 5
2406 72 122 4
2407 72 123 2
2408 72 125 10
2409 72 126 9
2410 72 130 1
2411 72 131 4
2412 72 137 8
2413 72 138 5
2414 72 142 2
2415 72 146 6
2416 72 147 9
2417 72 148 7
2418 72 151 4
2419 72 152 3
2420 72 156 3
2421 72 159 10
2422 72 169 3
2423 72 170 4
2424 72 171 8
2425 72 174 4
2426 72 175 6
2427 72 181 2
2428 72 187 1
2429 72 190 4
2430 72 198 10
2431 72 199 2
2432 73 79 9
2433 73 80 10
2434 73 90 10
2435 73 93 10
2436 73 96 1
2437 73 98 10
2438 73 103 1
2439 73 106 10
2440 73 111 9
2441 73 114 2
2442 73 120 5
2443 73 123 4
2444 73 140 4
2445 73 142 10
2446 73 143 6
2447 73 145 1
2448 73 152 1
2449 73 155 3
2450 73 165 9
2451 73 168 10
2452 73 170 2
2453 73 173 1
2454 73 175 4
2455 73 177 2
2456 73 180 9
2457 73 181 1
2458 73 193 2
2459 74 75 10
2460 74 81 5
2461 74 84 8
2462 74 86 3
2463 74 91 6
2464 74 92 3
2465 74 106 5
2466 74 112 4
2467 74 127 10
2468 74 136 10
2469 74 137 1
2470 74 138 9
2471 74 144 8
2472 74 150 8
2473 74 165 10
2474 74 167 4
2475 74 179 9
2476 74 182 6
2477 74 188 5
2478 74 189 7
2479 74 192 10
2480 75 78 8
2481 75 83 4
2482 75 84 7
2483 75 85 2
2484 75 92 9
2485 75 97 1
2486 75 98 8
2487 75 101 5
2488 75 106 2
2489 75 110 7
2490 75 114 1
2491 75 115 3
2492 75 125 8
2493 75 127 9
2494 75 133 5
2495 75 136 1
2496 75 138 10
2497 75 147 8
2498 75 152 4
2499 75 158 3
2500 75 160 8
2501 75 164 6
2502 75 178 9
2503 75 186 2
2504 75 187 3
2505 75 195 2
2506 75 199 8
2507 76 77 2
2508 76 78 8
2509 76 80 5
2510 76 88 6
2511 76 93 10
2512 76 104 1
2513 76 109 10
2514 76 111 7
2515 76 114 4
2516 76 115 5
2517 76 120 10
2518 76 126 6
2519 76 130 2
2520 76 132 9
2521 76 134 10
2522 76 138 7
2523 76 144 6
2524 76 148 8
2525 76 160 1
2526 76 164 8
2527 76 174 10
2528 76 175 2
2529 76 179 5
2530 76 182 6
2531 76 185 8
2532 76 187 3
2533 76 195 8
2534 76 198 2
2535 77 79 7
2536 77 84 1
2537 77 88 10
2538 77 92 6
2539 77 93 6
2540 77 98 7
2541 77 99 4
2542 77 101 3
2543 77 103 10
2544 77 104 5
2545 77 112 2
2546 77 115 4
2547 77 117 4
2548 77 118 1
2549 77 138 1
2550 77 140 1
2551 77 141 3
2552 77 147 2
2553 77 156 1
2554 77 162 2
2555 77 163 1
2556 77 164 7
2557 77 171 9
2558 77 178 5
2559 77 180 6
2560 77 181 1
2561 77 188 4
2562 78 86 9
2563 78 89 9
2564 78 93 3
2565 78 96 1
2566 78 97 9
2567 78 100 7
2568 78 107 3
2569 78 108 8
2570 78 117 1
2571 78 118 1
2572 78 122 8
2573 78 123 1
2574 78 124 6
2575 78 125 9
2576 78 131 2
2577 78 142 10
2578 78 154 4
2579 78 160 3
2580 78 161 2
2581 78 165 2
2582 78 168 5
2583 78 181 10
2584 78 182 10
2585 78 184 1
2586 78 186 5
2587 78 188 9
2588 78 192 10
2589 79 82 4
2590 79 84 5
2591 79 92 4
2592 79 94 2
2593 79 101 8
2594 79 103 4
2595 79 126 10
2596 79 129 10
2597 79 136 3
2598 79 144 1
2599 79 149 2
2600 79 150 6
2601 79 154 6
2602 79 159 9
2603 79 162 9
2604 79 171 4
2605 79 179 1
2606 79 183 9
2607 79 188 6
2608 79 190 7
2609 79 194 9
2610 79 197 3
2611 80 101 2
2612 80 105 8
2613 80 107 4
2614 80 111 9
2615 80 116 8
2616 80 126 1
2617 80 127 6
2618 80 128 10
2619 80 133 1
2620 80 139 10
2621 80 145 5
2622 80 150 1
2623 80 154 3
2624 80 169 6
2625 80 179 3
2626 80 186 2
2627 80 187 8
2628 80 190 2
2629 80 193 8
2630 80 195 5
2631 80 197 8
2632 80 198 10
2633 81 82 5
2634 81 84 4
2635 81 95 7
2636 81 104 1
2637 81 111 3
2638 81 114 5
2639 81 117 2
2640 81 145 6
2641 81 152 1
2642 81 157 1
2643 81 164 9
2644 81 170 10
2645 81 172 7
2646 81 174 4
2647 81 180 5
2648 81 185 3
2649 81 187 9
2650 81 188 3
2651 81 191 1
2652 81 196 7
2653 82 83 2
2654 82 92 9
2655 82 93 9
2656 82 94 3
2657 82 100 5
2658 82 101 7
2659 82 102 8
2660 82 103 3
2661 82 105 3
2662 82 108 7
2663 82 114 6
2664 82 115 9
2665 82 120 2
2666 82 125 7
2667 82 128 4
2668 82 139 6
2669 82 156 5
2670 82 162 3
2671 82 164 1
2672 82 166 6
2673 82 171 4
2674 82 173 7
2675 82 176 2
2676 82 178 3
2677 82 183 1
2678 82 193 2
2679 82 197 10
2680 83 85 8
2681 83 86 6
2682 83 94 8
2683 83 95 2
2684 83 99 4
2685 83 112 3
2686 83 122 3
2687 83 125 4
2688 83 130 6
2689 83 131 3
2690 83 135 6
2691 83 140 6
2692 83 142 5
2693 83 143 2
2694 83 147 4
2695 83 151 2
2696 83 153 3
2697 83 161 6
2698 83 170 1
2699 83 188 7
2700 83 190 7
2701 83 193 8
2702 84 86 5
2703 84 89 5
2704 84 94 8
2705 84 98 5
2706 84 112 10
2707 84 114 4
2708 84 117 1
2709 84 119 5
2710 84 120 6
2711 84 121 5
2712 84 124 6
2713 84 134 6
2714 84 135 6
2715 84 137 7
2716 84 141 9
2717 84 143 3
2718 84 150 2
2719 84 154 1
2720 84 167 5
2721 84 170 8
2722 84 173 2
2723 84 174 2
2724 84 176 1
2725 84 190 10
2726 84 192 10
2727 85 93 1
2728 85 99 6
2729 85 103 2
2730 85 104 1
2731 85 106 3
2732 85 113 3
2733 85 117 3
2734 85 120 3
2735 85 123 9
2736 85 130 2
2737 85 131 2
2738 85 136 5
2739 85 138 10
2740 85 143 2
2741 85 144 10
2742 85 148 4
2743 85 149 3
2744 85 154 1
2745 85 157 9
2746 85 160 9
2747 85 169 4
2748 85 170 1
2749 85 174 1
2750 85 177 8
2751 85 181 4
2752 85 185 2
2753 85 186 1
2754 85 187 5
2755 85 188 2
2756 85 197 8
2757 86 89 8
2758 86 90 2
2759 86 99 10
2760 86 100 5
2761 86 101 7
2762 86 114 8
2763 86 117 1
2764 86 118 10
2765 86 119 3
2766 86 123 1
2767 86 130 10
2768 86 131 3
2769 86 141 8
2770 86 142 6
2771 86 145 1
2772 86 147 5
2773 86 149 10
2774 86 150 9
2775 86 152 10
2776 86 153 4
2777 86 155 4
2778 86 160 5
2779 86 161 5
2780 86 162 8
2781 86 188 6
2782 86 193 6
2783 86 196 1
2784 86 197 4
2785 87 91 5
2786 87 92 9
2787 87 98 9
2788 87 99 5
2789 87 102 2
2790 87 108 5
2791 87 110 1
2792 87 112 9
2793 87 113 5
2794 87 120 6
2795 87 126 7
2796 87 133 2
2797 87 138 8
2798 87 139 10
2799 87 142 2
2800 87 146 4
2801 87 147 3
2802 87 148 9
2803 87 149 10
2804 87 153 9
2805 87 161 2
2806 87 163 5
2807 87 165 5
2808 87 167 2
2809 87 168 8
2810 87 174 9
2811 87 183 5
2812 87 185 6
2813 87 189 2
2814 87 191 10
2815 88 98 10
2816 88 99 1
2817 88 104 9
2818 88 110 7
2819 88 113 2
2820 88 117 8
2821 88 126 1
2822 88 128 3
2823 88 129 10
2824 88 131 7
2825 88 134 8
2826 88 143 7
2827 88 145 6
2828 88 153 1
2829 88 157 3
2830 88 163 5
2831 88 181 1
2832 88 184 3
2833 88 185 1
2834 88 197 8
2835 89 92 5
2836 89 93 2
2837 89 98 4
2838 89 99 10
2839 89 101 4
2840 89 106 4
2841 89 108 4
2842 89 112 3
2843 89 120 1
2844 89 122 10
2845 89 124 7
2846 89 131 1
2847 89 138 10
2848 89 150 3
2849 89 153 10
2850 89 156 9
2851 89 159 8
2852 89 162 2
2853 89 169 3
2854 89 177 7
2855 89 183 7
2856 89 184 2
2857 89 188 8
2858 89 193 10
2859 89 199 10
2860 90 102 6
2861 90 113 3
2862 90 115 6
2863 90 120 2
2864 90 128 1
2865 90 129 6
2866 90 133 9
2867 90 136 10
2868 90 141 9
2869 90 146 9
2870 90 148 8
2871 90 150 8
2872 90 151 1
2873 90 153 6
2874 90 156 2
2875 90 160 4
2876 90 161 2
2877 90 166 4
2878 90 171 1
2879 90 175 6
2880 90 179 6
2881 90 181 3
2882 90 182 4
2883 90 190 5
2884 90 192 8
2885 90 194 5
2886 90 199 1
2887 91 100 10
2888 91 111 8
2889 91 112 4
2890 91 114 10
2891 91 118 3
2892 91 119 4
2893 91 123 2
2894 91 125 5
2895 91 127 5
2896 91 134 1
2897 91 135 3
2898 91 142 9
2899 91 143 3
2900 91 145 3
2901 91 149 5
2902 91 150 6
2903 91 152 6
2904 91 156 1
2905 91 160 8
2906 91 161 7
2907 91 164 9
2908 91 165 5
2909 91 178 6
2910 91 179 7
2911 91 184 1
2912 91 194 8
2913 91 196 9
2914 91 199 1
2915 92 93 9
2916 92 99 10
2917 92 112 3
2918 92 113 6
2919 92 119 2
2920 92 125 8
2921 92 127 2
2922 92 139 6
2923 92 146 6
2924 92 152 10
2925 92 155 4
2926 92 162 7
2927 92 174 3
2928 92 178 3
2929 92 180 4
2930 92 183 6
2931 92 186 9
2932 92 192 8
2933 93 97 4
2934 93 98 10
2935 93 110 8
2936 93 120 1
2937 93 121 4
2938 93 125 2
2939 93 139 8
2940 93 148 9
2941 93 154 3
2942 93 164 6
2943 93 165 7
2944 93 171 8
2945 93 184 7
2946 94 96 2
2947 94 104 1
2948 94 105 5
2949 94 106 6
2950 94 108 6
2951 94 119 2
2952 94 122 6
2953 94 127 9
2954 94 137 4
2955 94 138 4
2956 94 143 1
2957 94 144 7
2958 94 149 4
2959 94 154 10
2960 94 166 3
2961 94 169 6
2962 94 170 1
2963 94 182 8
2964 94 183 3
2965 94 185 3
2966 94 188 1
2967 94 189 2
2968 94 192 7
2969 94 195 2
2970 94 198 9
2971 95 96 2
2972 95 97 4
2973 95 98 1
2974 95 99 1
2975 95 103 8
2976 95 107 2
2977 95 108 4
2978 95 110 4
2979 95 113 1
2980 95 114 8
2981 95 118 3
2982 95 123 5
2983 95 133 3
2984 95 137 9
2985 95 139 3
2986 95 142 7
2987 95 148 3
2988 95 150 9
2989 95 159 8
2990 95 163 6
2991 95 173 8
2992 95 175 6
2993 95 179 8
2994 95 192 5
2995 95 193 6
2996 96 97 2
2997 96 99 7
2998 96 101 8
2999 96 102 1
3000 96 105 7
3001 96 109 9
3002 96 116 9
3003 96 118 5
3004 96 121 6
3005 96 128 3
3006 96 130 4
3007 96 132 5
3008 96 133 5
3009 96 137 3
3010 96 138 5
3011 96 140 7
3012 96 143 5
3013 96 146 4
3014 96 152 2
3015 96 156 5
3016 96 160 10
3017 96 164 1
3018 96 167 9
3019 96 169 6
3020 96 170 5
3021 96 173 4
3022 96 175 4
3023 96 177 2
3024 96 183 5
3025 96 184 9
3026 96 189 2
3027 96 193 10
3028 96 197 1
3029 96 198 7
3030 96 199 7
3031 97 105 2
3032 97 108 1
3033 97 109 3
3034 97 115 4
3035 97 121 9
3036 97 123 3
3037 97 124 8
3038 97 126 9
3039 97 135 6
3040 97 137 6
3041 97 138 1
3042 97 140 4
3043 97 141 2
3044 97 145 10
3045 97 146 2
3046 97 148 10
3047 97 168 5
3048 97 172 7
3049 97 174 4
3050 97 180 6
3051 97 183 4
3052 97 190 5
3053 97 193 9
3054 97 198 8
3055 98 102 3
3056 98 110 5
3057 98 117 8
3058 98 132 7
3059 98 134 6
3060 98 138 8
3061 98 141 10
3062 98 142 3
3063 98 154 1
3064 98 159 10
3065 98 166 3
3066 98 170 7
3067 98 171 6
3068 98 178 4
3069 98 180 10
3070 98 188 5
3071 98 196 7
3072 99 104 5
3073 99 107 9
3074 99 113 8
3075 99 117 6
3076 99 123 8
3077 99 130 1
3078 99 136 1
3079 99 143 3
3080 99 144 8
3081 99 151 10
3082 99 158 6
3083 99 161 6
3084 99 162 7
3085 99 174 1
3086 99 180 9
3087 99 181 3
3088 99 187 4
3089 99 190 5
3090 99 191 1
3091 99 194 6
3092 99 199 4
3093 100 105 3
3094 100 108 2
3095 100 118 9
3096 100 119 2
3097 100 123 6
3098 100 131 6
3099 100 137 4
3100 100 142 3
3101 100 149 8
3102 100 154 6
3103 100 156 6
3104 100 158 10
3105 100 159 10
3106 100 160 6
3107 100 163 1
3108 100 166 4
3109 100 171 1
3110 100 179 3
3111 100 190 7
3112 100 199 8
3113 101 105 8
3114 101 107 9
3115 101 108 8
3116 101 109 8
3117 101 114 5
3118 101 124 8
3119 101 128 8
3120 101 130 8
3121 101 133 4
3122 101 134 2
3123 101 135 10
3124 101 146 4
3125 101 147 8
3126 101 148 2
3127 101 149 2
3128 101 158 7
3129 101 159 3
3130 101 165 3
3131 101 181 7
3132 101 182 10
3133 101 189 2
3134 101 190 5
3135 102 110 9
3136 102 114 5
3137 102 119 5
3138 102 125 3
3139 102 127 9
3140 102 128 2
3141 102 129 4
3142 102 130 2
3143 102 133 4
3144 102 138 10
3145 102 143 10
3146 102 149 9
3147 102 165 9
3148 102 170 9
3149 102 177 8
3150 102 191 1
3151 102 199 4
3152 103 104 2
3153 103 112 7
3154 103 120 1
3155 103 122 10
3156 103 133 10
3157 103 135 4
3158 103 138 10
3159 103 141 1
3160 103 143 7
3161 103 144 4
3162 103 156 3
3163 103 157 7
3164 103 169 1
3165 103 184 2
3166 103 194 2
3167 103 197 2
3168 104 109 2
3169 104 113 7
3170 104 125 6
3171 104 131 5
3172 104 133 8
3173 104 142 1
3174 104 147 9
3175 104 157 3
3176 104 169 4
3177 104 171 5
3178 104 177 4
3179 104 179 2
3180 104 190 4
3181 105 127 6
3182 105 128 1
3183 105 129 5
3184 105 130 3
3185 105 138 6
3186 105 142 3
3187 105 143 3
3188 105 146 2
3189 105 152 3
3190 105 164 6
3191 105 170 4
3192 105 173 1
3193 105 180 3
3194 105 194 10
3195 106 113 1
3196 106 116 10
3197 106 133 3
3198 106 137 6
3199 106 139 4
3200 106 142 10
3201 106 147 10
3202 106 150 5
3203 106 152 2
3204 106 155 10
3205 106 157 9
3206 106 164 8
3207 106 176 9
3208 106 178 10
3209 106 183 1
3210 106 190 1
3211 106 195 8
3212 107 108 2
3213 107 112 2
3214 107 114 9
3215 107 116 9
3216 107 120 9
3217 107 121 6
3218 107 124 1
3219 107 153 8
3220 107 155 10
3221 107 158 8
3222 107 166 9
3223 107 169 5
3224 107 179 7
3225 107 181 4
3226 107 184 9
3227 107 190 4
3228 107 198 8
3229 107 199 9
3230 108 112 4
3231 108 126 8
3232 108 127 9
3233 108 133 5
3234 108 145 6
3235 108 154 7
3236 108 161 6
3237 108 168 6
3238 108 171 5
3239 108 173 10
3240 108 184 5
3241 108 192 10
3242 108 196 7
3243 108 198 4
3244 108 199 4
3245 109 112 4
3246 109 126 8
3247 109 130 9
3248 109 135 1
3249 109 136 8
3250 109 137 5
3251 109 142 6
3252 109 145 4
3253 109 146 2
3254 109 147 7
3255 109 149 10
3256 109 155 3
3257 109 156 9
3258 109 175 8
3259 109 177 9
3260 109 180 2
3261 109 182 1
3262 109 186 1
3263 109 194 9
3264 109 199 5
3265 110 115 10
3266 110 116 6
3267 110 121 6
3268 110 123 7
3269 110 124 2
3270 110 140 3
3271 110 142 4
3272 110 147 8
3273 110 152 7
3274 110 164 4
3275 110 170 5
3276 110 171 6
3277 110 172 8
3278 110 173 10
3279 110 180 3
3280 110 182 4
3281 110 184 3
3282 110 189 1
3283 110 198 4
3284 111 118 10
3285 111 120 4
3286 111 127 4
3287 111 137 4
3288 111 147 4
3289 111 151 6
3290 111 160 4
3291 111 161 1
3292 111 162 1
3293 111 175 9
3294 111 180 2
3295 111 181 3
3296 111 183 8
3297 111 186 1
3298 111 189 3
3299 111 192 6
3300 111 194 2
3301 112 114 9
3302 112 116 8
3303 112 120 6
3304 112 131 4
3305 112 137 3
3306 112 147 2
3307 112 149 8
3308 112 153 10
3309 112 155 7
3310 112 157 10
3311 112 173 2
3312 112 177 3
3313 112 179 3
3314 112 184 5
3315 112 186 8
3316 113 116 6
3317 113 118 7
3318 113 129 1
3319 113 141 9
3320 113 142 3
3321 113 144 9
3322 113 145 2
3323 113 168 1
3324 113 174 6
3325 113 176 4
3326 113 180 4
3327 113 185 6
3328 113 190 4
3329 113 192 6
3330 113 193 8
3331 113 199 10
3332 114 115 7
3333 114 117 10
3334 114 121 9
3335 114 122 1
3336 114 126 3
3337 114 130 2
3338 114 133 8
3339 114 135 10
3340 114 136 9
3341 114 142 8
3342 114 143 9
3343 114 146 3
3344 114 151 1
3345 114 154 1
3346 114 161 1
3347 114 167 1
3348 114 172 7
3349 114 173 3
3350 114 174 10
3351 114 178 3
3352 114 180 2
3353 114 190 3
3354 114 199 1
3355 115 117 7
3356 115 122 5
3357 115 123 5
3358 115 134 1
3359 115 140 6
3360 115 143 7
3361 115 149 10
3362 115 150 6
3363 115 153 1
3364 115 166 3
3365 115 168 8
3366 115 174 7
3367 115 176 6
3368 115 178 2
3369 115 186 9
3370 116 125 2
3371 116 133 8
3372 116 138 5
3373 116 143 8
3374 116 145 1
3375 116 147 8
3376 116 151 2
3377 116 153 8
3378 116 154 2
3379 116 156 5
3380 116 166 8
3381 116 167 2
3382 116 173 10
3383 116 175 1
3384 116 185 6
3385 116 186 6
3386 116 190 8
3387 116 191 10
3388 116 194 8
3389 116 196 3
3390 117 121 2
3391 117 129 3
3392 117 134 2
3393 117 139 1
3394 117 147 2
3395 117 152 1
3396 117 165 9
3397 117 174 10
3398 117 187 9
3399 117 188 8
3400 117 193 6
3401 117 195 5
3402 117 196 7
3403 117 197 4
3404 117 199 10
3405 118 129 6
3406 118 142 9
3407 118 146 5
3408 118 149 8
3409 118 159 1
3410 118 168 10
3411 118 175 6
3412 118 176 4
3413 118 178 4
3414 118 180 7
3415 118 182 2
3416 118 184 8
3417 118 185 9
3418 118 193 4
3419 118 195 7
3420 118 197 10
3421 119 124 3
3422 119 126 6
3423 119 128 1
3424 119 130 8
3425 119 142 4
3426 119 145 6
3427 119 149 8
3428 119 151 3
3429 119 156 5
3430 119 161 5
3431 119 163 8
3432 119 164 9
3433 119 168 7
3434 119 170 9
3435 119 173 7
3436 119 176 5
3437 119 182 9
3438 119 183 2
3439 119 191 3
3440 119 198 8
3441 120 125 4
3442 120 140 1
3443 120 142 2
3444 120 145 9
3445 120 150 8
3446 120 153 9
3447 120 164 4
3448 120 174 10
3449 120 175 2
3450 120 177 1
3451 120 182 2
3452 120 187 6
3453 120 188 2
3454 120 199 7
3455 121 124 6
3456 121 126 3
3457 121 132 2
3458 121 136 8
3459 121 138 6
3460 121 140 1
3461 121 148 3
3462 121 151 4
3463 121 155 8
3464 121 161 8
3465 121 164 6
3466 121 169 2
3467 121 170 5
3468 121 179 9
3469 121 180 2
3470 121 183 10
3471 121 187 5
3472 121 191 9
3473 121 198 6
3474 122 125 4
3475 122 129 2
3476 122 136 3
3477 122 141 4
3478 122 142 9
3479 122 150 9
3480 122 153 5
3481 122 159 3
3482 122 165 4
3483 122 167 6
3484 122 169 9
3485 122 173 2
3486 122 183 9
3487 122 187 10
3488 122 193 3
3489 122 199 10
3490 123 128 4
3491 123 134 2
3492 123 136 2
3493 123 159 6
3494 123 173 10
3495 123 176 1
3496 123 178 1
3497 123 179 6
3498 123 181 10
3499 123 184 4
3500 123 187 5
3501 123 194 6
3502 123 196 1
3503 124 128 6
3504 124 138 2
3505 124 146 5
3506 124 148 8
3507 124 154 6
3508 124 155 6
3509 124 160 4
3510 124 165 1
3511 124 168 4
3512 124 174 2
3513 124 178 10
3514 124 179 3
3515 124 187 3
3516 124 192 9
3517 124 193 10
3518 125 135 5
3519 125 139 6
3520 125 145 9
3521 125 147 1
3522 125 148 9
3523 125 149 2
3524 125 153 10
3525 125 154 1
3526 125 161 9
3527 125 169 9
3528 125 180 6
3529 125 184 10
3530 125 189 2
3531 126 127 4
3532 126 128 5
3533 126 129 10
3534 126 135 8
3535 126 139 1
3536 126 148 3
3537 126 149 4
3538 126 161 9
3539 126 173 5
3540 126 181 9
3541 126 186 2
3542 126 188 2
3543 126 194 5
3544 127 143 5
3545 127 157 1
3546 127 162 8
3547 127 163 7
3548 127 168 8
3549 127 172 7
3550 127 179 6
3551 127 180 2
3552 128 133 3
3553 128 134 9
3554 128 143 8
3555 128 150 9
3556 128 154 6
3557 128 156 1
3558 128 161 9
3559 128 167 6
3560 128 168 10
3561 128 186 10
3562 128 188 3
3563 128 190 1
3564 128 196 6
3565 128 197 8
3566 128 198 5
3567 129 134 2
3568 129 139 2
3569 129 141 3
3570 129 145 9
3571 129 150 1
3572 129 167 3
3573 129 168 5
3574 129 169 10
3575 129 172 3
3576 129 186 10
3577 129 191 8
3578 129 195 2
3579 130 136 6
3580 130 139 8
3581 130 142 9
3582 130 149 2
3583 130 156 9
3584 130 158 2
3585 130 159 6
3586 130 167 9
3587 130 169 3
3588 130 170 5
3589 130 178 1
3590 130 182 4
3591 130 188 7
3592 130 194 10
3593 130 198 2
3594 130 199 9
3595 131 133 2
3596 131 141 8
3597 131 144 3
3598 131 145 9
3599 131 155 4
3600 131 157 10
3601 131 160 10
3602 131 161 1
3603 131 166 9
3604 131 171 10
3605 131 181 3
3606 131 186 9
3607 131 187 8
3608 131 188 4
3609 131 191 5
3610 131 194 3
3611 132 135 3
3612 132 138 5
3613 132 151 6
3614 132 154 6
3615 132 155 8
3616 132 158 8
3617 132 167 9
3618 132 170 4
3619 132 185 9
3620 132 192 5
3621 132 194 7
3622 132 197 2
3623 133 136 6
3624 133 137 3
3625 133 138 6
3626 133 139 2
3627 133 140 2
3628 133 150 5
3629 133 156 5
3630 133 160 7
3631 133 161 10
3632 133 163 5
3633 133 164 6
3634 133 165 1
3635 133 169 10
3636 133 172 10
3637 133 196 4
3638 134 137 2
3639 134 165 4
3640 134 167 8
3641 134 172 7
3642 134 189 1
3643 134 196 6
3644 135 136 1
3645 135 140 10
3646 135 148 7
3647 135 149 8
3648 135 161 9
3649 135 162 6
3650 135 163 3
3651 135 164 10
3652 135 165 7
3653 135 166 7
3654 135 169 1
3655 135 174 9
3656 135 176 4
3657 135 179 9
3658 135 184 6
3659 135 187 3
3660 135 190 6
3661 135 196 1
3662 135 197 8
3663 136 138 2
3664 136 141 4
3665 136 145 7
3666 136 161 8
3667 136 164 9
3668 136 165 10
3669 136 166 10
3670 136 169 7
3671 136 173 5
3672 136 180 9
3673 136 182 9
3674 136 196 7
3675 137 139 1
3676 137 141 3
3677 137 142 7
3678 137 144 10
3679 137 151 1
3680 137 160 5
3681 137 169 10
3682 137 173 7
3683 137 175 6
3684 137 177 2
3685 137 184 10
3686 137 194 7
3687 137 196 2
3688 138 145 9
3689 138 151 7
3690 138 152 4
3691 138 153 10
3692 138 161 10
3693 138 166 5
3694 138 180 9
3695 138 182 2
3696 138 183 2
3697 138 188 1
3698 138 193 9
3699 139 141 9
3700 139 148 7
3701 139 150 7
3702 139 151 5
3703 139 152 6
3704 139 172 6
3705 139 180 7
3706 139 190 8
3707 140 141 4
3708 140 159 10
3709 140 168 1
3710 140 170 10
3711 140 176 3
3712 140 178 7
3713 140 182 7
3714 140 185 6
3715 140 186 2
3716 140 187 6
3717 140 189 6
3718 140 197 1
3719 141 151 10
3720 141 155 10
3721 141 156 7
3722 141 171 2
3723 141 175 5
3724 141 178 6
3725 141 186 5
3726 141 190 7
3727 141 195 10
3728 141 196 5
3729 142 145 4
3730 142 146 2
3731 142 160 6
3732 142 163 4
3733 142 170 10
3734 142 174 4
3735 142 176 2
3736 142 182 9
3737 142 183 7
3738 142 187 3
3739 142 189 4
3740 143 148 5
3741 143 154 10
3742 143 155 8
3743 143 161 2
3744 143 164 7
3745 143 169 9
3746 143 181 10
3747 143 182 1
3748 143 183 2
3749 143 187 5
3750 143 188 9
3751 143 195 4
3752 144 153 7
3753 144 160 4
3754 144 163 1
3755 144 166 5
3756 144 172 3
3757 144 173 3
3758 144 174 3
3759 144 177 3
3760 144 178 10
3761 144 183 6
3762 144 191 9
3763 144 193 5
3764 145 146 4
3765 145 150 2
3766 145 155 5
3767 145 159 2
3768 145 160 5
3769 145 161 2
3770 145 165 6
3771 145 168 7
3772 145 171 10
3773 145 172 10
3774 145 184 7
3775 145 187 7
3776 145 188 4
3777 145 189 5
3778 145 195 4
3779 145 196 2
3780 145 197 6
3781 145 198 2
3782 146 148 4
3783 146 149 4
3784 146 151 9
3785 146 153 3
3786 146 163 1
3787 146 177 4
3788 146 183 1
3789 146 190 10
3790 147 149 6
3791 147 152 4
3792 147 165 8
3793 147 166 6
3794 147 169 3
3795 147 170 4
3796 147 172 4
3797 147 177 3
3798 147 178 1
3799 147 179 6
3800 147 189 9
3801 148 150 10
3802 148 155 2
3803 148 161 1
3804 148 162 9
3805 148 166 4
3806 148 175 6
3807 148 180 8
3808 148 182 1
3809 148 190 8
3810 148 191 8
3811 148 193 4
3812 148 194 6
3813 148 195 1
3814 149 150 6
3815 149 167 3
3816 149 168 6
3817 149 172 9
3818 149 176 6
3819 149 186 4
3820 149 187 7
3821 149 193 3
3822 149 197 6
3823 149 199 1
3824 150 156 3
3825 150 160 9
3826 150 162 2
3827 150 167 5
3828 150 170 2
3829 150 181 3
3830 150 182 2
3831 150 183 9
3832 151 152 8
3833 151 155 8
3834 151 156 7
3835 151 160 4
3836 151 166 4
3837 151 171 4
3838 151 173 8
3839 151 174 5
3840 151 180 1
3841 151 183 5
3842 151 185 2
3843 151 193 9
3844 151 194 2
3845 151 195 9
3846 151 196 3
3847 152 153 3
3848 152 158 10
3849 152 166 2
3850 152 169 3
3851 152 170 7
3852 152 173 7
3853 152 175 2
3854 152 189 10
3855 152 190 1
3856 152 194 7
3857 153 154 6
3858 153 157 3
3859 153 159 1
3860 153 161 2
3861 153 166 8
3862 153 174 7
3863 153 178 3
3864 153 179 7
3865 154 159 1
3866 154 163 7
3867 154 164 8
3868 154 168 3
3869 154 172 8
3870 154 173 5
3871 154 174 4
3872 154 176 1
3873 154 179 3
3874 154 181 3
3875 154 183 7
3876 154 186 6
3877 154 190 4
3878 155 158 1
3879 155 165 4
3880 155 171 5
3881 155 187 7
3882 155 190 4
3883 155 195 10
3884 155 196 2
3885 156 157 10
3886 156 158 6
3887 156 166 5
3888 156 178 9
3889 156 183 2
3890 156 189 5
3891 156 193 10
3892 156 195 1
3893 156 196 4
3894 156 198 10
3895 157 165 2
3896 157 166 6
3897 157 167 2
3898 157 175 8
3899 157 177 5
3900 157 179 7
3901 157 180 9
3902 157 183 10
3903 157 184 9
3904 157 188 6
3905 157 190 6
3906 157 191 9
3907 157 192 2
3908 157 193 2
3909 157 198 2
3910 158 164 4
3911 158 166 10
3912 158 177 8
3913 158 179 10
3914 158 189 1
3915 158 190 10
3916 158 195 6
3917 158 196 4
3918 158 197 9
3919 158 199 10
3920 159 161 1
3921 159 166 7
3922 159 170 10
3923 159 171 9
3924 159 172 8
3925 159 175 10
3926 159 181 6
3927 159 184 1
3928 159 186 6
3929 159 195 3
3930 160 161 6
3931 160 166 8
3932 160 168 2
3933 160 170 10
3934 160 175 1
3935 160 193 5
3936 160 195 6
3937 160 196 8
3938 160 197 9
3939 161 164 7
3940 161 165 8
3941 161 171 3
3942 161 173 6
3943 161 184 9
3944 161 187 1
3945 161 194 7
3946 162 164 7
3947 162 172 9
3948 162 173 7
3949 162 174 7
3950 162 190 6
3951 162 192 5
3952 162 194 7
3953 162 199 10
3954 163 171 10
3955 163 184 6
3956 163 185 2
3957 163 187 10
3958 163 190 4
3959 164 165 7
3960 164 167 6
3961 164 175 2
3962 164 176 7
3963 164 190 9
3964 164 195 4
3965 164 198 7
3966 164 199 2
3967 165 176 8
3968 165 178 7
3969 165 179 4
3970 165 183 8
3971 165 186 2
3972 165 187 1
3973 165 196 2
3974 166 171 4
3975 166 173 4
3976 166 176 2
3977 166 178 3
3978 166 180 2
3979 166 182 8
3980 166 191 3
3981 166 192 8
3982 166 196 10
3983 167 168 4
3984 167 190 5
3985 167 193 5
3986 167 194 9
3987 168 173 5
3988 168 174 9
3989 168 177 3
3990 168 184 4
3991 168 185 3
3992 168 186 2
3993 168 189 2
3994 168 191 3
3995 169 170 10
3996 169 172 3
3997 169 174 9
3998 169 178 1
3999 169 179 6
4000 169 182 4
4001 170 171 1
4002 170 173 5
4003 170 174 10
4004 170 194 10
4005 171 181 10
4006 171 184 5
4007 171 185 2
4008 171 186 8
4009 171 193 4
4010 171 197 3
4011 172 189 3
4012 172 195 6
4013 173 174 6
4014 173 187 7
4015 173 191 2
4016 173 196 7
4017 173 197 10
4018 173 198 6
4019 174 181 7
4020 174 190 8
4021 174 192 8
4022 175 177 4
4023 175 183 6
4024 175 185 1
4025 175 188 8
4026 175 189 1
4027 175 192 9
4028 176 179 3
4029 176 190 6
4030 176 194 7
4031 176 198 7
4032 177 179 4
4033 177 180 6
4034 177 186 9
4035 177 187 10
4036 177 192 10
4037 178 181 4
4038 178 194 9
4039 179 183 5
4040 179 187 7
4041 179 198 3
4042 180 183 6
4043 180 187 8
4044 180 188 9
4045 180 199 8
4046 181 191 10
4047 181 192 10
4048 181 194 2
4049 181 195 3
4050 181 196 1
4051 182 187 5
4052 182 193 10
4053 182 198 1
4054 183 185 1
4055 183 192 5
4056 183 195 5
4057 184 190 4
4058 184 193 8
4059 184 195 5
4060 184 197 6
4061 185 187 1
4062 185 189 3
4063 186 187 3
4064 186 191 6
4065 186 192 9
4066 187 188 6
4067 187 189 1
4068 188 192 7
4069 188 197 7
4070 189 193 3
4071 189 198 1
4072 190 194 3
4073 191 192 2
4074 191 196 8
4075 193 195 10
4076 193 196 5
4077 195 197 6
4078 195 198 4
