200 4036 10 50
0 2
1 48
2 13
3 18
4 12
5 5
6 50
7 29
8 3
9 42
10 50
11 22
12 28
13 7
14 13
15 4
16 39
17 17
18 34
19 17
20 39
21 30
22 41
23 26
24 33
25 44
26 50
27 24
28 47
29 47
30 19
31 27
32 45
33 23
34 20
35 41
36 43
37 47
38 40
39 32
40 27
41 39
42 25
43 44
44 25
45 50
46 27
47 32
48 46
49 19
50 10
51 45
52 39
53 27
54 34
55 5
56 49
57 50
58 26
59 26
60 32
61 38
62 9
63 16
64 39
65 30
66 48
67 3
68 40
69 21
70 31
71 41
72 37
73 6
74 24
75 26
76 7
77 41
78 39
79 48
80 33
81 24
82 4
83 23
84 30
85 38
86 8
87 22
88 11
89 20
90 38
91 45
92 1
93 3
94 38
95 48
96 26
97 22
98 44
99 30
100 36
101 8
102 31
103 46
104 47
105 19
106 29
107 28
108 18
109 16
110 15
111 3
112 48
113 9
114 19
115 25
116 50
117 32
118 1
119 43
120 18
121 20
122 33
123 17
124 49
125 27
126 23
127 18
128 22
129 50
130 8
131 3
132 18
133 25
134 1
135 7
136 48
137 29
138 38
139 12
140 30
141 38
142 40
143 5
144 30
145 28
146 3
147 4
148 16
149 12
150 6
151 45
152 13
153 1
154 3
155 23
156 30
157 18
158 40
159 36
160 37
161 5
162 49
163 5
164 21
165 14
166 22
167 3
168 8
169 49
170 35
171 22
172 12
173 22
174 37
175 16
176 47
177 5
178 45
179 47
180 17
181 35
182 49
183 30
184 26
185 10
186 31
187 21
188 39
189 27
190 20
191 9
192 6
193 1
194 29
195 17
196 42
197 36
198 13
199 19
0 0 1 1
1 0 6 1
2 0 7 4
3 0 10 3
4 0 28 1
5 0 38 10
6 0 41 2
7 0 50 6
8 0 52 2
9 0 59 8
10 0 66 5
11 0 69 4
12 0 71 7
13 0 77 5
14 0 80 6
15 0 83 7
16 0 95 4
17 0 116 10
18 0 117 6
19 0 118 5
20 0 123 5
21 0 124 2
22 0 135 7
23 0 143 3
24 0 144 2
25 0 146 9
26 0 149 8
27 0 150 6
28 0 152 8
29 0 160 4
30 0 170 1
31 0 178 5
32 0 179 1
33 0 192 10
34 0 198 5
35 0 199 4
36 1 2 4
37 1 14 3
38 1 22 8
39 1 25 10
40 1 27 10
41 1 29 9
42 1 45 1
43 1 49 2
44 1 52 2
45 1 54 7
46 1 55 10
47 1 85 6
48 1 88 6
49 1 91 4
50 1 95 8
51 1 98 8
52 1 99 3
53 1 100 5
54 1 106 4
55 1 107 7
56 1 108 4
57 1 113 10
58 1 114 10
59 1 118 7
60 1 119 1
61 1 124 6
62 1 128 5
63 1 136 1
64 1 137 8
65 1 138 7
66 1 143 5
67 1 144 5
68 1 149 4
69 1 153 8
70 1 161 9
71 1 162 6
72 1 164 1
73 1 166 10
74 1 167 6
75 1 170 3
76 1 171 3
77 1 175 5
78 1 179 10
79 1 183 8
80 1 190 2
81 1 191 10
82 1 193 6
83 2 5 9
84 2 8 5
85 2 19 10
86 2 20 2
87 2 21 4
88 2 27 1
89 2 28 7
90 2 31 3
91 2 32 1
92 2 34 4
93 2 40 8
94 2 49 3
95 2 51 9
96 2 54 1
97 2 58 7
98 2 68 5
99 2 70 5
100 2 75 6
101 2 80 1
102 2 83 1
103 2 86 2
104 2 91 10
105 2 92 8
106 2 100 6
107 2 104 1
108 2 105 6
109 2 106 3
110 2 108 8
111 2 121 2
112 2 124 2
113 2 133 3
114 2 135 2
115 2 139 4
116 2 149 5
117 2 153 3
118 2 157 3
119 2 159 4
120 2 164 9
121 2 165 1
122 2 167 3
123 2 172 3
124 2 174 9
125 2 178 4
126 2 180 4
127 2 182 9
128 2 183 4
129 2 188 8
130 2 192 2
131 2 194 1
132 2 199 9
133 3 8 5
134 3 9 9
135 3 16 10
136 3 26 1
137 3 28 1
138 3 30 3
139 3 33 4
140 3 34 7
141 3 43 9
142 3 50 7
143 3 51 3
144 3 57 3
145 3 59 7
146 3 60 3
147 3 64 3
148 3 70 7
149 3 71 9
150 3 72 7
151 3 75 3
152 3 81 4
153 3 84 4
154 3 85 2
155 3 87 4
156 3 89 5
157 3 92 8
158 3 113 6
159 3 116 10
160 3 117 5
161 3 127 2
162 3 128 3
163 3 131 10
164 3 133 9
165 3 142 7
166 3 145 10
167 3 148 1
168 3 149 1
169 3 153 3
170 3 154 4
171 3 157 6
172 3 158 1
173 3 160 5
174 3 171 10
175 3 177 5
176 3 180 9
177 3 187 2
178 3 199 10
179 4 20 10
180 4 22 10
181 4 28 9
182 4 30 4
183 4 31 10
184 4 41 5
185 4 44 8
186 4 52 3
187 4 55 3
188 4 61 1
189 4 62 10
190 4 63 1
191 4 66 4
192 4 73 6
193 4 84 2
194 4 92 6
195 4 102 2
196 4 109 7
197 4 111 2
198 4 112 5
199 4 113 9
200 4 117 6
201 4 121 5
202 4 127 2
203 4 129 6
204 4 131 8
205 4 150 5
206 4 151 8
207 4 158 9
208 4 160 4
209 4 162 1
210 4 165 9
211 4 170 5
212 4 173 3
213 4 174 8
214 4 175 7
215 4 179 3
216 4 189 7
217 4 190 5
218 5 6 10
219 5 12 3
220 5 20 1
221 5 31 8
222 5 34 7
223 5 35 4
224 5 37 8
225 5 39 7
226 5 48 5
227 5 56 5
228 5 66 10
229 5 70 5
230 5 71 3
231 5 74 2
232 5 77 7
233 5 80 8
234 5 81 1
235 5 84 1
236 5 86 10
237 5 92 6
238 5 93 3
239 5 101 3
240 5 104 8
241 5 108 4
242 5 112 6
243 5 117 8
244 5 122 10
245 5 125 6
246 5 128 8
247 5 133 3
248 5 135 6
249 5 149 7
250 5 151 10
251 5 162 1
252 5 169 8
253 5 178 9
254 5 183 9
255 5 185 7
256 5 187 5
257 5 192 5
258 5 193 10
259 5 195 1
260 5 197 10
261 5 199 10
262 6 13 1
263 6 25 5
264 6 36 1
265 6 38 6
266 6 52 9
267 6 53 4
268 6 63 10
269 6 75 1
270 6 78 6
271 6 86 7
272 6 92 2
273 6 93 9
274 6 104 5
275 6 106 8
276 6 117 2
277 6 122 2
278 6 123 1
279 6 141 7
280 6 142 3
281 6 145 2
282 6 147 3
283 6 154 2
284 6 169 4
285 6 172 3
286 6 183 2
287 6 195 2
288 6 197 10
289 6 199 2
290 7 17 3
291 7 18 6
292 7 21 10
293 7 23 4
294 7 24 8
295 7 28 9
296 7 31 8
297 7 37 2
298 7 41 5
299 7 45 5
300 7 52 9
301 7 55 1
302 7 56 9
303 7 63 3
304 7 71 4
305 7 73 10
306 7 74 1
307 7 82 7
308 7 89 7
309 7 91 1
310 7 93 9
311 7 96 3
312 7 101 10
313 7 102 9
314 7 103 3
315 7 105 8
316 7 111 9
317 7 115 7
318 7 127 7
319 7 128 6
320 7 138 8
321 7 141 8
322 7 145 8
323 7 157 9
324 7 161 8
325 7 162 4
326 7 167 4
327 7 168 1
328 7 170 10
329 7 176 2
330 7 193 4
331 7 197 1
332 8 16 6
333 8 24 1
334 8 27 10
335 8 47 5
336 8 49 2
337 8 53 5
338 8 57 5
339 8 72 5
340 8 75 9
341 8 79 8
342 8 81 10
343 8 82 1
344 8 88 10
345 8 92 7
346 8 99 1
347 8 103 4
348 8 108 9
349 8 109 2
350 8 115 6
351 8 120 9
352 8 127 7
353 8 129 5
354 8 133 10
355 8 141 1
356 8 142 10
357 8 146 2
358 8 148 4
359 8 157 2
360 8 159 8
361 8 163 2
362 8 165 4
363 8 175 7
364 8 184 2
365 8 189 5
366 8 194 4
367 8 197 3
368 8 199 7
369 9 12 7
370 9 22 6
371 9 26 4
372 9 31 8
373 9 36 1
374 9 39 5
375 9 41 3
376 9 52 5
377 9 61 6
378 9 62 10
379 9 65 8
380 9 66 6
381 9 76 7
382 9 81 6
383 9 87 8
384 9 89 10
385 9 91 7
386 9 97 4
387 9 98 6
388 9 101 3
389 9 103 1
390 9 110 5
391 9 112 1
392 9 113 4
393 9 115 4
394 9 132 4
395 9 134 6
396 9 139 3
397 9 141 10
398 9 148 7
399 9 149 10
400 9 154 6
401 9 155 7
402 9 157 10
403 9 158 10
404 9 159 7
405 9 174 5
406 9 178 8
407 9 188 10
408 9 196 5
409 10 12 4
410 10 16 7
411 10 17 5
412 10 22 4
413 10 24 4
414 10 25 9
415 10 27 5
416 10 29 7
417 10 31 2
418 10 32 3
419 10 36 4
420 10 38 4
421 10 42 3
422 10 48 4
423 10 66 7
424 10 70 4
425 10 81 1
426 10 83 6
427 10 90 10
428 10 99 3
429 10 104 1
430 10 112 9
431 10 119 9
432 10 125 9
433 10 128 2
434 10 135 2
435 10 140 1
436 10 142 9
437 10 143 2
438 10 145 1
439 10 146 1
440 10 149 6
441 10 154 8
442 10 155 7
443 10 158 2
444 10 167 7
445 10 180 8
446 10 182 1
447 10 194 4
448 11 13 10
449 11 18 1
450 11 30 1
451 11 32 3
452 11 33 5
453 11 39 8
454 11 46 3
455 11 48 4
456 11 49 8
457 11 57 10
458 11 60 5
459 11 62 4
460 11 67 8
461 11 83 7
462 11 105 9
463 11 107 10
464 11 109 7
465 11 112 4
466 11 119 2
467 11 122 1
468 11 126 3
469 11 129 7
470 11 131 10
471 11 133 2
472 11 148 9
473 11 149 5
474 11 171 4
475 11 172 5
476 11 175 7
477 11 177 1
478 11 178 9
479 11 185 3
480 11 189 4
481 11 195 1
482 11 197 3
483 12 18 1
484 12 19 2
485 12 24 1
486 12 26 8
487 12 27 6
488 12 35 10
489 12 39 8
490 12 40 2
491 12 54 1
492 12 82 4
493 12 87 7
494 12 89 4
495 12 91 5
496 12 110 5
497 12 113 2
498 12 114 10
499 12 115 10
500 12 118 1
501 12 126 7
502 12 127 9
503 12 130 3
504 12 131 2
505 12 132 1
506 12 133 3
507 12 137 10
508 12 138 10
509 12 164 10
510 12 174 3
511 12 180 9
512 12 189 7
513 12 198 6
514 13 28 7
515 13 30 8
516 13 35 4
517 13 36 10
518 13 37 4
519 13 43 2
520 13 44 8
521 13 45 1
522 13 46 2
523 13 56 4
524 13 65 10
525 13 67 1
526 13 73 1
527 13 75 8
528 13 78 5
529 13 87 6
530 13 93 5
531 13 96 4
532 13 100 1
533 13 105 7
534 13 112 6
535 13 114 4
536 13 117 5
537 13 119 10
538 13 127 7
539 13 128 8
540 13 130 9
541 13 136 9
542 13 141 9
543 13 192 8
544 13 193 3
545 13 194 9
546 13 197 3
547 14 17 7
548 14 22 5
549 14 23 8
550 14 28 1
551 14 31 8
552 14 38 8
553 14 40 10
554 14 43 9
555 14 44 6
556 14 49 2
557 14 53 10
558 14 55 1
559 14 62 1
560 14 64 1
561 14 69 1
562 14 81 1
563 14 83 5
564 14 86 1
565 14 88 3
566 14 91 6
567 14 98 7
568 14 101 7
569 14 104 8
570 14 105 8
571 14 117 8
572 14 125 4
573 14 126 8
574 14 127 5
575 14 134 3
576 14 138 3
577 14 142 4
578 14 145 10
579 14 148 9
580 14 160 8
581 14 163 9
582 14 170 2
583 14 171 6
584 14 195 3
585 14 199 3
586 15 21 5
587 15 24 6
588 15 30 8
589 15 31 4
590 15 43 1
591 15 44 8
592 15 49 10
593 15 54 2
594 15 62 1
595 15 65 3
596 15 74 8
597 15 77 2
598 15 84 5
599 15 91 3
600 15 94 10
601 15 100 10
602 15 101 4
603 15 117 3
604 15 130 6
605 15 135 2
606 15 142 9
607 15 146 4
608 15 148 8
609 15 164 7
610 15 167 5
611 15 171 5
612 15 176 5
613 15 184 2
614 15 185 3
615 15 186 7
616 15 193 8
617 16 26 5
618 16 28 5
619 16 29 4
620 16 51 8
621 16 58 1
622 16 61 1
623 16 63 4
624 16 80 1
625 16 89 9
626 16 104 9
627 16 109 1
628 16 110 1
629 16 112 8
630 16 121 10
631 16 122 4
632 16 125 8
633 16 131 10
634 16 133 2
635 16 137 6
636 16 144 1
637 16 148 8
638 16 151 3
639 16 156 6
640 16 158 8
641 16 165 4
642 16 169 6
643 16 179 3
644 16 183 9
645 16 190 9
646 16 197 7
647 17 18 7
648 17 22 3
649 17 23 6
650 17 24 2
651 17 28 10
652 17 30 6
653 17 37 5
654 17 38 7
655 17 42 1
656 17 50 2
657 17 73 8
658 17 74 1
659 17 79 2
660 17 85 1
661 17 105 9
662 17 116 6
663 17 121 7
664 17 131 8
665 17 143 6
666 17 151 9
667 17 155 5
668 17 156 8
669 17 157 7
670 17 161 4
671 17 164 3
672 17 182 1
673 17 183 4
674 17 188 10
675 17 190 9
676 17 195 3
677 17 197 2
678 18 29 9
679 18 31 2
680 18 35 8
681 18 46 6
682 18 47 6
683 18 48 9
684 18 50 8
685 18 51 10
686 18 60 2
687 18 69 3
688 18 72 4
689 18 74 8
690 18 80 1
691 18 89 3
692 18 111 1
693 18 113 4
694 18 117 10
695 18 124 8
696 18 126 9
697 18 132 8
698 18 135 4
699 18 138 8
700 18 149 8
701 18 152 6
702 18 157 10
703 18 159 1
704 18 168 7
705 18 176 9
706 18 180 6
707 18 181 2
708 18 183 10
709 18 191 4
710 18 194 10
711 18 197 3
712 19 22 9
713 19 27 1
714 19 32 5
715 19 37 4
716 19 44 10
717 19 52 5
718 19 68 3
719 19 71 1
720 19 73 1
721 19 84 3
722 19 85 10
723 19 93 3
724 19 95 4
725 19 98 9
726 19 99 4
727 19 104 3
728 19 105 7
729 19 106 8
730 19 107 4
731 19 112 1
732 19 128 2
733 19 131 10
734 19 145 5
735 19 147 4
736 19 149 10
737 19 150 3
738 19 163 9
739 19 166 7
740 19 168 8
741 19 169 7
742 19 171 2
743 19 174 6
744 19 179 1
745 19 181 9
746 19 186 6
747 19 198 2
748 20 23 6
749 20 34 6
750 20 40 8
751 20 54 3
752 20 56 3
753 20 57 2
754 20 62 2
755 20 65 8
756 20 79 10
757 20 84 5
758 20 86 9
759 20 94 10
760 20 99 8
761 20 100 4
762 20 105 8
763 20 110 7
764 20 114 8
765 20 115 5
766 20 117 8
767 20 122 1
768 20 123 10
769 20 125 7
770 20 133 5
771 20 135 7
772 20 140 8
773 20 143 9
774 20 145 1
775 20 152 9
776 20 157 1
777 20 161 8
778 20 169 4
779 20 174 3
780 20 178 4
781 20 181 2
782 20 196 3
783 21 23 7
784 21 26 8
785 21 37 3
786 21 42 10
787 21 44 2
788 21 47 4
789 21 48 9
790 21 49 1
791 21 53 1
792 21 60 7
793 21 61 8
794 21 63 7
795 21 67 6
796 21 70 8
797 21 78 6
798 21 80 6
799 21 87 2
800 21 88 3
801 21 90 2
802 21 93 5
803 21 105 2
804 21 109 1
805 21 113 7
806 21 119 7
807 21 123 2
808 21 129 5
809 21 133 9
810 21 138 6
811 21 139 7
812 21 140 1
813 21 141 10
814 21 145 10
815 21 148 7
816 21 152 3
817 21 156 8
818 21 161 1
819 21 166 10
820 21 170 7
821 21 173 4
822 21 176 6
823 21 178 9
824 21 182 1
825 22 23 5
826 22 24 10
827 22 34 2
828 22 39 9
829 22 40 3
830 22 41 7
831 22 44 7
832 22 45 8
833 22 60 3
834 22 64 9
835 22 79 10
836 22 80 3
837 22 82 10
838 22 85 8
839 22 87 9
840 22 90 7
841 22 94 9
842 22 99 2
843 22 102 9
844 22 103 5
845 22 105 6
846 22 107 6
847 22 108 6
848 22 114 9
849 22 116 9
850 22 118 3
851 22 123 9
852 22 134 2
853 22 139 8
854 22 140 8
855 22 141 3
856 22 143 8
857 22 145 4
858 22 150 10
859 22 151 10
860 22 155 3
861 22 160 9
862 22 171 3
863 22 185 6
864 22 190 2
865 22 195 7
866 22 197 1
867 22 199 9
868 23 45 7
869 23 47 3
870 23 53 2
871 23 62 3
872 23 64 6
873 23 66 3
874 23 67 6
875 23 70 9
876 23 78 2
877 23 79 1
878 23 84 5
879 23 88 10
880 23 93 6
881 23 96 8
882 23 102 5
883 23 107 2
884 23 111 7
885 23 112 8
886 23 116 4
887 23 145 10
888 23 162 6
889 23 165 4
890 23 173 6
891 23 175 6
892 23 177 9
893 23 185 2
894 24 26 5
895 24 35 1
896 24 44 7
897 24 49 8
898 24 50 10
899 24 52 6
900 24 59 2
901 24 60 7
902 24 63 8
903 24 67 2
904 24 68 1
905 24 70 2
906 24 71 7
907 24 79 8
908 24 80 9
909 24 82 5
910 24 84 10
911 24 86 4
912 24 89 10
913 24 91 7
914 24 94 10
915 24 108 6
916 24 110 1
917 24 115 2
918 24 116 9
919 24 117 7
920 24 119 5
921 24 123 1
922 24 146 1
923 24 147 9
924 24 152 2
925 24 162 8
926 24 167 10
927 24 168 6
928 24 172 9
929 24 173 3
930 24 177 10
931 24 178 7
932 24 179 1
933 24 180 8
934 24 186 6
935 24 187 7
936 24 193 7
937 24 195 6
938 24 197 10
939 25 30 4
940 25 37 6
941 25 41 4
942 25 42 10
943 25 45 7
944 25 50 6
945 25 53 2
946 25 62 9
947 25 67 4
948 25 69 6
949 25 72 8
950 25 84 10
951 25 88 6
952 25 89 4
953 25 112 6
954 25 125 3
955 25 150 6
956 25 151 8
957 25 155 8
958 25 175 10
959 25 177 9
960 25 178 2
961 25 191 4
962 25 197 10
963 26 30 3
964 26 32 9
965 26 48 7
966 26 49 5
967 26 50 2
968 26 52 3
969 26 54 10
970 26 57 2
971 26 61 2
972 26 65 9
973 26 68 8
974 26 73 6
975 26 76 5
976 26 77 6
977 26 82 4
978 26 85 3
979 26 89 8
980 26 92 10
981 26 93 4
982 26 95 9
983 26 98 7
984 26 103 8
985 26 109 1
986 26 112 4
987 26 113 1
988 26 115 9
989 26 117 10
990 26 119 2
991 26 122 10
992 26 123 2
993 26 125 6
994 26 128 4
995 26 130 6
996 26 132 4
997 26 135 7
998 26 136 8
999 26 139 3
1000 26 143 6
1001 26 147 8
1002 26 158 10
1003 26 159 1
1004 26 173 2
1005 26 179 9
1006 26 187 1
1007 26 188 7
1008 26 191 3
1009 26 195 3
1010 26 198 6
1011 27 38 7
1012 27 45 9
1013 27 51 2
1014 27 62 10
1015 27 69 7
1016 27 78 10
1017 27 87 6
1018 27 88 10
1019 27 95 1
1020 27 96 9
1021 27 97 9
1022 27 99 2
1023 27 107 4
1024 27 117 9
1025 27 118 5
1026 27 131 8
1027 27 138 5
1028 27 140 10
1029 27 144 1
1030 27 145 7
1031 27 152 10
1032 27 159 6
1033 27 164 10
1034 27 167 10
1035 27 168 8
1036 27 185 1
1037 27 192 8
1038 27 197 7
1039 28 35 7
1040 28 36 9
1041 28 47 6
1042 28 49 10
1043 28 53 8
1044 28 54 1
1045 28 60 3
1046 28 61 3
1047 28 62 1
1048 28 69 7
1049 28 70 10
1050 28 72 7
1051 28 75 10
1052 28 81 5
1053 28 82 2
1054 28 84 1
1055 28 91 1
1056 28 94 5
1057 28 97 9
1058 28 106 1
1059 28 109 2
1060 28 111 1
1061 28 121 8
1062 28 130 4
1063 28 132 8
1064 28 139 8
1065 28 141 10
1066 28 145 4
1067 28 152 7
1068 28 165 4
1069 28 172 8
1070 28 174 9
1071 28 176 4
1072 28 181 9
1073 28 186 10
1074 28 199 6
1075 29 31 3
1076 29 44 1
1077 29 45 10
1078 29 48 6
1079 29 50 3
1080 29 52 5
1081 29 70 5
1082 29 73 8
1083 29 82 1
1084 29 83 1
1085 29 87 9
1086 29 89 6
1087 29 93 4
1088 29 97 4
1089 29 98 1
1090 29 104 9
1091 29 106 6
1092 29 112 9
1093 29 126 6
1094 29 127 6
1095 29 132 9
1096 29 142 8
1097 29 145 4
1098 29 146 5
1099 29 147 9
1100 29 149 8
1101 29 150 2
1102 29 151 6
1103 29 154 9
1104 29 160 6
1105 29 161 5
1106 29 165 7
1107 29 168 3
1108 29 169 6
1109 29 171 1
1110 29 177 4
1111 29 186 3
1112 29 194 8
1113 29 196 4
1114 30 34 5
1115 30 36 5
1116 30 38 6
1117 30 39 9
1118 30 40 4
1119 30 50 4
1120 30 51 8
1121 30 52 2
1122 30 55 2
1123 30 58 7
1124 30 59 10
1125 30 60 1
1126 30 63 3
1127 30 76 2
1128 30 80 7
1129 30 83 4
1130 30 88 1
1131 30 90 6
1132 30 91 8
1133 30 102 2
1134 30 104 7
1135 30 110 4
1136 30 118 5
1137 30 121 5
1138 30 124 2
1139 30 125 8
1140 30 127 4
1141 30 130 9
1142 30 140 10
1143 30 146 9
1144 30 150 9
1145 30 152 5
1146 30 158 4
1147 30 160 7
1148 30 161 9
1149 30 162 9
1150 30 171 4
1151 30 172 9
1152 30 174 1
1153 30 180 3
1154 30 181 2
1155 30 187 4
1156 30 192 7
1157 30 194 1
1158 31 36 4
1159 31 39 8
1160 31 55 8
1161 31 66 2
1162 31 68 6
1163 31 75 8
1164 31 77 9
1165 31 81 3
1166 31 93 4
1167 31 104 9
1168 31 106 7
1169 31 119 9
1170 31 120 9
1171 31 121 10
1172 31 122 9
1173 31 130 5
1174 31 136 5
1175 31 156 6
1176 31 157 5
1177 31 162 3
1178 31 167 5
1179 31 171 6
1180 31 172 3
1181 31 173 3
1182 31 185 6
1183 31 188 8
1184 31 198 2
1185 32 34 5
1186 32 35 10
1187 32 51 4
1188 32 52 5
1189 32 53 1
1190 32 58 2
1191 32 61 3
1192 32 87 8
1193 32 95 10
1194 32 96 1
1195 32 101 6
1196 32 103 6
1197 32 104 6
1198 32 107 7
1199 32 119 3
1200 32 126 1
1201 32 134 4
1202 32 137 6
1203 32 149 9
1204 32 160 4
1205 32 164 8
1206 32 166 2
1207 32 171 9
1208 32 172 7
1209 32 173 9
1210 32 193 8
1211 32 196 1
1212 33 36 8
1213 33 42 1
1214 33 44 6
1215 33 45 8
1216 33 58 3
1217 33 76 1
1218 33 78 1
1219 33 90 7
1220 33 104 1
1221 33 106 3
1222 33 107 2
1223 33 109 4
1224 33 113 7
1225 33 114 1
1226 33 115 6
1227 33 122 1
1228 33 123 4
1229 33 124 3
1230 33 127 2
1231 33 130 6
1232 33 132 7
1233 33 137 2
1234 33 138 9
1235 33 145 5
1236 33 146 2
1237 33 156 3
1238 33 159 8
1239 33 163 2
1240 33 165 6
1241 33 167 9
1242 33 171 4
1243 33 173 1
1244 33 175 1
1245 33 177 5
1246 33 184 6
1247 33 186 9
1248 33 192 5
1249 33 198 4
1250 34 48 1
1251 34 58 10
1252 34 76 7
1253 34 94 4
1254 34 115 7
1255 34 124 4
1256 34 126 10
1257 34 138 2
1258 34 140 4
1259 34 150 8
1260 34 154 8
1261 34 158 10
1262 34 159 9
1263 34 165 3
1264 34 169 1
1265 34 174 10
1266 34 181 7
1267 34 190 3
1268 34 191 4
1269 34 194 2
1270 35 53 9
1271 35 63 5
1272 35 67 5
1273 35 68 4
1274 35 71 9
1275 35 73 7
1276 35 84 3
1277 35 86 3
1278 35 87 1
1279 35 91 6
1280 35 92 3
1281 35 98 7
1282 35 99 5
1283 35 106 4
1284 35 123 2
1285 35 130 10
1286 35 131 5
1287 35 132 7
1288 35 140 2
1289 35 146 8
1290 35 149 1
1291 35 151 1
1292 35 156 6
1293 35 163 8
1294 35 164 8
1295 35 165 3
1296 35 166 4
1297 35 180 5
1298 35 181 8
1299 35 183 3
1300 35 185 3
1301 35 190 3
1302 36 43 6
1303 36 50 2
1304 36 52 8
1305 36 56 4
1306 36 61 6
1307 36 64 2
1308 36 73 6
1309 36 74 4
1310 36 78 5
1311 36 81 5
1312 36 83 4
1313 36 87 8
1314 36 94 2
1315 36 97 5
1316 36 98 7
1317 36 110 2
1318 36 130 5
1319 36 137 9
1320 36 142 5
1321 36 145 7
1322 36 150 3
1323 36 156 7
1324 36 163 4
1325 36 164 10
1326 36 169 1
1327 36 170 9
1328 36 185 1
1329 36 192 6
1330 36 199 7
1331 37 40 1
1332 37 42 9
1333 37 44 2
1334 37 53 10
1335 37 55 8
1336 37 57 9
1337 37 62 3
1338 37 63 5
1339 37 65 8
1340 37 67 5
1341 37 72 7
1342 37 73 3
1343 37 77 5
1344 37 83 6
1345 37 89 7
1346 37 91 6
1347 37 103 4
1348 37 110 4
1349 37 113 7
1350 37 117 5
1351 37 119 6
1352 37 125 4
1353 37 126 10
1354 37 137 10
1355 37 138 6
1356 37 139 4
1357 37 142 4
1358 37 146 4
1359 37 148 10
1360 37 152 1
1361 37 154 9
1362 37 156 2
1363 37 157 9
1364 37 165 4
1365 37 167 2
1366 37 174 1
1367 37 180 10
1368 37 182 7
1369 37 184 10
1370 37 185 7
1371 37 186 2
1372 37 189 8
1373 37 192 6
1374 37 197 9
1375 38 46 5
1376 38 65 8
1377 38 66 5
1378 38 68 1
1379 38 83 2
1380 38 86 10
1381 38 90 9
1382 38 102 1
1383 38 104 3
1384 38 105 1
1385 38 107 3
1386 38 108 1
1387 38 111 3
1388 38 114 9
1389 38 115 3
1390 38 121 7
1391 38 126 9
1392 38 127 2
1393 38 128 7
1394 38 133 8
1395 38 135 9
1396 38 142 2
1397 38 155 10
1398 38 156 1
1399 38 157 8
1400 38 184 2
1401 38 186 1
1402 38 187 2
1403 38 191 6
1404 39 47 9
1405 39 48 3
1406 39 49 2
1407 39 51 1
1408 39 55 5
1409 39 57 10
1410 39 65 4
1411 39 68 4
1412 39 73 7
1413 39 77 9
1414 39 78 1
1415 39 84 8
1416 39 85 1
1417 39 86 10
1418 39 87 8
1419 39 93 1
1420 39 95 1
1421 39 96 4
1422 39 104 3
1423 39 105 5
1424 39 107 2
1425 39 108 7
1426 39 109 4
1427 39 112 6
1428 39 119 6
1429 39 122 9
1430 39 123 5
1431 39 145 8
1432 39 147 1
1433 39 148 4
1434 39 150 3
1435 39 151 5
1436 39 155 1
1437 39 159 3
1438 39 163 2
1439 39 164 6
1440 39 166 8
1441 39 172 6
1442 39 176 6
1443 39 179 3
1444 39 181 6
1445 39 182 8
1446 39 183 3
1447 39 184 7
1448 40 46 2
1449 40 51 7
1450 40 52 3
1451 40 54 1
1452 40 56 1
1453 40 57 6
1454 40 59 1
1455 40 62 8
1456 40 67 5
1457 40 68 2
1458 40 72 1
1459 40 79 2
1460 40 85 1
1461 40 91 4
1462 40 92 4
1463 40 93 4
1464 40 95 4
1465 40 98 7
1466 40 103 1
1467 40 104 1
1468 40 109 8
1469 40 116 1
1470 40 118 8
1471 40 126 10
1472 40 130 10
1473 40 135 9
1474 40 143 6
1475 40 144 5
1476 40 155 10
1477 40 158 4
1478 40 160 1
1479 40 167 8
1480 40 183 4
1481 40 192 10
1482 40 196 7
1483 40 198 2
1484 41 42 5
1485 41 45 3
1486 41 53 7
1487 41 65 6
1488 41 67 9
1489 41 77 9
1490 41 82 8
1491 41 97 7
1492 41 100 6
1493 41 103 6
1494 41 108 2
1495 41 118 1
1496 41 129 2
1497 41 130 2
1498 41 133 8
1499 41 139 9
1500 41 141 7
1501 41 160 4
1502 41 164 2
1503 41 169 2
1504 41 179 8
1505 41 185 4
1506 41 192 4
1507 41 194 4
1508 41 199 1
1509 42 45 2
1510 42 54 7
1511 42 55 5
1512 42 58 7
1513 42 60 5
1514 42 62 4
1515 42 64 7
1516 42 69 2
1517 42 71 6
1518 42 72 5
1519 42 73 4
1520 42 77 10
1521 42 95 2
1522 42 100 2
1523 42 107 7
1524 42 110 1
1525 42 115 9
1526 42 120 1
1527 42 122 8
1528 42 130 6
1529 42 131 3
1530 42 135 10
1531 42 156 3
1532 42 171 7
1533 42 173 9
1534 42 177 4
1535 42 182 3
1536 42 186 1
1537 42 191 4
1538 42 195 9
1539 42 198 9
1540 43 45 3
1541 43 50 4
1542 43 52 4
1543 43 56 2
1544 43 57 9
1545 43 71 9
1546 43 73 8
1547 43 76 7
1548 43 77 4
1549 43 79 1
1550 43 86 7
1551 43 94 9
1552 43 97 6
1553 43 104 3
1554 43 110 10
1555 43 125 3
1556 43 135 2
1557 43 139 7
1558 43 144 8
1559 43 146 5
1560 43 148 3
1561 43 151 5
1562 43 163 8
1563 43 164 2
1564 43 174 9
1565 43 180 7
1566 43 182 8
1567 43 189 3
1568 43 192 6
1569 44 68 10
1570 44 75 1
1571 44 79 5
1572 44 85 1
1573 44 87 1
1574 44 89 8
1575 44 95 10
1576 44 96 10
1577 44 97 10
1578 44 101 7
1579 44 104 8
1580 44 107 4
1581 44 112 10
1582 44 129 4
1583 44 131 4
1584 44 134 10
1585 44 135 8
1586 44 138 2
1587 44 147 3
1588 44 150 8
1589 44 157 1
1590 44 160 10
1591 44 163 6
1592 44 165 1
1593 44 166 7
1594 44 176 3
1595 44 182 1
1596 44 197 6
1597 44 199 3
1598 45 46 7
1599 45 53 3
1600 45 56 5
1601 45 61 5
1602 45 63 3
1603 45 68 2
1604 45 69 6
1605 45 73 2
1606 45 84 6
1607 45 89 4
1608 45 91 9
1609 45 92 1
1610 45 93 7
1611 45 94 5
1612 45 98 4
1613 45 112 8
1614 45 115 9
1615 45 120 5
1616 45 130 1
1617 45 131 3
1618 45 136 9
1619 45 138 1
1620 45 141 5
1621 45 146 9
1622 45 156 7
1623 45 164 10
1624 45 168 8
1625 45 172 2
1626 45 177 2
1627 45 180 7
1628 45 187 4
1629 45 189 6
1630 45 195 4
1631 46 49 3
1632 46 50 10
1633 46 52 4
1634 46 56 6
1635 46 63 6
1636 46 72 9
1637 46 75 8
1638 46 78 4
1639 46 83 5
1640 46 84 1
1641 46 85 9
1642 46 86 8
1643 46 89 7
1644 46 93 10
1645 46 94 3
1646 46 100 2
1647 46 105 8
1648 46 109 5
1649 46 113 6
1650 46 115 7
1651 46 118 1
1652 46 123 8
1653 46 124 9
1654 46 131 4
1655 46 137 8
1656 46 141 9
1657 46 147 4
1658 46 149 8
1659 46 157 3
1660 46 161 3
1661 46 162 10
1662 46 179 8
1663 46 180 6
1664 46 188 5
1665 46 191 5
1666 47 48 9
1667 47 52 10
1668 47 59 5
1669 47 64 2
1670 47 65 9
1671 47 67 8
1672 47 74 2
1673 47 84 10
1674 47 86 5
1675 47 102 9
1676 47 103 3
1677 47 114 1
1678 47 123 4
1679 47 126 7
1680 47 135 3
1681 47 137 5
1682 47 138 10
1683 47 149 3
1684 47 157 2
1685 47 159 8
1686 47 162 1
1687 47 169 1
1688 47 177 3
1689 47 178 2
1690 47 193 8
1691 47 198 4
1692 48 51 10
1693 48 58 3
1694 48 60 8
1695 48 61 8
1696 48 67 5
1697 48 70 7
1698 48 81 7
1699 48 82 6
1700 48 84 6
1701 48 90 1
1702 48 93 10
1703 48 96 3
1704 48 98 10
1705 48 102 7
1706 48 105 3
1707 48 111 5
1708 48 114 1
1709 48 119 2
1710 48 125 3
1711 48 137 8
1712 48 139 1
1713 48 144 8
1714 48 148 1
1715 48 151 3
1716 48 155 4
1717 48 156 5
1718 48 157 9
1719 48 163 8
1720 48 164 2
1721 48 177 5
1722 48 179 4
1723 48 184 4
1724 48 190 7
1725 48 193 8
1726 48 196 1
1727 49 52 10
1728 49 60 3
1729 49 66 9
1730 49 67 1
1731 49 86 8
1732 49 106 4
1733 49 114 8
1734 49 117 3
1735 49 123 3
1736 49 138 10
1737 49 143 5
1738 49 149 6
1739 49 151 4
1740 49 154 9
1741 49 160 9
1742 49 161 5
1743 49 171 6
1744 49 176 4
1745 49 181 5
1746 49 192 7
1747 49 193 10
1748 49 195 4
1749 50 54 4
1750 50 57 6
1751 50 59 3
1752 50 72 9
1753 50 81 4
1754 50 103 7
1755 50 110 4
1756 50 112 3
1757 50 117 5
1758 50 119 2
1759 50 122 4
1760 50 130 7
1761 50 134 9
1762 50 139 5
1763 50 142 1
1764 50 148 6
1765 50 151 5
1766 50 154 1
1767 50 163 2
1768 50 164 7
1769 50 167 8
1770 50 168 9
1771 50 175 4
1772 50 178 10
1773 50 185 1
1774 50 190 9
1775 50 191 2
1776 51 56 6
1777 51 59 8
1778 51 60 2
1779 51 61 10
1780 51 63 2
1781 51 66 4
1782 51 69 4
1783 51 70 6
1784 51 77 2
1785 51 81 5
1786 51 90 6
1787 51 104 10
1788 51 108 10
1789 51 113 10
1790 51 117 3
1791 51 118 8
1792 51 120 9
1793 51 126 2
1794 51 128 4
1795 51 142 4
1796 51 144 9
1797 51 146 5
1798 51 152 1
1799 51 161 9
1800 51 162 2
1801 51 164 5
1802 51 173 3
1803 51 178 2
1804 51 179 8
1805 51 183 10
1806 51 184 9
1807 51 189 3
1808 51 190 10
1809 51 192 10
1810 51 193 10
1811 51 194 8
1812 52 59 7
1813 52 68 1
1814 52 70 7
1815 52 74 9
1816 52 78 3
1817 52 83 3
1818 52 104 3
1819 52 105 7
1820 52 110 2
1821 52 113 9
1822 52 115 5
1823 52 125 6
1824 52 126 5
1825 52 127 5
1826 52 131 10
1827 52 134 8
1828 52 171 5
1829 52 176 10
1830 52 182 8
1831 52 190 9
1832 52 197 10
1833 53 55 5
1834 53 56 8
1835 53 58 6
1836 53 64 6
1837 53 69 3
1838 53 70 2
1839 53 71 1
1840 53 74 8
1841 53 78 1
1842 53 92 3
1843 53 93 10
1844 53 98 1
1845 53 99 6
1846 53 105 4
1847 53 106 1
1848 53 108 2
1849 53 110 8
1850 53 112 9
1851 53 115 10
1852 53 120 8
1853 53 121 2
1854 53 131 6
1855 53 137 7
1856 53 143 3
1857 53 146 9
1858 53 149 2
1859 53 153 10
1860 53 170 9
1861 53 182 8
1862 53 188 5
1863 53 196 10
1864 53 197 9
1865 54 55 5
1866 54 58 9
1867 54 59 5
1868 54 62 7
1869 54 66 2
1870 54 73 4
1871 54 75 2
1872 54 76 5
1873 54 77 9
1874 54 79 7
1875 54 82 9
1876 54 87 9
1877 54 94 6
1878 54 99 9
1879 54 105 9
1880 54 130 4
1881 54 133 5
1882 54 136 3
1883 54 140 8
1884 54 142 7
1885 54 156 9
1886 54 169 2
1887 54 176 10
1888 54 190 10
1889 54 192 7
1890 54 194 5
1891 55 62 2
1892 55 64 6
1893 55 65 9
1894 55 67 7
1895 55 83 2
1896 55 87 10
1897 55 88 6
1898 55 89 8
1899 55 90 3
1900 55 95 3
1901 55 100 6
1902 55 106 4
1903 55 108 5
1904 55 113 4
1905 55 114 1
1906 55 119 4
1907 55 120 5
1908 55 124 3
1909 55 125 3
1910 55 131 3
1911 55 136 9
1912 55 139 1
1913 55 140 1
1914 55 142 10
1915 55 148 6
1916 55 153 2
1917 55 161 7
1918 55 165 3
1919 55 170 6
1920 55 180 5
1921 55 182 8
1922 55 184 2
1923 55 185 10
1924 55 190 9
1925 55 193 6
1926 55 196 9
1927 56 78 10
1928 56 85 9
1929 56 86 9
1930 56 94 9
1931 56 95 1
1932 56 105 4
1933 56 106 10
1934 56 108 2
1935 56 115 10
1936 56 117 4
1937 56 119 5
1938 56 120 8
1939 56 121 4
1940 56 129 7
1941 56 132 3
1942 56 133 5
1943 56 149 10
1944 56 150 3
1945 56 151 7
1946 56 153 1
1947 56 157 4
1948 56 179 4
1949 56 184 1
1950 56 188 2
1951 56 191 10
1952 56 196 10
1953 57 61 5
1954 57 70 8
1955 57 82 5
1956 57 83 2
1957 57 87 2
1958 57 92 10
1959 57 93 5
1960 57 95 9
1961 57 97 2
1962 57 102 2
1963 57 103 3
1964 57 104 4
1965 57 107 6
1966 57 123 5
1967 57 124 5
1968 57 127 5
1969 57 128 2
1970 57 130 2
1971 57 131 5
1972 57 134 1
1973 57 139 3
1974 57 145 9
1975 57 151 4
1976 57 154 9
1977 57 155 9
1978 57 157 10
1979 57 159 6
1980 57 161 2
1981 57 163 10
1982 57 172 3
1983 57 179 6
1984 57 181 1
1985 57 183 9
1986 57 186 4
1987 57 189 9
1988 57 190 9
1989 57 192 10
1990 57 194 1
1991 58 59 1
1992 58 60 2
1993 58 67 8
1994 58 68 6
1995 58 74 10
1996 58 80 1
1997 58 89 9
1998 58 102 1
1999 58 120 8
2000 58 121 6
2001 58 131 6
2002 58 132 10
2003 58 133 6
2004 58 136 2
2005 58 137 6
2006 58 139 8
2007 58 144 1
2008 58 147 9
2009 58 153 8
2010 58 157 5
2011 58 159 1
2012 58 160 9
2013 58 164 10
2014 58 166 2
2015 58 171 7
2016 58 172 7
2017 58 177 8
2018 58 179 10
2019 58 186 8
2020 58 193 10
2021 58 196 6
2022 59 70 7
2023 59 71 10
2024 59 81 5
2025 59 87 10
2026 59 101 3
2027 59 103 7
2028 59 111 8
2029 59 112 7
2030 59 117 1
2031 59 123 2
2032 59 124 9
2033 59 125 5
2034 59 137 5
2035 59 140 2
2036 59 144 1
2037 59 161 2
2038 59 162 1
2039 59 170 1
2040 59 173 2
2041 59 175 10
2042 59 181 4
2043 59 183 6
2044 59 185 1
2045 59 193 7
2046 59 199 6
2047 60 76 4
2048 60 79 1
2049 60 83 4
2050 60 89 9
2051 60 91 1
2052 60 97 10
2053 60 102 3
2054 60 104 9
2055 60 120 9
2056 60 121 4
2057 60 129 9
2058 60 130 9
2059 60 136 6
2060 60 139 2
2061 60 142 4
2062 60 144 9
2063 60 156 3
2064 60 157 10
2065 60 158 4
2066 60 162 6
2067 60 179 5
2068 60 180 1
2069 60 184 10
2070 60 186 9
2071 60 192 5
2072 60 196 6
2073 61 64 6
2074 61 68 7
2075 61 73 9
2076 61 74 1
2077 61 77 7
2078 61 79 2
2079 61 80 8
2080 61 81 3
2081 61 91 10
2082 61 97 4
2083 61 99 3
2084 61 100 3
2085 61 102 6
2086 61 105 6
2087 61 109 4
2088 61 112 5
2089 61 115 2
2090 61 116 9
2091 61 144 8
2092 61 145 10
2093 61 152 2
2094 61 153 3
2095 61 154 10
2096 61 164 2
2097 61 166 7
2098 61 176 7
2099 61 179 8
2100 61 180 9
2101 62 67 3
2102 62 68 6
2103 62 73 9
2104 62 75 10
2105 62 91 1
2106 62 100 10
2107 62 101 9
2108 62 105 5
2109 62 110 6
2110 62 111 8
2111 62 112 6
2112 62 123 6
2113 62 131 9
2114 62 133 10
2115 62 134 4
2116 62 135 4
2117 62 138 6
2118 62 145 8
2119 62 153 1
2120 62 156 7
2121 62 159 3
2122 62 165 3
2123 62 182 1
2124 62 191 4
2125 63 83 2
2126 63 85 8
2127 63 86 8
2128 63 89 7
2129 63 90 2
2130 63 91 1
2131 63 97 8
2132 63 99 3
2133 63 100 8
2134 63 106 7
2135 63 113 7
2136 63 114 2
2137 63 117 3
2138 63 120 9
2139 63 122 6
2140 63 125 3
2141 63 127 9
2142 63 129 10
2143 63 141 10
2144 63 142 10
2145 63 145 6
2146 63 147 3
2147 63 151 2
2148 63 164 1
2149 63 166 5
2150 63 168 9
2151 63 171 1
2152 63 179 6
2153 63 181 7
2154 63 189 6
2155 63 193 8
2156 63 196 8
2157 63 199 4
2158 64 78 5
2159 64 80 4
2160 64 83 9
2161 64 89 3
2162 64 92 10
2163 64 95 10
2164 64 98 1
2165 64 101 7
2166 64 102 5
2167 64 103 3
2168 64 110 5
2169 64 118 4
2170 64 124 6
2171 64 134 4
2172 64 138 2
2173 64 143 1
2174 64 147 4
2175 64 154 5
2176 64 156 9
2177 64 160 2
2178 64 177 6
2179 64 188 9
2180 64 199 1
2181 65 73 10
2182 65 74 5
2183 65 85 5
2184 65 86 4
2185 65 87 7
2186 65 93 5
2187 65 96 7
2188 65 107 8
2189 65 112 3
2190 65 113 5
2191 65 117 2
2192 65 134 3
2193 65 143 7
2194 65 151 10
2195 65 158 9
2196 65 164 8
2197 65 169 4
2198 65 170 9
2199 65 175 6
2200 65 184 7
2201 65 191 2
2202 65 198 8
2203 66 72 8
2204 66 73 4
2205 66 78 9
2206 66 80 9
2207 66 81 3
2208 66 85 1
2209 66 86 7
2210 66 95 8
2211 66 98 8
2212 66 99 5
2213 66 102 6
2214 66 103 8
2215 66 104 2
2216 66 109 4
2217 66 111 2
2218 66 115 2
2219 66 117 5
2220 66 120 1
2221 66 125 4
2222 66 134 1
2223 66 137 9
2224 66 141 3
2225 66 142 8
2226 66 145 6
2227 66 146 1
2228 66 158 1
2229 66 175 2
2230 66 184 4
2231 66 188 6
2232 66 193 9
2233 66 197 9
2234 66 199 4
2235 67 69 1
2236 67 77 3
2237 67 79 3
2238 67 84 3
2239 67 85 9
2240 67 89 4
2241 67 99 10
2242 67 101 9
2243 67 104 8
2244 67 105 9
2245 67 112 4
2246 67 115 9
2247 67 117 7
2248 67 127 9
2249 67 129 7
2250 67 136 5
2251 67 138 8
2252 67 140 5
2253 67 147 10
2254 67 149 4
2255 67 159 1
2256 67 160 3
2257 67 162 3
2258 67 166 4
2259 67 169 9
2260 67 171 6
2261 67 181 4
2262 67 183 4
2263 67 189 1
2264 67 190 7
2265 67 195 3
2266 67 197 5
2267 67 199 10
2268 68 70 1
2269 68 74 4
2270 68 79 5
2271 68 80 7
2272 68 81 2
2273 68 87 6
2274 68 104 3
2275 68 106 5
2276 68 108 1
2277 68 117 8
2278 68 123 5
2279 68 139 5
2280 68 140 10
2281 68 141 6
2282 68 152 3
2283 68 154 3
2284 68 155 8
2285 68 160 2
2286 68 161 1
2287 68 170 8
2288 68 173 6
2289 68 179 4
2290 68 185 2
2291 69 70 9
2292 69 71 9
2293 69 72 5
2294 69 77 8
2295 69 83 5
2296 69 90 4
2297 69 96 6
2298 69 97 9
2299 69 103 6
2300 69 105 10
2301 69 108 2
2302 69 110 6
2303 69 119 10
2304 69 123 10
2305 69 127 9
2306 69 132 5
2307 69 140 3
2308 69 148 8
2309 69 155 7
2310 69 156 3
2311 69 173 3
2312 69 174 9
2313 69 180 4
2314 69 181 7
2315 69 187 4
2316 69 191 9
2317 69 192 10
2318 70 72 4
2319 70 79 8
2320 70 80 2
2321 70 85 6
2322 70 89 5
2323 70 92 4
2324 70 97 6
2325 70 99 7
2326 70 104 2
2327 70 106 3
2328 70 113 6
2329 70 115 6
2330 70 121 6
2331 70 125 6
2332 70 132 5
2333 70 134 5
2334 70 137 1
2335 70 142 3
2336 70 161 6
2337 70 163 5
2338 70 164 6
2339 70 166 6
2340 70 167 8
2341 70 175 2
2342 70 177 2
2343 70 191 3
2344 70 196 6
2345 70 198 2
2346 71 73 7
2347 71 74 6
2348 71 78 9
2349 71 86 8
2350 71 90 7
2351 71 93 2
2352 71 94 5
2353 71 101 9
2354 71 103 1
2355 71 112 1
2356 71 116 3
2357 71 117 1
2358 71 118 4
2359 71 150 10
2360 71 154 5
2361 71 156 7
2362 71 163 4
2363 71 166 8
2364 71 169 7
2365 71 188 10
2366 72 87 9
2367 72 92 7
2368 72 100 4
2369 72 101 2
2370 72 114 5
2371 72 116 5
2372 72 117 4
2373 72 118 10
2374 72 123 9
2375 72 127 4
2376 72 130 8
2377 72 139 1
2378 72 141 8
2379 72 149 2
2380 72 152 6
2381 72 154 10
2382 72 157 5
2383 72 180 5
2384 72 182 4
2385 72 187 4
2386 72 188 3
2387 72 193 8
2388 72 197 9
2389 72 198 2
2390 72 199 8
2391 73 80 7
2392 73 88 7
2393 73 91 6
2394 73 92 5
2395 73 96 4
2396 73 97 1
2397 73 99 3
2398 73 102 3
2399 73 106 3
2400 73 111 4
2401 73 114 10
2402 73 116 2
2403 73 117 7
2404 73 123 9
2405 73 127 3
2406 73 128 10
2407 73 137 3
2408 73 164 5
2409 73 169 7
2410 73 172 10
2411 73 176 7
2412 73 182 10
2413 73 183 5
2414 73 187 1
2415 73 188 10
2416 73 191 7
2417 73 196 10
2418 74 75 2
2419 74 78 8
2420 74 84 4
2421 74 85 1
2422 74 94 1
2423 74 98 8
2424 74 99 8
2425 74 100 8
2426 74 102 4
2427 74 108 9
2428 74 116 2
2429 74 123 4
2430 74 129 9
2431 74 130 7
2432 74 136 7
2433 74 137 6
2434 74 139 5
2435 74 143 9
2436 74 147 2
2437 74 156 10
2438 74 158 10
2439 74 163 1
2440 74 165 3
2441 74 166 10
2442 74 170 7
2443 74 174 8
2444 74 182 3
2445 74 188 1
2446 74 192 5
2447 74 194 6
2448 75 78 3
2449 75 84 3
2450 75 85 2
2451 75 89 6
2452 75 91 10
2453 75 93 3
2454 75 98 2
2455 75 100 2
2456 75 102 4
2457 75 103 4
2458 75 105 10
2459 75 115 3
2460 75 125 10
2461 75 127 2
2462 75 129 3
2463 75 131 5
2464 75 132 8
2465 75 133 10
2466 75 141 1
2467 75 144 2
2468 75 149 5
2469 75 157 10
2470 75 163 7
2471 75 168 9
2472 75 170 10
2473 75 173 7
2474 75 174 1
2475 75 176 1
2476 75 183 7
2477 75 186 9
2478 75 194 1
2479 75 197 8
2480 76 78 4
2481 76 79 1
2482 76 103 1
2483 76 109 6
2484 76 110 6
2485 76 118 4
2486 76 119 7
2487 76 125 1
2488 76 127 3
2489 76 128 5
2490 76 139 4
2491 76 141 10
2492 76 143 7
2493 76 154 5
2494 76 155 8
2495 76 156 4
2496 76 168 5
2497 76 169 3
2498 76 173 4
2499 76 175 4
2500 76 177 1
2501 76 187 7
2502 76 192 5
2503 76 195 10
2504 77 78 3
2505 77 79 5
2506 77 88 2
2507 77 92 2
2508 77 95 9
2509 77 101 6
2510 77 102 10
2511 77 104 8
2512 77 107 3
2513 77 112 10
2514 77 119 5
2515 77 121 8
2516 77 125 5
2517 77 136 6
2518 77 137 9
2519 77 145 8
2520 77 151 8
2521 77 154 5
2522 77 159 8
2523 77 160 7
2524 77 161 10
2525 77 163 8
2526 77 165 9
2527 77 166 6
2528 77 167 2
2529 77 168 3
2530 77 169 6
2531 77 181 7
2532 77 184 1
2533 77 185 2
2534 77 186 9
2535 77 187 9
2536 77 189 8
2537 77 192 8
2538 77 196 5
2539 77 197 2
2540 78 80 4
2541 78 82 2
2542 78 86 3
2543 78 90 3
2544 78 94 2
2545 78 116 1
2546 78 117 1
2547 78 120 2
2548 78 127 2
2549 78 133 4
2550 78 134 1
2551 78 136 8
2552 78 145 5
2553 78 146 3
2554 78 152 9
2555 78 160 6
2556 78 162 5
2557 78 166 1
2558 78 172 5
2559 78 173 4
2560 78 174 6
2561 78 175 10
2562 78 181 10
2563 78 188 10
2564 78 189 6
2565 78 190 3
2566 78 197 1
2567 78 198 2
2568 79 84 10
2569 79 91 2
2570 79 94 3
2571 79 95 10
2572 79 96 10
2573 79 99 1
2574 79 100 8
2575 79 104 9
2576 79 110 2
2577 79 114 5
2578 79 120 10
2579 79 122 8
2580 79 124 1
2581 79 134 2
2582 79 137 6
2583 79 138 8
2584 79 142 2
2585 79 148 2
2586 79 149 3
2587 79 154 9
2588 79 155 5
2589 79 156 6
2590 79 162 1
2591 79 163 7
2592 79 167 6
2593 79 169 8
2594 79 172 7
2595 79 176 2
2596 79 177 1
2597 79 179 6
2598 79 184 4
2599 79 190 6
2600 79 191 10
2601 80 82 5
2602 80 83 6
2603 80 84 10
2604 80 86 10
2605 80 87 5
2606 80 97 6
2607 80 104 4
2608 80 106 6
2609 80 107 7
2610 80 120 2
2611 80 121 2
2612 80 123 1
2613 80 126 4
2614 80 127 4
2615 80 128 8
2616 80 132 1
2617 80 133 6
2618 80 136 7
2619 80 137 3
2620 80 141 8
2621 80 145 6
2622 80 146 2
2623 80 149 6
2624 80 154 2
2625 80 158 7
2626 80 161 5
2627 80 168 1
2628 80 173 9
2629 80 180 5
2630 80 181 4
2631 80 185 2
2632 80 188 4
2633 80 189 4
2634 80 192 5
2635 80 194 4
2636 80 199 8
2637 81 90 6
2638 81 92 10
2639 81 93 1
2640 81 94 5
2641 81 100 6
2642 81 104 5
2643 81 109 4
2644 81 111 7
2645 81 115 2
2646 81 120 2
2647 81 121 3
2648 81 129 2
2649 81 133 9
2650 81 136 9
2651 81 140 3
2652 81 151 3
2653 81 168 7
2654 81 171 4
2655 81 175 6
2656 81 176 9
2657 81 185 1
2658 81 192 4
2659 82 84 6
2660 82 85 1
2661 82 88 4
2662 82 93 4
2663 82 101 3
2664 82 104 4
2665 82 107 7
2666 82 112 4
2667 82 113 3
2668 82 118 9
2669 82 125 9
2670 82 129 2
2671 82 131 8
2672 82 136 8
2673 82 152 1
2674 82 162 1
2675 82 164 5
2676 82 169 2
2677 82 170 8
2678 82 173 4
2679 82 174 5
2680 82 175 1
2681 82 179 3
2682 82 182 5
2683 82 185 4
2684 82 187 5
2685 82 188 6
2686 82 192 7
2687 83 85 6
2688 83 91 1
2689 83 92 2
2690 83 98 1
2691 83 100 7
2692 83 102 4
2693 83 105 6
2694 83 115 6
2695 83 119 5
2696 83 132 7
2697 83 140 8
2698 83 148 3
2699 83 149 2
2700 83 151 6
2701 83 152 10
2702 83 158 1
2703 83 161 7
2704 83 169 9
2705 83 171 6
2706 83 172 7
2707 83 174 7
2708 83 184 4
2709 83 189 5
2710 83 192 8
2711 83 197 2
2712 84 85 10
2713 84 87 1
2714 84 88 6
2715 84 101 10
2716 84 104 5
2717 84 113 5
2718 84 121 6
2719 84 126 10
2720 84 133 2
2721 84 136 2
2722 84 137 2
2723 84 139 5
2724 84 140 2
2725 84 145 9
2726 84 151 1
2727 84 160 6
2728 84 161 9
2729 84 163 8
2730 84 164 10
2731 84 165 1
2732 84 169 1
2733 84 170 7
2734 84 176 10
2735 84 178 6
2736 84 193 9
2737 84 194 7
2738 85 92 4
2739 85 96 3
2740 85 107 6
2741 85 116 7
2742 85 121 1
2743 85 127 5
2744 85 129 1
2745 85 137 7
2746 85 140 1
2747 85 144 5
2748 85 151 1
2749 85 156 9
2750 85 161 5
2751 85 177 7
2752 85 182 1
2753 85 189 10
2754 85 193 5
2755 86 92 7
2756 86 115 1
2757 86 120 9
2758 86 128 2
2759 86 130 9
2760 86 132 9
2761 86 135 8
2762 86 139 7
2763 86 140 8
2764 86 150 2
2765 86 170 6
2766 86 173 2
2767 86 181 3
2768 86 182 5
2769 86 184 7
2770 86 194 1
2771 86 197 2
2772 86 198 9
2773 86 199 7
2774 87 98 2
2775 87 99 1
2776 87 102 1
2777 87 104 4
2778 87 108 4
2779 87 114 3
2780 87 119 4
2781 87 123 5
2782 87 126 1
2783 87 128 1
2784 87 129 4
2785 87 146 4
2786 87 151 10
2787 87 155 1
2788 87 162 5
2789 87 163 5
2790 87 166 2
2791 87 171 5
2792 87 184 6
2793 87 187 6
2794 87 189 7
2795 87 193 9
2796 87 196 4
2797 88 93 7
2798 88 100 5
2799 88 102 2
2800 88 103 2
2801 88 112 7
2802 88 118 7
2803 88 120 9
2804 88 125 6
2805 88 139 5
2806 88 145 9
2807 88 146 7
2808 88 148 5
2809 88 165 5
2810 88 167 9
2811 88 172 6
2812 88 173 3
2813 88 176 1
2814 88 180 10
2815 88 184 3
2816 88 197 10
2817 89 92 2
2818 89 98 6
2819 89 107 4
2820 89 113 1
2821 89 117 4
2822 89 124 3
2823 89 128 2
2824 89 135 8
2825 89 136 3
2826 89 138 9
2827 89 146 10
2828 89 148 3
2829 89 149 8
2830 89 160 9
2831 89 165 7
2832 89 167 7
2833 89 176 5
2834 89 177 1
2835 89 197 2
2836 89 199 9
2837 90 91 2
2838 90 98 4
2839 90 105 2
2840 90 107 6
2841 90 118 7
2842 90 126 10
2843 90 129 6
2844 90 136 3
2845 90 147 8
2846 90 149 5
2847 90 158 5
2848 90 161 3
2849 90 180 9
2850 90 181 1
2851 90 186 4
2852 90 188 2
2853 90 190 7
2854 90 192 5
2855 90 194 1
2856 90 195 4
2857 90 199 4
2858 91 96 9
2859 91 98 9
2860 91 99 1
2861 91 100 6
2862 91 103 1
2863 91 106 7
2864 91 108 2
2865 91 109 2
2866 91 114 10
2867 91 122 10
2868 91 126 10
2869 91 127 5
2870 91 129 4
2871 91 131 7
2872 91 138 3
2873 91 140 9
2874 91 153 6
2875 91 154 1
2876 91 165 2
2877 91 169 2
2878 91 177 9
2879 91 181 3
2880 91 186 1
2881 91 188 7
2882 91 191 9
2883 92 93 5
2884 92 123 2
2885 92 125 3
2886 92 126 10
2887 92 128 5
2888 92 129 2
2889 92 132 3
2890 92 163 3
2891 92 169 9
2892 92 174 6
2893 92 175 3
2894 92 179 5
2895 92 182 7
2896 92 188 7
2897 92 191 4
2898 92 192 2
2899 92 195 9
2900 92 199 10
2901 93 99 2
2902 93 100 7
2903 93 103 1
2904 93 105 2
2905 93 106 2
2906 93 108 5
2907 93 109 5
2908 93 111 2
2909 93 124 4
2910 93 127 9
2911 93 128 10
2912 93 131 9
2913 93 152 9
2914 93 155 1
2915 93 159 7
2916 93 162 9
2917 93 167 6
2918 93 169 6
2919 93 172 8
2920 93 173 9
2921 93 175 7
2922 93 185 6
2923 93 195 3
2924 93 199 3
2925 94 98 8
2926 94 100 5
2927 94 104 8
2928 94 108 1
2929 94 128 6
2930 94 130 2
2931 94 135 10
2932 94 142 2
2933 94 144 10
2934 94 152 4
2935 94 153 10
2936 94 159 5
2937 94 163 9
2938 94 165 4
2939 94 172 3
2940 94 185 10
2941 94 186 10
2942 94 188 10
2943 94 191 1
2944 94 199 7
2945 95 107 1
2946 95 110 4
2947 95 112 10
2948 95 116 6
2949 95 119 8
2950 95 120 10
2951 95 123 1
2952 95 131 5
2953 95 142 3
2954 95 146 2
2955 95 159 2
2956 95 161 10
2957 95 162 10
2958 95 164 10
2959 95 167 6
2960 95 171 9
2961 95 175 4
2962 95 177 3
2963 95 179 4
2964 95 185 2
2965 95 188 10
2966 95 189 8
2967 95 191 5
2968 95 198 1
2969 96 105 8
2970 96 108 8
2971 96 118 1
2972 96 125 2
2973 96 135 2
2974 96 139 5
2975 96 141 2
2976 96 143 6
2977 96 161 6
2978 96 172 8
2979 96 177 7
2980 96 182 1
2981 96 189 3
2982 96 190 1
2983 97 115 4
2984 97 117 2
2985 97 119 8
2986 97 126 9
2987 97 127 5
2988 97 128 2
2989 97 131 8
2990 97 144 2
2991 97 154 9
2992 97 155 5
2993 97 158 10
2994 97 162 3
2995 97 164 4
2996 97 172 6
2997 97 174 10
2998 97 178 1
2999 97 187 4
3000 97 188 7
3001 97 196 1
3002 98 110 6
3003 98 112 3
3004 98 121 4
3005 98 125 8
3006 98 126 9
3007 98 134 3
3008 98 135 6
3009 98 136 8
3010 98 141 6
3011 98 149 4
3012 98 156 4
3013 98 164 9
3014 98 166 8
3015 98 181 10
3016 98 182 8
3017 98 183 2
3018 98 186 9
3019 98 198 2
3020 99 102 9
3021 99 110 9
3022 99 114 5
3023 99 115 3
3024 99 119 3
3025 99 120 1
3026 99 124 8
3027 99 126 10
3028 99 128 6
3029 99 132 1
3030 99 133 6
3031 99 146 10
3032 99 148 2
3033 99 151 8
3034 99 153 3
3035 99 172 9
3036 99 176 4
3037 99 186 10
3038 99 187 9
3039 99 197 3
3040 100 109 3
3041 100 113 10
3042 100 115 5
3043 100 121 2
3044 100 123 5
3045 100 131 2
3046 100 140 10
3047 100 144 8
3048 100 146 10
3049 100 165 1
3050 100 170 3
3051 100 172 1
3052 100 173 7
3053 100 178 3
3054 100 199 4
3055 101 102 8
3056 101 125 9
3057 101 133 9
3058 101 145 3
3059 101 148 1
3060 101 150 9
3061 101 151 2
3062 101 155 7
3063 101 161 4
3064 101 162 1
3065 101 172 4
3066 101 177 6
3067 101 179 6
3068 101 183 2
3069 102 106 5
3070 102 112 10
3071 102 113 7
3072 102 114 2
3073 102 118 2
3074 102 120 7
3075 102 121 4
3076 102 123 9
3077 102 124 3
3078 102 126 9
3079 102 129 10
3080 102 135 2
3081 102 137 5
3082 102 138 1
3083 102 144 10
3084 102 158 4
3085 102 170 1
3086 102 189 3
3087 102 198 2
3088 103 108 5
3089 103 115 5
3090 103 116 5
3091 103 118 8
3092 103 121 6
3093 103 128 6
3094 103 131 4
3095 103 141 5
3096 103 145 5
3097 103 146 6
3098 103 150 7
3099 103 154 7
3100 103 161 9
3101 103 165 3
3102 103 168 3
3103 103 171 8
3104 103 172 2
3105 103 175 2
3106 103 178 10
3107 103 183 7
3108 103 186 10
3109 103 191 1
3110 103 195 3
3111 103 196 4
3112 103 197 6
3113 103 198 6
3114 104 119 4
3115 104 123 8
3116 104 124 5
3117 104 132 5
3118 104 141 9
3119 104 152 4
3120 104 155 4
3121 104 159 8
3122 104 161 6
3123 104 167 3
3124 104 168 6
3125 104 170 3
3126 104 178 8
3127 104 181 3
3128 104 189 7
3129 104 199 7
3130 105 109 2
3131 105 110 1
3132 105 112 7
3133 105 118 7
3134 105 125 9
3135 105 132 7
3136 105 137 4
3137 105 139 8
3138 105 143 9
3139 105 147 8
3140 105 148 3
3141 105 150 8
3142 105 155 2
3143 105 158 9
3144 105 159 6
3145 105 160 8
3146 105 161 4
3147 105 162 4
3148 105 166 4
3149 105 171 2
3150 105 173 9
3151 105 174 8
3152 105 182 5
3153 105 185 9
3154 105 191 1
3155 105 196 8
3156 105 198 7
3157 106 109 5
3158 106 119 2
3159 106 126 10
3160 106 128 4
3161 106 129 9
3162 106 133 5
3163 106 134 8
3164 106 135 2
3165 106 140 7
3166 106 144 1
3167 106 152 1
3168 106 158 8
3169 106 163 7
3170 106 170 6
3171 106 174 2
3172 106 180 4
3173 106 192 2
3174 106 196 7
3175 107 108 10
3176 107 121 5
3177 107 129 10
3178 107 130 1
3179 107 134 10
3180 107 137 5
3181 107 139 6
3182 107 140 6
3183 107 141 10
3184 107 150 5
3185 107 161 7
3186 107 175 8
3187 107 176 5
3188 107 184 9
3189 107 186 4
3190 107 198 2
3191 108 125 9
3192 108 132 5
3193 108 136 7
3194 108 140 2
3195 108 144 9
3196 108 145 1
3197 108 151 8
3198 108 153 8
3199 108 158 2
3200 108 170 8
3201 108 187 3
3202 108 197 2
3203 108 198 10
3204 109 110 8
3205 109 113 8
3206 109 116 10
3207 109 118 9
3208 109 121 4
3209 109 128 5
3210 109 138 7
3211 109 140 1
3212 109 144 10
3213 109 146 8
3214 109 155 3
3215 109 160 4
3216 109 165 5
3217 109 169 9
3218 109 170 6
3219 109 171 2
3220 109 173 9
3221 109 174 5
3222 109 175 10
3223 109 180 1
3224 109 183 4
3225 109 186 7
3226 109 188 3
3227 109 190 6
3228 109 199 5
3229 110 112 5
3230 110 118 5
3231 110 120 6
3232 110 124 5
3233 110 127 9
3234 110 135 4
3235 110 141 1
3236 110 150 10
3237 110 152 7
3238 110 155 1
3239 110 157 1
3240 110 158 6
3241 110 165 5
3242 110 166 8
3243 110 182 3
3244 110 185 1
3245 110 191 10
3246 110 194 10
3247 111 123 8
3248 111 127 10
3249 111 130 3
3250 111 131 4
3251 111 143 7
3252 111 153 1
3253 111 158 1
3254 111 164 3
3255 111 167 7
3256 111 174 2
3257 111 178 4
3258 111 187 4
3259 111 190 1
3260 111 198 10
3261 112 114 2
3262 112 119 1
3263 112 122 7
3264 112 128 2
3265 112 130 6
3266 112 131 4
3267 112 133 4
3268 112 145 9
3269 112 146 9
3270 112 149 4
3271 112 152 2
3272 112 154 5
3273 112 162 9
3274 112 184 9
3275 112 187 2
3276 112 188 2
3277 113 114 2
3278 113 121 10
3279 113 124 4
3280 113 125 8
3281 113 126 6
3282 113 127 8
3283 113 130 3
3284 113 135 8
3285 113 145 2
3286 113 152 4
3287 113 155 10
3288 113 160 6
3289 113 161 2
3290 113 171 9
3291 113 179 1
3292 113 190 7
3293 113 191 1
3294 113 193 8
3295 114 115 1
3296 114 120 1
3297 114 125 2
3298 114 130 4
3299 114 138 6
3300 114 142 5
3301 114 153 8
3302 114 157 8
3303 114 169 2
3304 114 171 6
3305 114 174 7
3306 114 176 9
3307 114 188 10
3308 114 189 5
3309 114 190 8
3310 114 198 10
3311 115 121 3
3312 115 122 10
3313 115 124 6
3314 115 128 8
3315 115 139 4
3316 115 141 2
3317 115 143 7
3318 115 145 6
3319 115 146 10
3320 115 152 7
3321 115 156 5
3322 115 164 9
3323 115 169 6
3324 115 180 9
3325 115 185 1
3326 115 187 9
3327 116 119 3
3328 116 127 7
3329 116 131 6
3330 116 140 10
3331 116 143 5
3332 116 155 4
3333 116 157 2
3334 116 163 8
3335 116 168 7
3336 116 176 6
3337 116 182 9
3338 116 183 6
3339 116 189 5
3340 116 191 7
3341 116 195 2
3342 116 198 9
3343 117 119 8
3344 117 121 4
3345 117 125 6
3346 117 126 10
3347 117 129 10
3348 117 137 2
3349 117 145 5
3350 117 154 7
3351 117 156 6
3352 117 157 4
3353 117 165 7
3354 117 171 1
3355 117 176 4
3356 117 179 8
3357 117 182 3
3358 117 189 9
3359 117 191 10
3360 117 193 7
3361 118 125 9
3362 118 128 5
3363 118 131 8
3364 118 132 6
3365 118 133 2
3366 118 139 8
3367 118 148 8
3368 118 153 8
3369 118 160 4
3370 118 163 1
3371 118 171 5
3372 118 175 9
3373 118 178 7
3374 118 181 9
3375 118 187 5
3376 118 190 3
3377 118 191 5
3378 118 196 1
3379 119 124 2
3380 119 126 2
3381 119 137 8
3382 119 145 2
3383 119 149 8
3384 119 153 8
3385 119 156 4
3386 119 159 6
3387 119 163 6
3388 119 164 9
3389 119 167 5
3390 119 172 1
3391 119 174 8
3392 119 179 5
3393 119 180 10
3394 119 187 10
3395 119 192 3
3396 119 195 4
3397 120 126 6
3398 120 128 1
3399 120 131 5
3400 120 134 3
3401 120 136 2
3402 120 137 1
3403 120 141 5
3404 120 146 2
3405 120 149 9
3406 120 151 4
3407 120 154 10
3408 120 155 2
3409 120 157 3
3410 120 170 1
3411 120 172 4
3412 120 177 1
3413 120 183 1
3414 120 184 1
3415 120 187 1
3416 120 192 3
3417 120 196 10
3418 120 198 2
3419 121 126 8
3420 121 137 5
3421 121 156 4
3422 121 157 5
3423 121 158 1
3424 121 160 7
3425 121 162 10
3426 121 165 5
3427 121 170 6
3428 121 171 6
3429 121 177 3
3430 121 182 8
3431 121 185 2
3432 121 188 2
3433 121 196 4
3434 121 199 10
3435 122 125 4
3436 122 127 10
3437 122 148 1
3438 122 157 9
3439 122 160 7
3440 122 161 2
3441 122 170 1
3442 122 182 5
3443 122 191 7
3444 122 194 3
3445 122 195 5
3446 122 198 8
3447 123 129 6
3448 123 130 4
3449 123 144 6
3450 123 150 1
3451 123 153 1
3452 123 155 2
3453 123 156 7
3454 123 158 3
3455 123 162 2
3456 123 165 3
3457 123 166 8
3458 123 169 2
3459 123 172 5
3460 123 174 6
3461 123 175 2
3462 123 177 10
3463 123 181 3
3464 123 186 8
3465 123 189 3
3466 123 199 1
3467 124 127 8
3468 124 135 6
3469 124 136 9
3470 124 138 1
3471 124 140 3
3472 124 144 2
3473 124 151 4
3474 124 153 6
3475 124 155 2
3476 124 156 8
3477 124 175 8
3478 124 180 7
3479 124 182 4
3480 124 183 9
3481 124 191 7
3482 124 192 1
3483 124 193 3
3484 124 197 2
3485 124 198 1
3486 124 199 6
3487 125 128 2
3488 125 135 7
3489 125 137 6
3490 125 138 1
3491 125 141 8
3492 125 148 4
3493 125 157 3
3494 125 165 6
3495 125 168 1
3496 125 171 2
3497 125 172 10
3498 125 174 7
3499 125 179 1
3500 125 189 4
3501 125 191 1
3502 125 195 7
3503 126 133 4
3504 126 134 7
3505 126 138 5
3506 126 142 2
3507 126 143 4
3508 126 144 9
3509 126 147 7
3510 126 149 3
3511 126 151 8
3512 126 162 3
3513 126 166 8
3514 126 173 1
3515 126 176 6
3516 126 177 1
3517 126 179 3
3518 126 183 5
3519 126 188 10
3520 126 189 10
3521 126 190 3
3522 126 191 7
3523 126 195 8
3524 127 138 9
3525 127 147 9
3526 127 148 6
3527 127 151 1
3528 127 153 3
3529 127 156 4
3530 127 161 9
3531 127 163 7
3532 127 171 3
3533 127 179 10
3534 127 194 7
3535 128 150 6
3536 128 151 9
3537 128 152 9
3538 128 160 6
3539 128 161 10
3540 128 170 6
3541 128 172 2
3542 128 176 1
3543 128 181 8
3544 128 185 9
3545 128 194 8
3546 129 132 3
3547 129 135 8
3548 129 137 7
3549 129 141 3
3550 129 144 3
3551 129 149 7
3552 129 151 8
3553 129 152 9
3554 129 158 7
3555 129 161 6
3556 129 169 3
3557 129 179 8
3558 129 185 1
3559 129 192 10
3560 129 198 7
3561 130 138 2
3562 130 142 10
3563 130 165 6
3564 130 171 10
3565 130 173 2
3566 130 176 3
3567 130 177 3
3568 130 187 4
3569 130 188 1
3570 130 189 2
3571 130 193 8
3572 130 198 2
3573 130 199 8
3574 131 133 2
3575 131 134 10
3576 131 143 3
3577 131 153 4
3578 131 158 1
3579 131 166 1
3580 131 169 7
3581 131 171 2
3582 131 177 9
3583 131 180 10
3584 131 191 9
3585 132 133 8
3586 132 141 2
3587 132 146 2
3588 132 151 8
3589 132 155 7
3590 132 156 2
3591 132 169 8
3592 132 181 4
3593 133 142 2
3594 133 146 5
3595 133 147 2
3596 133 149 4
3597 133 151 4
3598 133 159 5
3599 133 164 9
3600 133 165 5
3601 133 168 9
3602 133 169 9
3603 133 179 4
3604 133 180 9
3605 133 186 6
3606 133 190 8
3607 133 193 3
3608 134 139 3
3609 134 141 3
3610 134 149 5
3611 134 152 7
3612 134 154 1
3613 134 180 6
3614 134 181 1
3615 134 190 5
3616 134 193 7
3617 135 136 2
3618 135 138 4
3619 135 143 7
3620 135 152 10
3621 135 155 9
3622 135 160 2
3623 135 176 2
3624 135 182 2
3625 135 184 5
3626 135 185 7
3627 135 197 7
3628 135 198 7
3629 136 142 1
3630 136 151 7
3631 136 153 4
3632 136 159 7
3633 136 162 10
3634 136 174 9
3635 136 177 3
3636 136 186 8
3637 136 192 10
3638 136 193 10
3639 136 196 4
3640 137 141 3
3641 137 142 2
3642 137 145 6
3643 137 156 8
3644 137 157 2
3645 137 162 7
3646 137 170 10
3647 137 181 6
3648 137 182 9
3649 137 183 6
3650 137 186 1
3651 137 190 5
3652 137 191 5
3653 137 192 3
3654 137 194 4
3655 137 195 6
3656 137 196 1
3657 138 139 2
3658 138 140 7
3659 138 141 2
3660 138 145 1
3661 138 150 9
3662 138 151 9
3663 138 152 5
3664 138 154 7
3665 138 156 1
3666 138 160 8
3667 138 165 4
3668 138 172 9
3669 138 175 6
3670 138 177 2
3671 138 182 4
3672 138 183 1
3673 138 192 9
3674 138 196 1
3675 138 199 6
3676 139 144 3
3677 139 150 3
3678 139 155 7
3679 139 176 7
3680 139 178 3
3681 139 181 2
3682 139 184 9
3683 139 185 6
3684 139 187 2
3685 139 188 7
3686 139 193 1
3687 140 141 10
3688 140 147 5
3689 140 158 9
3690 140 161 1
3691 140 162 5
3692 140 163 3
3693 140 177 10
3694 140 178 10
3695 140 187 5
3696 140 189 2
3697 140 195 1
3698 141 143 1
3699 141 145 10
3700 141 147 3
3701 141 152 9
3702 141 157 1
3703 141 158 4
3704 141 159 3
3705 141 171 9
3706 141 172 3
3707 141 178 3
3708 141 179 6
3709 141 181 8
3710 141 185 9
3711 141 199 5
3712 142 148 1
3713 142 153 6
3714 142 161 10
3715 142 166 4
3716 142 169 5
3717 142 183 4
3718 142 194 2
3719 142 197 7
3720 143 145 6
3721 143 147 8
3722 143 151 5
3723 143 154 7
3724 143 156 8
3725 143 171 4
3726 143 175 5
3727 143 179 2
3728 143 182 2
3729 143 195 2
3730 143 198 6
3731 144 147 7
3732 144 158 10
3733 144 164 7
3734 144 165 7
3735 144 166 6
3736 144 168 7
3737 144 170 3
3738 144 175 3
3739 144 177 7
3740 144 193 10
3741 144 197 6
3742 145 147 3
3743 145 150 10
3744 145 154 6
3745 145 156 6
3746 145 159 1
3747 145 171 1
3748 145 176 8
3749 145 179 2
3750 145 181 3
3751 145 189 8
3752 146 147 10
3753 146 148 1
3754 146 160 1
3755 146 177 2
3756 146 181 3
3757 146 186 3
3758 146 187 9
3759 146 189 6
3760 146 191 7
3761 146 192 1
3762 146 193 3
3763 146 197 5
3764 147 148 10
3765 147 162 9
3766 147 166 3
3767 147 170 10
3768 147 171 4
3769 147 181 2
3770 147 184 9
3771 147 186 1
3772 147 190 6
3773 147 195 10
3774 147 198 1
3775 148 150 1
3776 148 153 10
3777 148 158 7
3778 148 166 7
3779 148 171 5
3780 148 182 7
3781 148 184 2
3782 148 189 2
3783 148 190 9
3784 148 193 10
3785 149 154 7
3786 149 160 8
3787 149 165 3
3788 149 167 8
3789 149 171 5
3790 149 181 3
3791 149 183 7
3792 149 185 2
3793 149 187 2
3794 149 194 1
3795 150 152 9
3796 150 158 4
3797 150 181 8
3798 150 193 3
3799 150 195 6
3800 150 196 6
3801 150 197 2
3802 151 155 1
3803 151 162 7
3804 151 167 1
3805 151 168 7
3806 151 179 10
3807 151 182 6
3808 151 187 1
3809 151 188 3
3810 151 194 5
3811 152 155 9
3812 152 159 10
3813 152 165 4
3814 152 167 8
3815 152 173 3
3816 152 178 5
3817 152 182 10
3818 152 188 1
3819 152 189 10
3820 152 192 4
3821 153 155 10
3822 153 159 8
3823 153 161 8
3824 153 164 5
3825 153 167 8
3826 153 174 4
3827 153 175 5
3828 153 177 6
3829 153 178 7
3830 153 183 7
3831 153 188 10
3832 153 189 2
3833 153 192 8
3834 153 194 9
3835 154 156 5
3836 154 159 9
3837 154 165 9
3838 154 167 6
3839 154 171 5
3840 154 175 6
3841 154 179 10
3842 154 187 6
3843 154 191 5
3844 154 198 1
3845 155 156 9
3846 155 163 4
3847 155 173 5
3848 155 186 3
3849 155 188 7
3850 155 189 6
3851 155 193 6
3852 155 196 10
3853 155 197 9
3854 156 163 2
3855 156 164 7
3856 156 167 2
3857 156 174 6
3858 156 177 7
3859 156 179 7
3860 156 186 9
3861 157 158 7
3862 157 159 1
3863 157 166 9
3864 157 169 3
3865 157 181 10
3866 157 185 3
3867 157 188 6
3868 157 195 7
3869 157 196 8
3870 157 198 4
3871 158 163 10
3872 158 171 8
3873 158 173 7
3874 158 174 7
3875 158 176 8
3876 158 178 4
3877 158 183 1
3878 158 187 9
3879 158 193 8
3880 159 163 5
3881 159 171 8
3882 159 174 2
3883 159 177 3
3884 159 188 3
3885 159 191 4
3886 159 193 3
3887 159 197 8
3888 160 162 4
3889 160 168 2
3890 160 169 8
3891 160 173 6
3892 160 176 7
3893 160 177 10
3894 160 179 5
3895 160 185 3
3896 160 191 1
3897 160 198 10
3898 160 199 10
3899 161 165 2
3900 161 166 4
3901 161 175 2
3902 161 177 8
3903 161 182 4
3904 161 184 9
3905 161 195 9
3906 161 196 5
3907 161 198 5
3908 162 163 2
3909 162 164 1
3910 162 168 9
3911 162 173 9
3912 162 174 4
3913 162 179 1
3914 162 182 7
3915 162 188 1
3916 162 191 4
3917 162 193 3
3918 162 195 10
3919 163 164 2
3920 163 179 10
3921 163 181 5
3922 163 187 3
3923 163 190 10
3924 163 194 3
3925 163 199 9
3926 164 174 8
3927 164 177 1
3928 164 178 10
3929 164 184 10
3930 164 185 5
3931 164 193 3
3932 165 169 2
3933 165 175 7
3934 165 180 1
3935 165 183 2
3936 165 186 2
3937 165 187 6
3938 165 192 4
3939 165 195 6
3940 165 197 7
3941 166 167 6
3942 166 176 8
3943 166 198 1
3944 166 199 3
3945 167 173 1
3946 167 177 2
3947 167 183 9
3948 167 188 10
3949 167 194 7
3950 168 175 7
3951 168 180 3
3952 168 185 5
3953 168 192 2
3954 168 198 7
3955 169 171 7
3956 169 176 5
3957 169 184 2
3958 169 192 1
3959 169 193 3
3960 169 197 6
3961 169 198 2
3962 169 199 3
3963 170 180 8
3964 170 186 7
3965 170 188 6
3966 170 197 9
3967 170 199 3
3968 171 184 1
3969 171 187 10
3970 171 197 7
3971 172 181 7
3972 172 186 1
3973 172 192 9
3974 172 195 1
3975 172 198 10
3976 173 175 7
3977 173 177 10
3978 173 188 3
3979 173 193 1
3980 173 195 4
3981 173 196 4
3982 174 175 6
3983 174 176 3
3984 175 178 7
3985 175 182 5
3986 175 183 8
3987 175 184 7
3988 175 194 6
3989 175 196 5
3990 176 184 9
3991 176 189 8
3992 176 196 8
3993 176 198 5
3994 177 183 4
3995 177 187 5
3996 177 188 8
3997 177 190 5
3998 177 192 7
3999 178 185 2
4000 178 186 10
4001 178 192 7
4002 179 180 1
4003 179 184 6
4004 179 197 7
4005 179 199 6
4006 180 185 8
4007 180 187 8
4008 180 197 4
4009 180 199 6
4010 181 184 10
4011 181 190 5
4012 181 192 5
4013 182 189 9
4014 183 198 6
4015 184 187 2
4016 184 189 8
4017 184 192 8
4018 184 193 6
4019 184 194 2
4020 185 186 4
4021 186 187 2
4022 186 189 4
4023 186 198 5
4024 187 192 9
4025 187 195 7
4026 189 193 4
4027 190 191 6
4028 190 194 1
4029 190 195 7
4030 191 193 4
4031 191 195 3
4032 192 196 7
4033 193 197 6
4034 193 198 8
4035 195 196 6
