200 4000 50 10
0 10
1 9
2 1
3 2
4 4
5 7
6 2
7 8
8 2
9 1
10 1
11 2
12 10
13 4
14 2
15 5
16 3
17 3
18 7
19 10
20 9
21 9
22 9
23 9
24 8
25 7
26 7
27 1
28 2
29 1
30 7
31 8
32 7
33 9
34 9
35 5
36 8
37 9
38 9
39 3
40 3
41 8
42 9
43 1
44 7
45 3
46 8
47 4
48 8
49 1
50 9
51 1
52 4
53 9
54 6
55 8
56 4
57 8
58 9
59 3
60 9
61 6
62 10
63 3
64 5
65 3
66 8
67 5
68 10
69 3
70 6
71 6
72 2
73 9
74 2
75 9
76 9
77 3
78 7
79 10
80 10
81 2
82 4
83 3
84 10
85 10
86 5
87 1
88 2
89 3
90 8
91 7
92 8
93 7
94 9
95 5
96 4
97 8
98 5
99 6
100 3
101 10
102 1
103 1
104 6
105 10
106 1
107 2
108 4
109 5
110 10
111 6
112 10
113 10
114 2
115 8
116 2
117 5
118 9
119 2
120 2
121 8
122 6
123 2
124 9
125 8
126 5
127 8
128 10
129 8
130 2
131 2
132 10
133 5
134 5
135 6
136 9
137 7
138 8
139 4
140 9
141 4
142 8
143 1
144 8
145 4
146 5
147 1
148 8
149 8
150 5
151 7
152 9
153 7
154 1
155 6
156 3
157 9
158 2
159 3
160 6
161 9
162 3
163 4
164 1
165 3
166 8
167 6
168 2
169 1
170 1
171 4
172 9
173 3
174 7
175 8
176 6
177 6
178 8
179 10
180 3
181 7
182 10
183 2
184 6
185 4
186 4
187 9
188 1
189 6
190 1
191 1
192 10
193 7
194 4
195 5
196 2
197 4
198 8
199 1
0 0 3 32
1 0 5 10
2 0 10 16
3 0 11 10
4 0 12 36
5 0 15 46
6 0 24 8
7 0 26 3
8 0 28 12
9 0 30 16
10 0 32 19
11 0 35 41
12 0 50 6
13 0 51 48
14 0 52 39
15 0 55 44
16 0 64 45
17 0 66 15
18 0 67 3
19 0 69 7
20 0 79 12
21 0 83 47
22 0 87 48
23 0 96 45
24 0 100 3
25 0 110 14
26 0 111 8
27 0 121 43
28 0 122 9
29 0 129 43
30 0 132 2
31 0 133 5
32 0 134 23
33 0 136 6
34 0 142 40
35 0 144 21
36 0 150 24
37 0 154 8
38 0 155 7
39 0 158 20
40 0 164 26
41 0 175 25
42 0 176 31
43 0 177 42
44 0 183 28
45 0 185 46
46 0 192 14
47 0 197 41
48 0 198 46
49 1 3 40
50 1 20 5
51 1 21 30
52 1 25 45
53 1 27 38
54 1 31 36
55 1 37 45
56 1 39 19
57 1 45 25
58 1 51 25
59 1 54 7
60 1 55 26
61 1 58 10
62 1 62 14
63 1 64 15
64 1 70 37
65 1 71 6
66 1 79 44
67 1 84 40
68 1 87 20
69 1 108 35
70 1 117 41
71 1 118 31
72 1 124 31
73 1 134 12
74 1 148 29
75 1 154 48
76 1 156 37
77 1 160 14
78 1 163 29
79 1 165 23
80 1 176 48
81 1 178 31
82 1 183 40
83 1 194 43
84 1 197 23
85 1 198 27
86 2 11 50
87 2 17 36
88 2 25 33
89 2 28 44
90 2 29 45
91 2 32 39
92 2 34 34
93 2 46 22
94 2 47 48
95 2 52 7
96 2 61 14
97 2 64 6
98 2 69 2
99 2 71 49
100 2 76 44
101 2 77 22
102 2 84 48
103 2 93 8
104 2 109 24
105 2 111 39
106 2 114 28
107 2 119 41
108 2 125 24
109 2 128 6
110 2 135 5
111 2 142 5
112 2 145 44
113 2 146 13
114 2 150 31
115 2 153 41
116 2 156 25
117 2 174 36
118 2 175 12
119 2 180 11
120 2 183 19
121 2 188 31
122 2 193 13
123 2 197 18
124 3 4 25
125 3 10 33
126 3 13 9
127 3 15 29
128 3 17 5
129 3 23 8
130 3 30 29
131 3 34 37
132 3 35 49
133 3 36 32
134 3 40 7
135 3 44 5
136 3 54 4
137 3 68 22
138 3 69 18
139 3 70 24
140 3 78 29
141 3 84 28
142 3 86 30
143 3 94 44
144 3 103 11
145 3 108 50
146 3 110 9
147 3 114 4
148 3 123 18
149 3 124 7
150 3 132 46
151 3 133 50
152 3 136 28
153 3 140 13
154 3 142 3
155 3 152 26
156 3 156 2
157 3 159 31
158 3 161 43
159 3 173 41
160 3 174 28
161 3 175 8
162 3 180 46
163 3 184 50
164 3 193 1
165 4 8 5
166 4 16 11
167 4 23 3
168 4 25 36
169 4 32 2
170 4 33 16
171 4 35 25
172 4 40 33
173 4 49 13
174 4 51 25
175 4 52 18
176 4 53 45
177 4 54 31
178 4 57 5
179 4 62 45
180 4 63 2
181 4 64 34
182 4 70 3
183 4 73 16
184 4 74 31
185 4 86 35
186 4 87 24
187 4 90 33
188 4 94 49
189 4 103 15
190 4 109 22
191 4 121 43
192 4 127 20
193 4 128 14
194 4 136 39
195 4 139 5
196 4 150 9
197 4 167 35
198 4 168 12
199 4 176 45
200 4 179 21
201 4 180 45
202 4 182 43
203 4 184 24
204 4 191 40
205 4 193 39
206 4 195 29
207 4 198 32
208 5 8 48
209 5 12 36
210 5 13 2
211 5 17 28
212 5 20 23
213 5 23 10
214 5 29 33
215 5 33 34
216 5 36 47
217 5 39 10
218 5 40 33
219 5 42 33
220 5 44 4
221 5 45 8
222 5 46 5
223 5 49 39
224 5 55 43
225 5 64 47
226 5 66 39
227 5 68 7
228 5 81 32
229 5 82 38
230 5 93 27
231 5 94 27
232 5 98 29
233 5 107 45
234 5 109 40
235 5 117 44
236 5 119 44
237 5 134 39
238 5 142 36
239 5 147 33
240 5 151 12
241 5 153 35
242 5 155 14
243 5 160 49
244 5 161 18
245 5 162 13
246 5 165 25
247 5 171 48
248 5 173 12
249 5 174 32
250 5 177 13
251 5 187 50
252 5 188 1
253 5 193 16
254 5 195 17
255 6 8 46
256 6 10 15
257 6 14 5
258 6 17 42
259 6 19 18
260 6 25 23
261 6 34 29
262 6 39 16
263 6 40 50
264 6 45 7
265 6 50 31
266 6 52 19
267 6 57 24
268 6 61 11
269 6 72 18
270 6 74 9
271 6 78 47
272 6 83 17
273 6 86 5
274 6 91 20
275 6 93 11
276 6 94 8
277 6 96 39
278 6 101 49
279 6 111 18
280 6 115 43
281 6 134 35
282 6 140 3
283 6 146 34
284 6 153 17
285 6 154 37
286 6 158 1
287 6 169 10
288 6 183 35
289 6 185 46
290 6 187 33
291 6 189 43
292 6 196 33
293 7 10 47
294 7 15 32
295 7 19 4
296 7 20 42
297 7 21 10
298 7 23 7
299 7 37 14
300 7 39 16
301 7 43 47
302 7 52 41
303 7 53 17
304 7 63 42
305 7 66 46
306 7 76 23
307 7 88 1
308 7 96 11
309 7 99 25
310 7 101 30
311 7 108 29
312 7 120 16
313 7 138 49
314 7 140 7
315 7 147 3
316 7 167 29
317 7 169 20
318 7 170 41
319 7 172 48
320 7 175 49
321 7 176 41
322 7 177 21
323 7 181 3
324 7 186 7
325 7 197 34
326 8 14 16
327 8 26 2
328 8 28 11
329 8 30 33
330 8 32 32
331 8 33 18
332 8 34 34
333 8 36 27
334 8 37 31
335 8 50 12
336 8 51 27
337 8 55 25
338 8 57 50
339 8 64 14
340 8 70 33
341 8 75 48
342 8 76 10
343 8 80 29
344 8 84 2
345 8 90 19
346 8 93 29
347 8 99 24
348 8 101 39
349 8 109 31
350 8 113 14
351 8 135 32
352 8 140 18
353 8 142 23
354 8 149 19
355 8 151 9
356 8 160 9
357 8 180 10
358 8 183 20
359 8 190 31
360 8 197 38
361 8 199 6
362 9 18 12
363 9 23 34
364 9 35 9
365 9 36 7
366 9 37 13
367 9 38 49
368 9 64 49
369 9 73 15
370 9 75 33
371 9 77 48
372 9 78 33
373 9 79 47
374 9 82 4
375 9 85 48
376 9 93 12
377 9 100 35
378 9 105 22
379 9 106 45
380 9 109 33
381 9 121 22
382 9 131 11
383 9 146 32
384 9 147 26
385 9 154 4
386 9 155 41
387 9 158 46
388 9 159 22
389 9 163 25
390 9 167 6
391 9 174 8
392 9 180 30
393 9 181 15
394 9 191 43
395 9 194 23
396 9 199 48
397 10 12 41
398 10 21 14
399 10 22 32
400 10 31 18
401 10 40 44
402 10 43 49
403 10 47 49
404 10 51 11
405 10 54 23
406 10 83 30
407 10 85 7
408 10 90 16
409 10 95 15
410 10 96 25
411 10 98 15
412 10 107 32
413 10 112 29
414 10 114 6
415 10 121 39
416 10 130 20
417 10 131 17
418 10 136 11
419 10 140 18
420 10 151 23
421 10 154 34
422 10 156 20
423 10 169 46
424 10 181 21
425 10 182 28
426 10 185 3
427 10 186 46
428 10 187 10
429 10 196 37
430 10 199 6
431 11 21 1
432 11 26 46
433 11 38 25
434 11 43 13
435 11 46 33
436 11 61 48
437 11 65 23
438 11 71 49
439 11 73 5
440 11 79 11
441 11 86 3
442 11 88 39
443 11 91 27
444 11 99 10
445 11 100 14
446 11 108 14
447 11 115 45
448 11 122 20
449 11 128 9
450 11 140 21
451 11 148 39
452 11 152 3
453 11 159 16
454 11 165 41
455 11 170 21
456 11 174 1
457 11 177 50
458 11 180 29
459 11 182 11
460 11 183 32
461 11 193 22
462 11 196 40
463 12 16 5
464 12 18 43
465 12 29 43
466 12 33 34
467 12 35 5
468 12 37 48
469 12 42 21
470 12 50 7
471 12 70 22
472 12 79 31
473 12 80 36
474 12 87 13
475 12 89 32
476 12 96 9
477 12 101 41
478 12 106 20
479 12 111 18
480 12 112 50
481 12 113 41
482 12 138 41
483 12 148 37
484 12 163 50
485 12 171 7
486 12 172 1
487 12 173 31
488 12 179 43
489 12 184 15
490 12 187 25
491 12 188 21
492 12 195 38
493 13 19 17
494 13 26 17
495 13 35 1
496 13 39 44
497 13 42 50
498 13 43 43
499 13 45 42
500 13 47 28
501 13 48 30
502 13 50 2
503 13 56 8
504 13 59 11
505 13 62 11
506 13 64 35
507 13 71 49
508 13 85 37
509 13 88 44
510 13 92 30
511 13 94 50
512 13 99 18
513 13 105 26
514 13 113 29
515 13 115 28
516 13 117 31
517 13 119 10
518 13 121 34
519 13 130 39
520 13 132 5
521 13 135 39
522 13 141 10
523 13 147 36
524 13 152 28
525 13 155 50
526 13 156 2
527 13 159 25
528 13 166 35
529 13 169 40
530 13 171 39
531 13 173 6
532 13 178 26
533 13 195 16
534 14 16 39
535 14 22 44
536 14 25 21
537 14 47 33
538 14 49 6
539 14 52 38
540 14 56 12
541 14 62 6
542 14 65 45
543 14 67 1
544 14 69 4
545 14 73 10
546 14 75 23
547 14 83 32
548 14 87 34
549 14 91 11
550 14 92 13
551 14 95 28
552 14 110 33
553 14 113 13
554 14 116 35
555 14 128 20
556 14 136 32
557 14 137 3
558 14 138 23
559 14 140 22
560 14 146 2
561 14 147 16
562 14 149 26
563 14 152 34
564 14 163 50
565 14 166 26
566 14 167 40
567 14 170 13
568 14 177 44
569 14 179 29
570 14 180 42
571 14 182 47
572 14 185 13
573 14 187 21
574 14 192 39
575 15 17 5
576 15 19 21
577 15 23 2
578 15 24 11
579 15 25 37
580 15 28 21
581 15 34 4
582 15 40 29
583 15 51 43
584 15 53 26
585 15 57 11
586 15 62 50
587 15 74 19
588 15 76 28
589 15 82 48
590 15 86 42
591 15 87 28
592 15 91 1
593 15 93 37
594 15 96 27
595 15 97 1
596 15 98 38
597 15 103 18
598 15 106 33
599 15 109 5
600 15 110 17
601 15 111 9
602 15 114 44
603 15 116 34
604 15 117 31
605 15 126 29
606 15 128 3
607 15 129 19
608 15 135 23
609 15 136 45
610 15 141 36
611 15 154 13
612 15 155 31
613 15 158 40
614 15 170 23
615 15 171 11
616 15 173 44
617 15 187 27
618 15 197 23
619 15 198 30
620 16 17 21
621 16 18 23
622 16 26 27
623 16 29 15
624 16 30 13
625 16 32 44
626 16 34 32
627 16 35 46
628 16 44 24
629 16 64 8
630 16 66 35
631 16 74 27
632 16 87 29
633 16 89 47
634 16 96 12
635 16 97 48
636 16 104 8
637 16 111 22
638 16 113 15
639 16 117 47
640 16 118 38
641 16 122 27
642 16 139 39
643 16 142 31
644 16 144 18
645 16 146 21
646 16 155 36
647 16 156 24
648 16 160 26
649 16 162 16
650 16 171 7
651 16 176 25
652 16 177 40
653 16 180 13
654 16 181 20
655 16 187 42
656 16 193 35
657 16 196 45
658 17 22 8
659 17 23 29
660 17 27 43
661 17 30 9
662 17 31 49
663 17 40 13
664 17 43 46
665 17 47 27
666 17 55 50
667 17 56 35
668 17 64 6
669 17 68 36
670 17 69 16
671 17 88 45
672 17 94 6
673 17 102 7
674 17 106 43
675 17 119 2
676 17 120 15
677 17 123 46
678 17 125 34
679 17 138 36
680 17 145 29
681 17 151 2
682 17 152 29
683 17 153 23
684 17 154 22
685 17 169 25
686 17 172 8
687 17 174 37
688 17 180 44
689 17 181 41
690 17 188 18
691 17 194 43
692 17 197 44
693 18 19 17
694 18 20 27
695 18 26 39
696 18 29 48
697 18 41 35
698 18 46 30
699 18 54 6
700 18 55 46
701 18 56 29
702 18 59 27
703 18 66 4
704 18 68 24
705 18 71 26
706 18 72 8
707 18 80 18
708 18 82 7
709 18 90 18
710 18 104 40
711 18 112 38
712 18 116 5
713 18 120 4
714 18 121 25
715 18 123 22
716 18 127 46
717 18 130 19
718 18 134 40
719 18 135 11
720 18 136 8
721 18 144 8
722 18 151 4
723 18 154 20
724 18 158 19
725 18 161 19
726 18 166 11
727 18 170 47
728 18 179 47
729 18 181 12
730 18 182 48
731 18 193 47
732 19 23 7
733 19 24 1
734 19 26 44
735 19 27 39
736 19 30 29
737 19 31 43
738 19 38 46
739 19 48 34
740 19 50 37
741 19 54 14
742 19 55 33
743 19 68 27
744 19 72 28
745 19 83 24
746 19 90 11
747 19 99 28
748 19 105 27
749 19 107 21
750 19 111 17
751 19 127 25
752 19 129 10
753 19 131 24
754 19 137 22
755 19 138 11
756 19 140 13
757 19 141 11
758 19 160 18
759 19 164 40
760 19 168 14
761 19 172 4
762 19 184 11
763 19 192 11
764 19 194 26
765 20 21 31
766 20 36 27
767 20 37 8
768 20 47 13
769 20 51 34
770 20 53 16
771 20 56 35
772 20 58 46
773 20 69 1
774 20 74 2
775 20 77 17
776 20 79 18
777 20 93 1
778 20 94 45
779 20 95 28
780 20 98 30
781 20 115 26
782 20 118 44
783 20 119 18
784 20 122 24
785 20 126 16
786 20 127 13
787 20 134 5
788 20 136 1
789 20 138 3
790 20 140 13
791 20 141 17
792 20 143 5
793 20 149 35
794 20 152 36
795 20 153 33
796 20 158 21
797 20 160 30
798 20 162 26
799 20 166 43
800 20 167 18
801 20 183 37
802 20 189 2
803 20 195 1
804 20 196 9
805 21 32 13
806 21 41 7
807 21 48 9
808 21 51 27
809 21 55 43
810 21 61 12
811 21 68 11
812 21 71 47
813 21 73 7
814 21 77 50
815 21 87 33
816 21 95 20
817 21 98 34
818 21 100 12
819 21 110 40
820 21 118 5
821 21 122 34
822 21 123 13
823 21 134 47
824 21 138 7
825 21 145 32
826 21 148 13
827 21 152 40
828 21 155 38
829 21 156 31
830 21 158 14
831 21 160 35
832 21 162 12
833 21 166 18
834 21 168 23
835 21 171 32
836 21 177 16
837 21 181 4
838 21 182 10
839 22 24 26
840 22 25 21
841 22 27 42
842 22 30 5
843 22 32 12
844 22 34 26
845 22 38 39
846 22 39 27
847 22 40 36
848 22 41 38
849 22 43 31
850 22 47 38
851 22 48 28
852 22 58 38
853 22 61 37
854 22 69 6
855 22 70 38
856 22 81 3
857 22 96 48
858 22 107 1
859 22 112 30
860 22 113 8
861 22 114 49
862 22 119 40
863 22 134 32
864 22 137 8
865 22 138 42
866 22 158 3
867 22 168 5
868 22 172 1
869 22 173 50
870 22 177 37
871 22 181 44
872 22 184 32
873 22 185 30
874 22 195 40
875 22 197 50
876 23 24 36
877 23 32 18
878 23 43 48
879 23 45 38
880 23 65 47
881 23 78 40
882 23 79 42
883 23 82 43
884 23 84 47
885 23 88 30
886 23 89 2
887 23 98 25
888 23 103 9
889 23 111 4
890 23 113 50
891 23 115 6
892 23 122 5
893 23 128 1
894 23 141 23
895 23 143 7
896 23 146 49
897 23 147 5
898 23 153 7
899 23 154 21
900 23 157 28
901 23 158 4
902 23 160 31
903 23 170 32
904 23 183 5
905 23 187 42
906 23 198 38
907 24 31 46
908 24 42 19
909 24 43 44
910 24 46 23
911 24 49 44
912 24 53 12
913 24 56 3
914 24 60 11
915 24 81 49
916 24 82 39
917 24 83 33
918 24 91 34
919 24 95 36
920 24 109 38
921 24 111 36
922 24 112 25
923 24 118 22
924 24 120 30
925 24 121 21
926 24 126 28
927 24 137 32
928 24 139 9
929 24 140 50
930 24 141 40
931 24 152 5
932 24 155 50
933 24 163 26
934 24 167 9
935 24 170 46
936 24 173 32
937 24 185 46
938 25 30 37
939 25 31 17
940 25 32 36
941 25 35 32
942 25 44 37
943 25 59 29
944 25 62 21
945 25 63 18
946 25 69 31
947 25 77 16
948 25 82 9
949 25 87 22
950 25 94 26
951 25 102 6
952 25 107 19
953 25 117 5
954 25 118 8
955 25 123 11
956 25 126 40
957 25 134 11
958 25 136 35
959 25 140 37
960 25 141 24
961 25 148 34
962 25 152 46
963 25 156 13
964 25 158 46
965 25 167 28
966 25 171 16
967 25 187 14
968 25 189 50
969 25 194 5
970 25 195 45
971 26 30 10
972 26 37 17
973 26 49 10
974 26 52 3
975 26 55 49
976 26 57 26
977 26 63 9
978 26 64 14
979 26 66 2
980 26 75 9
981 26 79 34
982 26 81 48
983 26 82 17
984 26 87 7
985 26 88 17
986 26 100 14
987 26 113 25
988 26 114 27
989 26 117 31
990 26 118 38
991 26 121 32
992 26 125 31
993 26 126 27
994 26 127 22
995 26 129 43
996 26 132 39
997 26 137 44
998 26 142 11
999 26 146 30
1000 26 160 36
1001 26 166 46
1002 26 169 40
1003 26 171 32
1004 26 173 50
1005 26 176 43
1006 26 177 46
1007 26 182 47
1008 26 186 18
1009 26 187 39
1010 26 189 48
1011 26 194 13
1012 26 195 49
1013 26 199 28
1014 27 32 1
1015 27 34 9
1016 27 53 45
1017 27 61 27
1018 27 71 36
1019 27 75 5
1020 27 76 30
1021 27 77 10
1022 27 86 4
1023 27 89 3
1024 27 99 39
1025 27 103 24
1026 27 106 38
1027 27 115 50
1028 27 116 4
1029 27 122 19
1030 27 123 48
1031 27 127 27
1032 27 131 11
1033 27 134 20
1034 27 147 4
1035 27 168 27
1036 27 172 2
1037 27 183 47
1038 27 190 33
1039 27 194 40
1040 28 35 27
1041 28 38 31
1042 28 42 3
1043 28 45 50
1044 28 56 36
1045 28 57 29
1046 28 64 23
1047 28 67 15
1048 28 80 35
1049 28 90 7
1050 28 93 35
1051 28 105 28
1052 28 108 7
1053 28 112 34
1054 28 119 2
1055 28 121 33
1056 28 122 14
1057 28 127 9
1058 28 131 36
1059 28 134 21
1060 28 136 24
1061 28 140 18
1062 28 141 6
1063 28 149 19
1064 28 153 40
1065 28 154 45
1066 28 171 47
1067 28 182 22
1068 28 195 14
1069 29 33 33
1070 29 34 45
1071 29 35 40
1072 29 36 37
1073 29 43 18
1074 29 47 37
1075 29 50 45
1076 29 54 18
1077 29 60 49
1078 29 67 37
1079 29 78 11
1080 29 79 43
1081 29 84 50
1082 29 85 13
1083 29 91 13
1084 29 96 45
1085 29 104 36
1086 29 106 22
1087 29 108 9
1088 29 110 10
1089 29 112 24
1090 29 114 1
1091 29 120 5
1092 29 131 14
1093 29 132 20
1094 29 134 3
1095 29 147 20
1096 29 154 50
1097 29 155 16
1098 29 156 23
1099 29 159 24
1100 29 161 30
1101 29 176 11
1102 29 177 6
1103 29 178 46
1104 29 190 18
1105 29 197 28
1106 30 41 25
1107 30 44 32
1108 30 47 8
1109 30 50 40
1110 30 51 37
1111 30 60 47
1112 30 61 39
1113 30 62 40
1114 30 68 42
1115 30 77 40
1116 30 80 47
1117 30 86 23
1118 30 88 23
1119 30 95 43
1120 30 119 46
1121 30 122 17
1122 30 124 36
1123 30 132 33
1124 30 135 10
1125 30 137 28
1126 30 138 16
1127 30 140 50
1128 30 143 27
1129 30 146 26
1130 30 152 21
1131 30 162 37
1132 30 169 13
1133 30 170 8
1134 30 174 31
1135 30 176 47
1136 30 184 40
1137 30 185 11
1138 30 186 48
1139 30 191 13
1140 30 194 1
1141 31 35 24
1142 31 44 25
1143 31 64 37
1144 31 73 32
1145 31 83 45
1146 31 84 40
1147 31 89 1
1148 31 90 36
1149 31 92 39
1150 31 97 14
1151 31 100 40
1152 31 124 11
1153 31 130 36
1154 31 135 24
1155 31 136 42
1156 31 149 34
1157 31 151 11
1158 31 152 7
1159 31 155 20
1160 31 157 30
1161 31 160 1
1162 31 179 13
1163 31 198 26
1164 32 41 29
1165 32 42 25
1166 32 43 29
1167 32 46 7
1168 32 49 37
1169 32 57 26
1170 32 58 9
1171 32 60 18
1172 32 70 27
1173 32 73 3
1174 32 76 36
1175 32 78 22
1176 32 79 30
1177 32 81 41
1178 32 89 27
1179 32 91 49
1180 32 94 23
1181 32 106 3
1182 32 108 34
1183 32 119 23
1184 32 143 26
1185 32 148 33
1186 32 152 42
1187 32 167 45
1188 32 192 5
1189 32 193 20
1190 32 194 47
1191 32 198 7
1192 33 40 36
1193 33 46 8
1194 33 48 9
1195 33 52 14
1196 33 53 35
1197 33 54 29
1198 33 56 36
1199 33 62 8
1200 33 74 8
1201 33 75 19
1202 33 94 23
1203 33 95 29
1204 33 96 34
1205 33 98 23
1206 33 110 43
1207 33 112 18
1208 33 128 14
1209 33 129 3
1210 33 131 8
1211 33 138 4
1212 33 158 4
1213 33 161 16
1214 33 164 11
1215 33 165 10
1216 33 174 32
1217 33 175 24
1218 33 176 20
1219 33 177 49
1220 33 187 39
1221 33 192 47
1222 33 195 44
1223 33 197 36
1224 34 35 31
1225 34 48 34
1226 34 52 38
1227 34 53 23
1228 34 56 21
1229 34 65 14
1230 34 73 30
1231 34 86 49
1232 34 89 27
1233 34 92 42
1234 34 95 35
1235 34 96 10
1236 34 99 8
1237 34 101 6
1238 34 110 30
1239 34 117 45
1240 34 118 19
1241 34 122 6
1242 34 128 47
1243 34 137 30
1244 34 142 25
1245 34 143 4
1246 34 146 48
1247 34 148 19
1248 34 156 26
1249 34 157 16
1250 34 159 15
1251 34 164 22
1252 34 165 39
1253 34 166 22
1254 34 175 26
1255 34 182 8
1256 34 183 40
1257 34 194 17
1258 34 196 49
1259 34 198 1
1260 35 37 20
1261 35 40 46
1262 35 41 31
1263 35 53 6
1264 35 58 19
1265 35 61 15
1266 35 62 5
1267 35 66 41
1268 35 75 40
1269 35 82 24
1270 35 89 26
1271 35 91 34
1272 35 93 10
1273 35 107 20
1274 35 110 32
1275 35 118 50
1276 35 124 23
1277 35 126 37
1278 35 129 31
1279 35 138 49
1280 35 144 7
1281 35 145 33
1282 35 148 48
1283 35 149 20
1284 35 154 1
1285 35 157 21
1286 35 159 23
1287 35 161 43
1288 35 167 39
1289 35 170 45
1290 35 175 1
1291 35 176 29
1292 35 180 21
1293 35 185 46
1294 35 187 48
1295 35 188 24
1296 35 192 36
1297 35 194 43
1298 35 195 38
1299 35 197 20
1300 35 198 31
1301 36 38 8
1302 36 44 27
1303 36 50 20
1304 36 51 1
1305 36 58 7
1306 36 70 25
1307 36 74 29
1308 36 77 32
1309 36 86 2
1310 36 92 34
1311 36 97 1
1312 36 99 7
1313 36 118 49
1314 36 133 31
1315 36 134 48
1316 36 137 25
1317 36 138 33
1318 36 143 39
1319 36 147 3
1320 36 151 29
1321 36 155 17
1322 36 156 10
1323 36 157 2
1324 36 162 20
1325 36 163 23
1326 36 171 16
1327 36 174 27
1328 36 176 28
1329 36 181 33
1330 36 184 34
1331 36 188 50
1332 36 191 26
1333 36 194 48
1334 36 197 37
1335 36 199 49
1336 37 38 44
1337 37 47 6
1338 37 64 46
1339 37 82 20
1340 37 84 22
1341 37 89 37
1342 37 97 6
1343 37 102 13
1344 37 104 11
1345 37 112 44
1346 37 115 33
1347 37 117 41
1348 37 118 19
1349 37 144 1
1350 37 147 7
1351 37 148 25
1352 37 149 18
1353 37 154 45
1354 37 156 39
1355 37 159 39
1356 37 163 5
1357 37 166 26
1358 37 184 41
1359 38 54 10
1360 38 58 30
1361 38 63 7
1362 38 64 20
1363 38 72 30
1364 38 73 46
1365 38 80 29
1366 38 81 25
1367 38 84 38
1368 38 91 18
1369 38 97 32
1370 38 102 42
1371 38 110 39
1372 38 112 26
1373 38 122 28
1374 38 125 29
1375 38 126 50
1376 38 130 30
1377 38 133 11
1378 38 138 49
1379 38 140 50
1380 38 145 25
1381 38 149 15
1382 38 159 33
1383 38 163 25
1384 38 165 2
1385 38 168 24
1386 38 169 18
1387 38 174 10
1388 38 175 2
1389 38 178 3
1390 38 179 7
1391 38 186 24
1392 38 190 35
1393 38 197 13
1394 39 42 22
1395 39 47 21
1396 39 54 2
1397 39 60 19
1398 39 61 8
1399 39 68 38
1400 39 70 40
1401 39 75 20
1402 39 78 18
1403 39 79 5
1404 39 81 39
1405 39 86 33
1406 39 95 33
1407 39 105 42
1408 39 108 9
1409 39 111 37
1410 39 118 20
1411 39 122 18
1412 39 130 16
1413 39 131 14
1414 39 132 30
1415 39 139 4
1416 39 144 48
1417 39 146 19
1418 39 147 13
1419 39 157 31
1420 39 161 41
1421 39 162 20
1422 39 163 25
1423 39 170 7
1424 39 172 15
1425 39 177 27
1426 39 188 8
1427 39 199 24
1428 40 43 2
1429 40 47 29
1430 40 48 3
1431 40 54 31
1432 40 62 34
1433 40 67 41
1434 40 68 34
1435 40 77 32
1436 40 91 10
1437 40 93 14
1438 40 96 39
1439 40 98 34
1440 40 104 31
1441 40 108 29
1442 40 114 16
1443 40 115 3
1444 40 116 22
1445 40 120 48
1446 40 123 29
1447 40 125 7
1448 40 127 48
1449 40 138 17
1450 40 141 5
1451 40 144 11
1452 40 145 12
1453 40 146 37
1454 40 149 29
1455 40 158 2
1456 40 163 33
1457 40 170 37
1458 40 175 46
1459 40 181 31
1460 40 183 43
1461 40 194 46
1462 40 196 12
1463 40 199 27
1464 41 47 11
1465 41 48 4
1466 41 52 39
1467 41 55 48
1468 41 56 33
1469 41 66 13
1470 41 73 21
1471 41 79 45
1472 41 84 5
1473 41 92 37
1474 41 104 48
1475 41 112 33
1476 41 118 48
1477 41 122 4
1478 41 132 50
1479 41 134 9
1480 41 135 37
1481 41 153 13
1482 41 159 31
1483 41 160 21
1484 41 161 41
1485 41 163 45
1486 41 170 14
1487 41 183 36
1488 41 190 1
1489 41 194 39
1490 41 196 42
1491 42 53 49
1492 42 54 49
1493 42 56 43
1494 42 60 6
1495 42 61 48
1496 42 64 15
1497 42 67 44
1498 42 68 1
1499 42 69 1
1500 42 71 26
1501 42 74 5
1502 42 83 18
1503 42 91 22
1504 42 92 1
1505 42 93 39
1506 42 95 48
1507 42 97 39
1508 42 98 28
1509 42 100 3
1510 42 105 40
1511 42 109 27
1512 42 114 31
1513 42 115 1
1514 42 129 23
1515 42 133 42
1516 42 135 3
1517 42 139 25
1518 42 140 35
1519 42 145 24
1520 42 155 13
1521 42 159 25
1522 42 166 50
1523 42 185 27
1524 42 187 44
1525 42 188 47
1526 42 192 13
1527 42 196 19
1528 43 44 36
1529 43 47 5
1530 43 51 50
1531 43 52 8
1532 43 53 3
1533 43 57 25
1534 43 62 34
1535 43 63 19
1536 43 65 38
1537 43 67 45
1538 43 68 20
1539 43 75 23
1540 43 79 35
1541 43 82 40
1542 43 87 34
1543 43 105 10
1544 43 106 7
1545 43 109 25
1546 43 111 34
1547 43 114 26
1548 43 121 44
1549 43 122 11
1550 43 127 3
1551 43 129 21
1552 43 130 43
1553 43 133 4
1554 43 136 14
1555 43 140 43
1556 43 143 47
1557 43 150 40
1558 43 153 7
1559 43 160 2
1560 43 170 28
1561 43 182 48
1562 43 183 16
1563 43 188 20
1564 43 190 2
1565 43 191 23
1566 43 192 25
1567 44 49 30
1568 44 51 30
1569 44 55 10
1570 44 71 22
1571 44 72 1
1572 44 74 35
1573 44 76 10
1574 44 79 37
1575 44 81 21
1576 44 88 45
1577 44 90 28
1578 44 91 2
1579 44 92 50
1580 44 110 28
1581 44 111 48
1582 44 115 49
1583 44 120 41
1584 44 122 4
1585 44 125 17
1586 44 128 47
1587 44 129 19
1588 44 132 6
1589 44 135 32
1590 44 146 43
1591 44 155 1
1592 44 160 6
1593 44 168 32
1594 44 174 18
1595 44 177 1
1596 44 178 1
1597 44 181 26
1598 44 183 37
1599 44 184 50
1600 44 190 49
1601 45 46 36
1602 45 49 42
1603 45 53 23
1604 45 58 48
1605 45 61 13
1606 45 76 29
1607 45 88 8
1608 45 89 18
1609 45 96 45
1610 45 104 5
1611 45 109 6
1612 45 117 24
1613 45 122 43
1614 45 129 8
1615 45 133 27
1616 45 134 13
1617 45 135 22
1618 45 137 4
1619 45 149 38
1620 45 152 15
1621 45 160 25
1622 45 164 37
1623 45 167 41
1624 45 173 14
1625 45 174 38
1626 45 176 47
1627 45 177 32
1628 45 180 37
1629 45 183 45
1630 45 188 40
1631 45 189 17
1632 45 193 3
1633 45 195 49
1634 45 197 36
1635 46 51 13
1636 46 58 40
1637 46 59 15
1638 46 60 25
1639 46 62 26
1640 46 68 39
1641 46 70 29
1642 46 79 38
1643 46 83 12
1644 46 91 39
1645 46 92 4
1646 46 93 22
1647 46 105 37
1648 46 110 48
1649 46 112 42
1650 46 116 40
1651 46 117 23
1652 46 129 46
1653 46 137 14
1654 46 156 9
1655 46 167 49
1656 46 168 49
1657 46 173 25
1658 46 175 24
1659 46 176 38
1660 46 185 41
1661 46 186 12
1662 46 188 31
1663 46 189 14
1664 46 193 37
1665 46 195 6
1666 46 196 39
1667 46 198 34
1668 47 52 37
1669 47 56 8
1670 47 58 47
1671 47 62 46
1672 47 70 37
1673 47 73 42
1674 47 75 18
1675 47 79 40
1676 47 83 34
1677 47 85 3
1678 47 94 28
1679 47 101 17
1680 47 102 22
1681 47 103 8
1682 47 105 27
1683 47 106 15
1684 47 110 29
1685 47 112 38
1686 47 113 44
1687 47 114 46
1688 47 125 49
1689 47 127 26
1690 47 129 49
1691 47 133 36
1692 47 136 34
1693 47 151 42
1694 47 160 5
1695 47 168 31
1696 47 182 5
1697 47 187 49
1698 47 189 26
1699 47 193 37
1700 47 195 48
1701 47 196 43
1702 47 199 24
1703 48 49 1
1704 48 50 45
1705 48 62 9
1706 48 63 2
1707 48 66 37
1708 48 73 16
1709 48 79 48
1710 48 80 29
1711 48 84 14
1712 48 86 28
1713 48 100 44
1714 48 104 23
1715 48 108 38
1716 48 109 23
1717 48 117 49
1718 48 118 24
1719 48 120 24
1720 48 126 44
1721 48 142 44
1722 48 147 29
1723 48 148 3
1724 48 149 41
1725 48 152 33
1726 48 156 20
1727 48 159 43
1728 48 171 19
1729 48 175 25
1730 48 178 14
1731 48 181 40
1732 48 185 40
1733 49 50 36
1734 49 61 9
1735 49 70 40
1736 49 75 28
1737 49 76 13
1738 49 77 13
1739 49 96 10
1740 49 99 32
1741 49 102 2
1742 49 105 39
1743 49 107 37
1744 49 108 42
1745 49 115 42
1746 49 118 28
1747 49 119 46
1748 49 134 17
1749 49 136 37
1750 49 137 39
1751 49 143 30
1752 49 145 26
1753 49 147 19
1754 49 149 9
1755 49 166 40
1756 49 169 21
1757 49 175 46
1758 49 179 19
1759 49 182 11
1760 49 195 47
1761 49 197 8
1762 50 51 11
1763 50 59 50
1764 50 60 9
1765 50 67 43
1766 50 68 2
1767 50 72 39
1768 50 78 30
1769 50 82 22
1770 50 83 22
1771 50 91 49
1772 50 96 49
1773 50 108 21
1774 50 114 46
1775 50 115 27
1776 50 128 44
1777 50 130 36
1778 50 132 2
1779 50 136 29
1780 50 139 48
1781 50 140 50
1782 50 142 7
1783 50 143 10
1784 50 149 3
1785 50 150 33
1786 50 169 19
1787 50 170 16
1788 50 171 29
1789 50 174 3
1790 50 176 24
1791 50 178 6
1792 50 183 17
1793 50 189 15
1794 50 190 13
1795 51 55 13
1796 51 63 23
1797 51 69 11
1798 51 76 31
1799 51 83 40
1800 51 88 14
1801 51 89 39
1802 51 102 3
1803 51 122 47
1804 51 131 16
1805 51 132 32
1806 51 133 27
1807 51 167 6
1808 51 178 15
1809 51 179 26
1810 51 183 28
1811 51 185 15
1812 51 187 13
1813 51 194 3
1814 51 196 41
1815 52 53 11
1816 52 56 26
1817 52 59 9
1818 52 61 37
1819 52 64 34
1820 52 67 16
1821 52 71 26
1822 52 77 21
1823 52 78 36
1824 52 80 1
1825 52 83 12
1826 52 89 14
1827 52 100 16
1828 52 108 12
1829 52 109 26
1830 52 118 2
1831 52 122 46
1832 52 126 11
1833 52 128 33
1834 52 130 19
1835 52 134 42
1836 52 139 18
1837 52 145 49
1838 52 150 42
1839 52 154 13
1840 52 157 31
1841 52 164 22
1842 52 165 39
1843 52 172 18
1844 52 174 27
1845 52 184 9
1846 52 187 33
1847 52 194 27
1848 53 54 13
1849 53 66 45
1850 53 69 12
1851 53 71 44
1852 53 91 27
1853 53 92 15
1854 53 105 37
1855 53 107 7
1856 53 108 25
1857 53 111 28
1858 53 130 35
1859 53 132 8
1860 53 136 42
1861 53 139 29
1862 53 140 29
1863 53 145 9
1864 53 146 39
1865 53 147 12
1866 53 152 38
1867 53 156 35
1868 53 161 26
1869 53 167 8
1870 53 175 44
1871 53 179 3
1872 53 181 28
1873 53 182 12
1874 53 192 16
1875 54 56 15
1876 54 60 1
1877 54 63 21
1878 54 69 12
1879 54 70 22
1880 54 73 32
1881 54 85 42
1882 54 86 25
1883 54 95 25
1884 54 99 35
1885 54 104 50
1886 54 108 40
1887 54 110 44
1888 54 118 41
1889 54 119 36
1890 54 130 18
1891 54 134 48
1892 54 140 38
1893 54 144 33
1894 54 157 45
1895 54 159 30
1896 54 165 36
1897 54 167 25
1898 54 181 30
1899 54 183 50
1900 54 185 17
1901 54 190 29
1902 55 57 24
1903 55 66 29
1904 55 67 48
1905 55 71 8
1906 55 72 16
1907 55 77 15
1908 55 83 6
1909 55 84 8
1910 55 86 45
1911 55 88 4
1912 55 89 41
1913 55 92 29
1914 55 96 12
1915 55 110 46
1916 55 111 12
1917 55 112 3
1918 55 114 38
1919 55 119 48
1920 55 124 47
1921 55 125 41
1922 55 128 45
1923 55 138 19
1924 55 143 29
1925 55 144 39
1926 55 146 30
1927 55 148 48
1928 55 152 33
1929 55 158 25
1930 55 161 32
1931 55 163 21
1932 55 165 50
1933 55 167 6
1934 55 169 28
1935 55 175 22
1936 55 180 9
1937 55 193 22
1938 55 195 7
1939 55 196 50
1940 56 64 27
1941 56 69 44
1942 56 70 30
1943 56 75 44
1944 56 77 35
1945 56 83 31
1946 56 85 3
1947 56 88 37
1948 56 89 8
1949 56 90 10
1950 56 96 35
1951 56 97 6
1952 56 98 17
1953 56 99 12
1954 56 100 40
1955 56 105 49
1956 56 118 37
1957 56 120 14
1958 56 133 17
1959 56 135 25
1960 56 138 6
1961 56 139 28
1962 56 142 6
1963 56 147 25
1964 56 154 10
1965 56 155 31
1966 56 162 21
1967 56 163 4
1968 56 170 47
1969 56 185 5
1970 56 193 6
1971 57 59 9
1972 57 71 15
1973 57 100 4
1974 57 103 40
1975 57 104 24
1976 57 106 1
1977 57 119 1
1978 57 122 19
1979 57 129 36
1980 57 135 4
1981 57 137 43
1982 57 144 43
1983 57 150 2
1984 57 156 6
1985 57 158 23
1986 57 166 44
1987 57 167 50
1988 57 183 36
1989 57 186 24
1990 57 191 17
1991 57 192 46
1992 58 60 40
1993 58 65 48
1994 58 67 22
1995 58 71 40
1996 58 78 2
1997 58 93 8
1998 58 98 34
1999 58 108 29
2000 58 117 44
2001 58 127 23
2002 58 128 46
2003 58 134 46
2004 58 145 39
2005 58 152 48
2006 58 160 1
2007 58 162 35
2008 58 163 9
2009 58 176 18
2010 58 183 46
2011 58 188 33
2012 58 190 3
2013 58 193 17
2014 59 61 45
2015 59 62 34
2016 59 64 11
2017 59 65 44
2018 59 66 35
2019 59 72 16
2020 59 78 16
2021 59 81 36
2022 59 89 20
2023 59 94 48
2024 59 97 19
2025 59 104 30
2026 59 113 15
2027 59 116 12
2028 59 121 13
2029 59 123 39
2030 59 124 4
2031 59 129 34
2032 59 131 36
2033 59 154 10
2034 59 159 41
2035 59 160 47
2036 59 166 2
2037 59 169 8
2038 59 170 18
2039 59 173 20
2040 59 176 28
2041 59 178 45
2042 59 181 14
2043 59 183 47
2044 59 186 46
2045 59 193 46
2046 59 195 44
2047 59 199 27
2048 60 63 33
2049 60 68 43
2050 60 71 40
2051 60 75 11
2052 60 78 37
2053 60 79 17
2054 60 80 39
2055 60 97 24
2056 60 98 6
2057 60 103 22
2058 60 106 17
2059 60 110 46
2060 60 112 2
2061 60 115 20
2062 60 131 27
2063 60 134 10
2064 60 135 10
2065 60 138 36
2066 60 145 41
2067 60 150 32
2068 60 151 45
2069 60 154 23
2070 60 160 37
2071 60 172 10
2072 60 174 42
2073 60 182 8
2074 60 185 6
2075 60 189 10
2076 60 199 41
2077 61 64 42
2078 61 65 20
2079 61 74 22
2080 61 76 50
2081 61 77 3
2082 61 84 41
2083 61 90 3
2084 61 91 20
2085 61 95 43
2086 61 98 41
2087 61 104 41
2088 61 106 22
2089 61 114 40
2090 61 129 7
2091 61 135 25
2092 61 136 42
2093 61 137 43
2094 61 139 2
2095 61 143 8
2096 61 144 17
2097 61 145 27
2098 61 146 36
2099 61 153 12
2100 61 159 10
2101 61 161 5
2102 61 165 45
2103 61 169 8
2104 61 174 5
2105 61 182 18
2106 61 184 50
2107 61 189 44
2108 61 190 6
2109 61 191 18
2110 62 71 38
2111 62 85 1
2112 62 87 22
2113 62 91 12
2114 62 97 24
2115 62 99 5
2116 62 102 14
2117 62 111 6
2118 62 112 14
2119 62 120 16
2120 62 127 10
2121 62 128 32
2122 62 133 6
2123 62 135 28
2124 62 148 24
2125 62 149 21
2126 62 176 46
2127 62 189 47
2128 62 191 14
2129 62 192 8
2130 62 194 40
2131 62 196 7
2132 62 197 3
2133 63 68 8
2134 63 69 27
2135 63 71 27
2136 63 74 36
2137 63 76 5
2138 63 80 42
2139 63 83 43
2140 63 87 26
2141 63 92 30
2142 63 96 36
2143 63 98 31
2144 63 110 47
2145 63 111 12
2146 63 112 7
2147 63 114 10
2148 63 115 22
2149 63 116 22
2150 63 121 18
2151 63 125 23
2152 63 130 24
2153 63 136 11
2154 63 142 30
2155 63 146 40
2156 63 147 43
2157 63 148 11
2158 63 150 19
2159 63 159 31
2160 63 161 20
2161 63 162 38
2162 63 164 46
2163 63 179 42
2164 63 185 12
2165 63 186 46
2166 63 188 48
2167 63 190 12
2168 63 196 49
2169 63 197 39
2170 63 199 49
2171 64 68 46
2172 64 75 29
2173 64 76 10
2174 64 96 16
2175 64 97 3
2176 64 101 20
2177 64 103 15
2178 64 104 21
2179 64 109 11
2180 64 111 4
2181 64 113 15
2182 64 116 46
2183 64 119 9
2184 64 134 48
2185 64 138 43
2186 64 158 21
2187 64 160 17
2188 64 165 32
2189 64 175 6
2190 64 179 25
2191 64 182 17
2192 64 187 17
2193 64 195 28
2194 65 66 40
2195 65 72 9
2196 65 75 20
2197 65 84 19
2198 65 95 15
2199 65 105 29
2200 65 116 19
2201 65 121 15
2202 65 127 22
2203 65 134 10
2204 65 141 38
2205 65 148 13
2206 65 149 2
2207 65 152 50
2208 65 153 25
2209 65 162 35
2210 65 164 3
2211 65 166 49
2212 65 169 41
2213 65 173 5
2214 65 175 47
2215 65 177 46
2216 65 181 19
2217 65 182 26
2218 65 192 44
2219 65 197 11
2220 65 198 14
2221 66 69 2
2222 66 70 44
2223 66 74 34
2224 66 76 38
2225 66 77 40
2226 66 79 43
2227 66 83 12
2228 66 87 8
2229 66 97 17
2230 66 105 44
2231 66 117 4
2232 66 122 2
2233 66 124 20
2234 66 127 43
2235 66 128 50
2236 66 137 35
2237 66 142 36
2238 66 146 41
2239 66 147 50
2240 66 154 31
2241 66 156 31
2242 66 158 43
2243 66 165 28
2244 66 166 29
2245 66 171 28
2246 66 176 1
2247 66 177 38
2248 66 179 5
2249 66 180 12
2250 66 183 40
2251 66 191 37
2252 66 192 47
2253 66 197 37
2254 67 68 23
2255 67 73 49
2256 67 76 21
2257 67 77 4
2258 67 80 14
2259 67 86 8
2260 67 87 18
2261 67 93 42
2262 67 95 26
2263 67 101 40
2264 67 102 18
2265 67 111 16
2266 67 118 21
2267 67 126 43
2268 67 127 42
2269 67 139 33
2270 67 145 38
2271 67 161 2
2272 67 165 33
2273 67 172 37
2274 67 176 25
2275 67 187 28
2276 67 192 37
2277 67 193 44
2278 67 195 23
2279 67 198 3
2280 67 199 8
2281 68 72 6
2282 68 79 19
2283 68 81 41
2284 68 84 33
2285 68 85 45
2286 68 87 36
2287 68 89 18
2288 68 96 43
2289 68 108 12
2290 68 111 40
2291 68 120 26
2292 68 121 42
2293 68 123 8
2294 68 125 41
2295 68 140 6
2296 68 144 25
2297 68 145 6
2298 68 149 26
2299 68 155 49
2300 68 160 39
2301 68 164 50
2302 68 166 8
2303 68 171 49
2304 68 177 28
2305 68 183 36
2306 68 191 22
2307 68 195 39
2308 69 74 5
2309 69 77 48
2310 69 79 1
2311 69 82 33
2312 69 83 23
2313 69 85 7
2314 69 97 45
2315 69 98 18
2316 69 106 45
2317 69 109 5
2318 69 110 49
2319 69 115 33
2320 69 124 8
2321 69 130 14
2322 69 134 12
2323 69 146 49
2324 69 148 16
2325 69 177 13
2326 69 186 7
2327 69 192 31
2328 69 194 25
2329 70 71 26
2330 70 84 37
2331 70 85 8
2332 70 89 17
2333 70 90 29
2334 70 96 20
2335 70 105 22
2336 70 107 11
2337 70 109 18
2338 70 111 23
2339 70 114 12
2340 70 122 24
2341 70 134 33
2342 70 135 35
2343 70 136 6
2344 70 138 13
2345 70 156 35
2346 70 157 14
2347 70 158 11
2348 70 163 32
2349 70 168 41
2350 70 172 2
2351 70 179 5
2352 70 180 12
2353 70 199 26
2354 71 72 4
2355 71 78 43
2356 71 80 36
2357 71 81 19
2358 71 85 19
2359 71 86 31
2360 71 88 49
2361 71 92 27
2362 71 94 50
2363 71 98 38
2364 71 100 50
2365 71 101 22
2366 71 102 15
2367 71 106 34
2368 71 114 13
2369 71 122 19
2370 71 124 7
2371 71 126 43
2372 71 133 14
2373 71 138 9
2374 71 151 26
2375 71 156 1
2376 71 167 9
2377 71 177 41
2378 71 179 12
2379 71 180 47
2380 71 181 6
2381 71 183 19
2382 71 188 43
2383 71 190 11
2384 72 75 16
2385 72 78 50
2386 72 79 14
2387 72 82 9
2388 72 83 3
2389 72 91 17
2390 72 95 32
2391 72 96 27
2392 72 98 35
2393 72 100 9
2394 72 104 18
2395 72 109 46
2396 72 124 7
2397 72 127 42
2398 72 135 31
2399 72 137 14
2400 72 138 30
2401 72 141 14
2402 72 142 5
2403 72 143 39
2404 72 154 22
2405 72 157 44
2406 72 176 4
2407 72 177 29
2408 72 178 22
2409 72 181 18
2410 72 183 42
2411 72 184 2
2412 72 192 50
2413 72 197 28
2414 72 199 30
2415 73 80 45
2416 73 86 29
2417 73 88 50
2418 73 95 10
2419 73 98 10
2420 73 100 40
2421 73 106 27
2422 73 119 35
2423 73 122 31
2424 73 129 5
2425 73 141 12
2426 73 143 6
2427 73 148 21
2428 73 153 3
2429 73 154 43
2430 73 159 14
2431 73 161 43
2432 73 179 1
2433 73 183 44
2434 73 187 33
2435 73 194 20
2436 73 196 36
2437 73 197 18
2438 74 79 47
2439 74 83 22
2440 74 88 42
2441 74 90 27
2442 74 94 8
2443 74 101 7
2444 74 102 23
2445 74 118 17
2446 74 128 7
2447 74 132 50
2448 74 133 45
2449 74 137 24
2450 74 139 41
2451 74 140 37
2452 74 142 33
2453 74 147 31
2454 74 148 49
2455 74 151 31
2456 74 154 16
2457 74 163 20
2458 74 176 43
2459 74 180 41
2460 74 181 26
2461 74 190 9
2462 74 192 50
2463 74 195 20
2464 75 88 20
2465 75 92 48
2466 75 97 4
2467 75 98 20
2468 75 106 11
2469 75 113 19
2470 75 116 3
2471 75 119 48
2472 75 125 45
2473 75 140 43
2474 75 163 3
2475 75 176 13
2476 75 185 20
2477 75 193 34
2478 75 195 20
2479 75 196 16
2480 75 199 14
2481 76 78 18
2482 76 96 47
2483 76 100 5
2484 76 109 12
2485 76 115 50
2486 76 116 50
2487 76 117 1
2488 76 125 23
2489 76 135 32
2490 76 138 46
2491 76 139 6
2492 76 149 19
2493 76 152 46
2494 76 153 45
2495 76 157 27
2496 76 158 34
2497 76 159 46
2498 76 160 1
2499 76 163 37
2500 76 165 3
2501 76 180 48
2502 76 182 19
2503 76 184 47
2504 76 192 2
2505 76 196 28
2506 76 198 40
2507 77 83 26
2508 77 96 22
2509 77 100 29
2510 77 104 15
2511 77 111 40
2512 77 117 25
2513 77 123 33
2514 77 129 11
2515 77 134 38
2516 77 135 30
2517 77 137 21
2518 77 138 28
2519 77 139 21
2520 77 145 40
2521 77 147 20
2522 77 148 3
2523 77 153 34
2524 77 159 10
2525 77 161 25
2526 77 162 27
2527 77 163 39
2528 77 168 14
2529 77 171 12
2530 77 174 40
2531 77 175 27
2532 77 176 19
2533 77 182 31
2534 77 188 16
2535 77 192 40
2536 77 196 20
2537 77 199 20
2538 78 80 29
2539 78 81 30
2540 78 82 9
2541 78 85 7
2542 78 87 45
2543 78 88 23
2544 78 91 9
2545 78 93 39
2546 78 97 46
2547 78 106 45
2548 78 107 22
2549 78 116 42
2550 78 125 21
2551 78 128 44
2552 78 136 32
2553 78 137 50
2554 78 155 42
2555 78 162 11
2556 78 164 30
2557 78 165 45
2558 78 166 35
2559 78 171 38
2560 78 175 31
2561 78 182 30
2562 78 186 30
2563 78 197 13
2564 79 83 17
2565 79 89 15
2566 79 94 10
2567 79 99 34
2568 79 104 19
2569 79 105 30
2570 79 117 50
2571 79 124 34
2572 79 130 17
2573 79 134 16
2574 79 139 47
2575 79 142 28
2576 79 147 46
2577 79 153 9
2578 79 161 15
2579 79 165 10
2580 79 176 10
2581 79 181 40
2582 79 192 10
2583 79 196 23
2584 79 197 50
2585 80 85 16
2586 80 89 41
2587 80 97 20
2588 80 101 29
2589 80 105 20
2590 80 106 45
2591 80 112 49
2592 80 128 16
2593 80 135 13
2594 80 140 35
2595 80 143 15
2596 80 155 43
2597 80 161 23
2598 80 162 22
2599 80 165 28
2600 80 166 18
2601 80 170 35
2602 80 175 29
2603 80 183 45
2604 80 190 10
2605 80 194 33
2606 81 84 1
2607 81 93 14
2608 81 105 48
2609 81 107 45
2610 81 108 14
2611 81 109 2
2612 81 113 49
2613 81 115 45
2614 81 117 30
2615 81 118 3
2616 81 132 21
2617 81 140 35
2618 81 141 30
2619 81 145 19
2620 81 153 19
2621 81 159 2
2622 81 163 39
2623 81 164 4
2624 81 166 47
2625 81 170 48
2626 81 171 43
2627 81 178 49
2628 81 183 39
2629 81 190 27
2630 81 196 9
2631 81 199 48
2632 82 84 23
2633 82 85 35
2634 82 90 48
2635 82 95 22
2636 82 104 41
2637 82 107 36
2638 82 111 45
2639 82 117 10
2640 82 134 9
2641 82 137 47
2642 82 142 16
2643 82 148 10
2644 82 149 45
2645 82 155 34
2646 82 156 3
2647 82 160 12
2648 82 163 1
2649 82 165 43
2650 82 173 20
2651 82 184 25
2652 82 188 35
2653 82 190 16
2654 82 193 29
2655 82 194 31
2656 82 199 49
2657 83 94 34
2658 83 101 20
2659 83 102 21
2660 83 108 26
2661 83 109 35
2662 83 120 50
2663 83 123 9
2664 83 125 48
2665 83 128 19
2666 83 135 38
2667 83 136 13
2668 83 158 40
2669 83 161 19
2670 83 167 30
2671 83 183 50
2672 83 190 39
2673 83 192 44
2674 83 196 24
2675 84 96 33
2676 84 97 9
2677 84 104 41
2678 84 122 7
2679 84 130 11
2680 84 134 23
2681 84 148 39
2682 84 151 26
2683 84 163 49
2684 84 170 43
2685 84 174 22
2686 84 175 34
2687 84 178 35
2688 84 192 17
2689 84 197 16
2690 85 95 13
2691 85 106 16
2692 85 114 5
2693 85 120 1
2694 85 122 42
2695 85 131 19
2696 85 132 16
2697 85 139 42
2698 85 148 4
2699 85 150 43
2700 85 153 34
2701 85 156 41
2702 85 162 6
2703 85 163 17
2704 85 164 39
2705 85 169 33
2706 85 171 29
2707 85 173 2
2708 85 174 42
2709 85 176 49
2710 85 187 9
2711 85 188 38
2712 85 189 29
2713 85 194 4
2714 85 199 23
2715 86 88 38
2716 86 92 37
2717 86 105 11
2718 86 115 18
2719 86 120 1
2720 86 124 16
2721 86 125 38
2722 86 134 45
2723 86 136 6
2724 86 137 43
2725 86 143 46
2726 86 145 33
2727 86 154 50
2728 86 160 27
2729 86 165 18
2730 86 171 25
2731 86 176 22
2732 86 183 47
2733 86 185 42
2734 86 191 15
2735 86 195 2
2736 87 89 6
2737 87 98 24
2738 87 102 26
2739 87 105 3
2740 87 117 14
2741 87 118 37
2742 87 120 13
2743 87 122 27
2744 87 132 47
2745 87 136 43
2746 87 138 44
2747 87 140 28
2748 87 146 41
2749 87 149 30
2750 87 156 43
2751 87 157 27
2752 87 159 28
2753 87 161 20
2754 87 162 27
2755 87 164 30
2756 87 168 4
2757 87 173 35
2758 87 178 19
2759 87 179 5
2760 87 184 14
2761 87 186 15
2762 87 190 11
2763 87 192 41
2764 88 91 36
2765 88 95 36
2766 88 100 5
2767 88 112 50
2768 88 113 45
2769 88 116 40
2770 88 117 3
2771 88 118 23
2772 88 121 17
2773 88 129 43
2774 88 132 38
2775 88 142 10
2776 88 153 45
2777 88 160 9
2778 88 162 45
2779 88 163 27
2780 88 170 46
2781 88 173 46
2782 88 175 34
2783 88 176 31
2784 88 177 17
2785 88 180 16
2786 88 185 49
2787 88 186 34
2788 88 196 3
2789 88 197 7
2790 89 94 22
2791 89 99 16
2792 89 104 21
2793 89 118 36
2794 89 130 30
2795 89 131 42
2796 89 142 43
2797 89 143 46
2798 89 146 26
2799 89 147 43
2800 89 158 21
2801 89 166 41
2802 89 174 19
2803 89 178 9
2804 89 180 9
2805 89 191 11
2806 90 98 2
2807 90 100 12
2808 90 103 47
2809 90 104 20
2810 90 106 37
2811 90 107 25
2812 90 110 27
2813 90 112 43
2814 90 115 12
2815 90 116 49
2816 90 125 48
2817 90 128 40
2818 90 136 32
2819 90 142 5
2820 90 143 38
2821 90 144 6
2822 90 159 15
2823 90 160 34
2824 90 162 46
2825 90 165 12
2826 90 174 2
2827 90 180 29
2828 90 181 1
2829 90 187 24
2830 90 189 17
2831 90 190 47
2832 90 193 1
2833 90 197 21
2834 90 199 45
2835 91 96 29
2836 91 98 8
2837 91 100 47
2838 91 101 19
2839 91 109 44
2840 91 112 45
2841 91 117 50
2842 91 127 25
2843 91 143 45
2844 91 147 18
2845 91 149 24
2846 91 150 28
2847 91 153 47
2848 91 154 16
2849 91 159 26
2850 91 165 14
2851 91 169 12
2852 91 171 22
2853 91 178 36
2854 91 179 21
2855 91 181 36
2856 91 184 32
2857 91 186 3
2858 91 187 44
2859 91 189 1
2860 91 192 2
2861 91 199 2
2862 92 96 32
2863 92 99 24
2864 92 104 23
2865 92 108 20
2866 92 112 4
2867 92 113 35
2868 92 115 50
2869 92 116 40
2870 92 117 26
2871 92 118 17
2872 92 125 1
2873 92 126 50
2874 92 133 26
2875 92 138 38
2876 92 148 20
2877 92 156 5
2878 92 163 42
2879 92 178 6
2880 92 183 40
2881 92 186 36
2882 92 188 33
2883 92 191 45
2884 92 196 41
2885 93 102 9
2886 93 108 31
2887 93 113 18
2888 93 116 43
2889 93 125 25
2890 93 128 50
2891 93 131 1
2892 93 138 42
2893 93 142 28
2894 93 143 25
2895 93 144 4
2896 93 172 26
2897 93 173 2
2898 93 179 9
2899 93 182 47
2900 93 188 6
2901 93 189 21
2902 93 192 7
2903 93 195 24
2904 94 95 11
2905 94 96 12
2906 94 99 36
2907 94 100 7
2908 94 109 10
2909 94 111 9
2910 94 114 26
2911 94 127 12
2912 94 130 4
2913 94 134 47
2914 94 142 47
2915 94 150 36
2916 94 153 8
2917 94 154 4
2918 94 156 22
2919 94 166 40
2920 94 174 15
2921 94 177 2
2922 94 178 24
2923 94 189 40
2924 94 193 27
2925 95 100 11
2926 95 101 43
2927 95 104 6
2928 95 105 5
2929 95 111 3
2930 95 114 49
2931 95 126 44
2932 95 128 39
2933 95 130 39
2934 95 132 38
2935 95 137 36
2936 95 153 15
2937 95 154 7
2938 95 156 30
2939 95 170 39
2940 95 173 17
2941 95 190 16
2942 95 191 44
2943 95 192 2
2944 95 193 49
2945 95 197 35
2946 96 99 15
2947 96 101 28
2948 96 103 24
2949 96 104 42
2950 96 114 44
2951 96 122 32
2952 96 128 35
2953 96 141 28
2954 96 144 16
2955 96 145 17
2956 96 146 42
2957 96 149 39
2958 96 150 20
2959 96 156 44
2960 96 176 3
2961 96 184 50
2962 96 196 7
2963 97 102 22
2964 97 108 23
2965 97 112 18
2966 97 125 46
2967 97 134 15
2968 97 152 10
2969 97 153 39
2970 97 156 39
2971 97 157 47
2972 97 162 49
2973 97 170 48
2974 97 176 30
2975 97 181 41
2976 97 182 49
2977 97 185 39
2978 97 193 17
2979 97 197 38
2980 97 199 10
2981 98 103 47
2982 98 114 29
2983 98 115 45
2984 98 116 44
2985 98 117 4
2986 98 118 12
2987 98 125 4
2988 98 126 10
2989 98 130 11
2990 98 131 27
2991 98 132 47
2992 98 136 39
2993 98 141 35
2994 98 148 14
2995 98 159 12
2996 98 164 32
2997 98 168 44
2998 98 170 44
2999 98 172 2
3000 98 181 46
3001 98 186 27
3002 98 197 22
3003 99 103 1
3004 99 104 39
3005 99 114 12
3006 99 120 15
3007 99 122 38
3008 99 124 44
3009 99 128 23
3010 99 137 22
3011 99 142 30
3012 99 145 4
3013 99 150 32
3014 99 157 37
3015 99 165 9
3016 99 172 20
3017 99 177 36
3018 99 179 30
3019 99 190 15
3020 99 194 11
3021 99 196 2
3022 100 108 1
3023 100 123 13
3024 100 126 20
3025 100 127 4
3026 100 128 11
3027 100 133 15
3028 100 136 20
3029 100 148 17
3030 100 150 40
3031 100 153 35
3032 100 157 33
3033 100 158 2
3034 100 170 20
3035 100 173 25
3036 100 175 19
3037 100 176 12
3038 100 181 31
3039 100 185 11
3040 100 188 34
3041 100 190 24
3042 100 193 15
3043 100 196 30
3044 101 109 42
3045 101 111 42
3046 101 121 27
3047 101 122 2
3048 101 123 25
3049 101 125 19
3050 101 130 11
3051 101 132 13
3052 101 141 6
3053 101 142 48
3054 101 146 45
3055 101 151 27
3056 101 152 44
3057 101 158 3
3058 101 159 20
3059 101 162 45
3060 101 166 23
3061 101 186 31
3062 102 105 4
3063 102 106 1
3064 102 107 3
3065 102 108 27
3066 102 122 9
3067 102 125 24
3068 102 133 30
3069 102 135 23
3070 102 161 18
3071 102 162 30
3072 102 182 45
3073 102 185 46
3074 102 188 43
3075 102 195 8
3076 103 109 15
3077 103 113 29
3078 103 127 49
3079 103 132 10
3080 103 141 2
3081 103 169 26
3082 103 173 37
3083 103 175 8
3084 103 177 45
3085 103 178 34
3086 103 180 15
3087 104 111 8
3088 104 118 19
3089 104 123 6
3090 104 129 30
3091 104 130 4
3092 104 136 39
3093 104 141 27
3094 104 144 26
3095 104 149 14
3096 104 151 9
3097 104 155 12
3098 104 156 35
3099 104 160 22
3100 104 169 30
3101 105 106 2
3102 105 108 49
3103 105 112 17
3104 105 119 23
3105 105 122 9
3106 105 125 17
3107 105 128 49
3108 105 129 48
3109 105 131 36
3110 105 133 17
3111 105 134 41
3112 105 135 39
3113 105 140 13
3114 105 141 30
3115 105 146 47
3116 105 157 42
3117 105 159 5
3118 105 164 35
3119 105 172 9
3120 105 175 48
3121 105 176 12
3122 105 179 32
3123 105 180 32
3124 105 184 24
3125 105 185 6
3126 105 186 45
3127 105 190 13
3128 105 192 44
3129 105 197 32
3130 106 111 49
3131 106 115 25
3132 106 116 40
3133 106 121 9
3134 106 126 4
3135 106 127 6
3136 106 129 6
3137 106 131 42
3138 106 135 29
3139 106 136 48
3140 106 137 5
3141 106 145 17
3142 106 153 17
3143 106 154 21
3144 106 155 27
3145 106 166 30
3146 106 172 23
3147 106 184 47
3148 106 189 49
3149 106 192 50
3150 106 194 27
3151 106 198 42
3152 107 110 11
3153 107 112 45
3154 107 114 4
3155 107 121 32
3156 107 123 21
3157 107 135 17
3158 107 137 16
3159 107 140 47
3160 107 155 45
3161 107 157 5
3162 107 159 8
3163 107 161 1
3164 107 165 14
3165 107 166 40
3166 107 168 5
3167 107 169 46
3168 107 180 10
3169 107 183 9
3170 107 189 46
3171 107 196 28
3172 108 114 28
3173 108 118 46
3174 108 125 35
3175 108 126 9
3176 108 127 40
3177 108 136 11
3178 108 140 6
3179 108 160 36
3180 108 163 17
3181 108 167 49
3182 108 180 25
3183 108 183 24
3184 108 184 41
3185 108 198 37
3186 109 120 28
3187 109 121 20
3188 109 132 26
3189 109 133 37
3190 109 138 19
3191 109 140 8
3192 109 141 1
3193 109 143 36
3194 109 146 23
3195 109 149 15
3196 109 153 20
3197 109 163 5
3198 109 165 42
3199 109 167 5
3200 109 170 16
3201 109 173 42
3202 109 175 42
3203 109 176 30
3204 109 177 17
3205 109 183 6
3206 109 186 24
3207 109 189 45
3208 109 194 1
3209 109 196 9
3210 110 115 32
3211 110 123 35
3212 110 126 3
3213 110 131 39
3214 110 134 22
3215 110 149 32
3216 110 150 35
3217 110 156 8
3218 110 160 49
3219 110 166 38
3220 110 168 18
3221 110 176 14
3222 110 177 13
3223 110 183 40
3224 110 184 13
3225 110 185 40
3226 110 190 3
3227 111 116 25
3228 111 117 10
3229 111 123 43
3230 111 124 41
3231 111 141 26
3232 111 146 8
3233 111 147 33
3234 111 148 43
3235 111 162 45
3236 111 167 26
3237 111 168 17
3238 111 178 12
3239 111 180 20
3240 111 183 43
3241 111 184 32
3242 111 185 50
3243 111 186 20
3244 111 187 11
3245 111 188 39
3246 111 193 25
3247 111 195 12
3248 112 113 42
3249 112 118 22
3250 112 121 38
3251 112 131 13
3252 112 134 9
3253 112 144 30
3254 112 145 4
3255 112 147 35
3256 112 154 6
3257 112 158 50
3258 112 161 15
3259 112 162 26
3260 112 165 2
3261 112 169 29
3262 112 171 21
3263 112 173 33
3264 112 176 32
3265 112 182 2
3266 112 187 25
3267 112 191 28
3268 113 114 20
3269 113 117 25
3270 113 118 3
3271 113 128 25
3272 113 133 23
3273 113 137 27
3274 113 140 25
3275 113 141 43
3276 113 146 38
3277 113 151 37
3278 113 152 29
3279 113 156 42
3280 113 158 36
3281 113 161 39
3282 113 166 10
3283 113 173 34
3284 113 178 3
3285 113 187 33
3286 113 193 25
3287 113 195 29
3288 114 116 24
3289 114 122 31
3290 114 124 18
3291 114 132 37
3292 114 136 47
3293 114 140 31
3294 114 143 17
3295 114 147 36
3296 114 148 25
3297 114 153 50
3298 114 157 46
3299 114 159 46
3300 114 163 13
3301 114 170 21
3302 114 171 17
3303 114 172 19
3304 114 179 26
3305 114 187 6
3306 114 188 34
3307 114 189 43
3308 114 193 12
3309 115 125 21
3310 115 141 32
3311 115 143 29
3312 115 146 27
3313 115 148 46
3314 115 154 47
3315 115 162 44
3316 115 163 3
3317 115 166 15
3318 115 168 12
3319 115 170 18
3320 115 173 39
3321 115 181 17
3322 115 182 38
3323 115 184 13
3324 115 198 36
3325 116 120 46
3326 116 125 24
3327 116 128 36
3328 116 132 10
3329 116 133 39
3330 116 139 5
3331 116 149 8
3332 116 155 49
3333 116 157 50
3334 116 163 5
3335 116 164 29
3336 116 172 8
3337 116 173 38
3338 116 178 26
3339 116 179 49
3340 116 191 42
3341 116 192 17
3342 116 197 37
3343 116 199 38
3344 117 123 49
3345 117 125 33
3346 117 131 36
3347 117 137 21
3348 117 138 14
3349 117 147 28
3350 117 148 36
3351 117 152 32
3352 117 155 41
3353 117 158 44
3354 117 165 44
3355 117 174 29
3356 117 178 26
3357 117 198 11
3358 118 121 16
3359 118 125 37
3360 118 138 37
3361 118 150 19
3362 118 151 9
3363 118 152 36
3364 118 156 9
3365 118 157 31
3366 118 160 45
3367 118 170 13
3368 118 171 47
3369 118 173 15
3370 118 178 9
3371 118 182 33
3372 118 197 39
3373 118 198 17
3374 119 127 28
3375 119 130 7
3376 119 133 21
3377 119 134 33
3378 119 136 36
3379 119 141 33
3380 119 142 35
3381 119 148 31
3382 119 150 25
3383 119 161 21
3384 119 163 39
3385 119 168 16
3386 119 181 23
3387 119 193 26
3388 120 131 2
3389 120 133 4
3390 120 144 40
3391 120 149 29
3392 120 151 26
3393 120 155 41
3394 120 161 42
3395 120 163 39
3396 120 170 27
3397 120 176 28
3398 120 190 48
3399 120 193 34
3400 120 196 15
3401 120 197 22
3402 121 123 28
3403 121 139 42
3404 121 148 44
3405 121 153 11
3406 121 154 7
3407 121 157 23
3408 121 159 49
3409 121 168 30
3410 121 173 21
3411 121 175 39
3412 121 184 23
3413 121 186 44
3414 121 191 24
3415 121 193 41
3416 122 127 32
3417 122 139 48
3418 122 185 33
3419 122 190 1
3420 122 199 34
3421 123 143 28
3422 123 145 12
3423 123 163 31
3424 123 164 22
3425 123 167 4
3426 123 175 37
3427 123 189 28
3428 123 191 9
3429 123 194 50
3430 123 199 26
3431 124 127 41
3432 124 128 24
3433 124 137 7
3434 124 140 48
3435 124 145 6
3436 124 151 31
3437 124 152 42
3438 124 158 9
3439 124 162 48
3440 124 169 28
3441 124 173 13
3442 124 177 39
3443 124 180 35
3444 124 199 12
3445 125 129 44
3446 125 133 18
3447 125 138 35
3448 125 141 3
3449 125 153 26
3450 125 154 47
3451 125 156 32
3452 125 159 18
3453 125 161 38
3454 125 163 33
3455 125 164 20
3456 125 165 45
3457 125 172 15
3458 125 178 29
3459 125 181 29
3460 125 183 43
3461 125 184 40
3462 125 185 43
3463 125 189 42
3464 125 190 21
3465 125 194 5
3466 125 195 38
3467 125 197 11
3468 126 127 30
3469 126 129 46
3470 126 139 8
3471 126 141 1
3472 126 143 29
3473 126 151 6
3474 126 153 49
3475 126 154 49
3476 126 156 1
3477 126 161 39
3478 126 162 27
3479 126 171 32
3480 126 174 26
3481 126 188 3
3482 126 189 5
3483 126 190 21
3484 126 192 35
3485 126 193 44
3486 126 194 19
3487 127 130 39
3488 127 137 1
3489 127 139 5
3490 127 141 16
3491 127 142 39
3492 127 154 8
3493 127 161 30
3494 127 181 1
3495 127 182 11
3496 127 189 50
3497 127 195 29
3498 128 131 44
3499 128 135 36
3500 128 144 15
3501 128 152 13
3502 128 155 37
3503 128 157 49
3504 128 159 25
3505 128 162 11
3506 128 177 41
3507 128 180 27
3508 128 191 42
3509 128 195 50
3510 128 199 17
3511 129 134 35
3512 129 137 6
3513 129 142 27
3514 129 143 33
3515 129 144 44
3516 129 167 14
3517 129 169 7
3518 129 170 39
3519 129 171 28
3520 129 178 3
3521 129 183 45
3522 129 184 21
3523 130 134 1
3524 130 138 45
3525 130 141 14
3526 130 149 25
3527 130 152 35
3528 130 167 10
3529 130 172 16
3530 130 176 11
3531 130 178 32
3532 130 182 2
3533 130 187 2
3534 130 188 6
3535 130 194 29
3536 130 195 24
3537 130 196 12
3538 130 199 31
3539 131 138 28
3540 131 141 15
3541 131 147 6
3542 131 148 36
3543 131 154 30
3544 131 157 50
3545 131 167 45
3546 131 176 34
3547 131 185 19
3548 131 188 39
3549 132 143 35
3550 132 148 39
3551 132 160 44
3552 132 165 8
3553 132 171 27
3554 132 177 35
3555 132 178 15
3556 132 183 9
3557 132 188 13
3558 132 194 12
3559 133 135 14
3560 133 138 14
3561 133 152 12
3562 133 154 15
3563 133 163 25
3564 133 172 20
3565 133 177 13
3566 133 181 1
3567 133 183 15
3568 133 186 26
3569 133 192 4
3570 134 135 16
3571 134 136 50
3572 134 137 20
3573 134 140 50
3574 134 142 24
3575 134 156 48
3576 134 165 1
3577 134 169 21
3578 134 176 38
3579 134 189 30
3580 134 194 15
3581 134 198 9
3582 135 137 21
3583 135 142 16
3584 135 146 37
3585 135 148 12
3586 135 149 21
3587 135 155 26
3588 135 156 36
3589 135 158 45
3590 135 159 39
3591 135 165 47
3592 135 169 1
3593 135 171 42
3594 135 175 27
3595 135 181 25
3596 135 199 6
3597 136 142 48
3598 136 143 28
3599 136 156 27
3600 136 161 33
3601 136 168 36
3602 136 174 44
3603 136 177 22
3604 136 186 16
3605 136 188 24
3606 136 191 17
3607 136 197 1
3608 136 199 38
3609 137 168 18
3610 137 170 3
3611 137 178 18
3612 137 185 29
3613 137 190 30
3614 137 193 8
3615 138 146 18
3616 138 147 22
3617 138 151 8
3618 138 152 44
3619 138 155 42
3620 138 157 21
3621 138 159 22
3622 138 171 3
3623 138 173 33
3624 138 174 36
3625 138 179 34
3626 138 191 7
3627 138 193 11
3628 138 197 8
3629 139 142 2
3630 139 146 8
3631 139 153 39
3632 139 159 12
3633 139 169 8
3634 139 171 13
3635 139 173 6
3636 139 181 24
3637 139 182 6
3638 139 184 35
3639 139 197 16
3640 140 149 19
3641 140 151 7
3642 140 157 49
3643 140 171 43
3644 140 174 28
3645 140 184 30
3646 140 189 25
3647 140 190 29
3648 140 193 22
3649 140 194 16
3650 141 142 25
3651 141 154 34
3652 141 160 41
3653 141 161 12
3654 141 168 40
3655 141 180 5
3656 141 191 11
3657 141 192 32
3658 141 196 42
3659 142 146 31
3660 142 151 38
3661 142 153 1
3662 142 154 9
3663 142 156 42
3664 142 157 21
3665 142 164 34
3666 142 167 21
3667 142 176 47
3668 142 182 46
3669 142 197 28
3670 143 144 17
3671 143 151 25
3672 143 155 2
3673 143 164 15
3674 143 168 4
3675 143 174 38
3676 143 178 3
3677 143 185 27
3678 143 189 47
3679 143 196 47
3680 144 146 17
3681 144 149 40
3682 144 150 5
3683 144 155 10
3684 144 161 16
3685 144 164 30
3686 144 165 13
3687 144 166 18
3688 144 169 1
3689 144 173 43
3690 144 176 21
3691 144 182 45
3692 144 191 14
3693 144 192 42
3694 145 151 9
3695 145 156 27
3696 145 160 27
3697 145 163 41
3698 145 164 32
3699 145 172 33
3700 145 177 34
3701 145 178 21
3702 145 179 30
3703 145 182 46
3704 145 188 35
3705 145 191 37
3706 145 194 9
3707 145 196 28
3708 146 152 36
3709 146 154 45
3710 146 156 44
3711 146 161 19
3712 146 169 33
3713 146 179 11
3714 146 180 43
3715 146 194 38
3716 146 197 29
3717 146 198 1
3718 147 161 12
3719 147 165 6
3720 147 175 20
3721 147 177 30
3722 147 180 27
3723 147 181 34
3724 147 186 42
3725 147 191 1
3726 147 196 1
3727 147 198 31
3728 147 199 14
3729 148 160 6
3730 148 171 41
3731 148 173 7
3732 148 184 25
3733 148 185 14
3734 148 189 6
3735 148 190 35
3736 149 152 49
3737 149 154 13
3738 149 157 38
3739 149 166 10
3740 149 167 25
3741 149 169 10
3742 149 171 45
3743 149 172 20
3744 149 184 29
3745 149 189 44
3746 149 192 2
3747 149 193 49
3748 149 199 19
3749 150 155 4
3750 150 169 28
3751 150 175 3
3752 150 184 39
3753 150 186 7
3754 150 190 16
3755 150 192 34
3756 150 196 28
3757 150 197 38
3758 150 199 29
3759 151 158 14
3760 151 161 41
3761 151 167 48
3762 151 168 25
3763 151 175 24
3764 151 182 32
3765 151 185 25
3766 151 188 48
3767 151 191 13
3768 151 196 8
3769 151 198 26
3770 152 174 5
3771 152 184 42
3772 152 185 13
3773 152 188 15
3774 152 192 40
3775 153 156 27
3776 153 161 7
3777 153 163 42
3778 153 164 7
3779 153 177 20
3780 153 179 29
3781 153 180 36
3782 153 183 37
3783 153 185 12
3784 154 158 3
3785 154 168 24
3786 154 175 33
3787 154 176 39
3788 154 177 30
3789 154 181 28
3790 154 197 5
3791 154 198 5
3792 155 156 21
3793 155 158 8
3794 155 170 3
3795 155 173 31
3796 155 175 13
3797 155 188 37
3798 155 199 42
3799 156 157 41
3800 156 165 35
3801 156 167 32
3802 156 168 50
3803 156 171 34
3804 156 175 3
3805 156 187 29
3806 156 190 9
3807 156 193 21
3808 157 162 37
3809 157 166 3
3810 157 169 8
3811 157 171 26
3812 157 173 48
3813 157 179 13
3814 157 187 21
3815 157 188 27
3816 157 191 5
3817 157 197 20
3818 158 161 19
3819 158 171 21
3820 158 173 3
3821 158 174 3
3822 158 182 3
3823 158 184 43
3824 158 189 45
3825 159 160 3
3826 159 170 41
3827 159 171 23
3828 159 178 13
3829 159 179 8
3830 159 184 10
3831 159 186 11
3832 159 189 49
3833 159 190 45
3834 159 192 44
3835 159 194 2
3836 159 195 31
3837 159 199 46
3838 160 163 10
3839 160 166 12
3840 160 177 10
3841 160 179 39
3842 160 180 45
3843 160 191 25
3844 160 196 12
3845 160 198 21
3846 161 163 12
3847 161 164 13
3848 161 165 35
3849 161 168 18
3850 161 182 22
3851 161 186 33
3852 161 192 19
3853 161 198 40
3854 162 173 31
3855 162 178 49
3856 162 194 12
3857 163 164 10
3858 163 165 43
3859 163 167 24
3860 163 168 27
3861 163 170 44
3862 163 180 44
3863 163 185 28
3864 163 187 23
3865 163 188 37
3866 163 190 46
3867 163 198 47
3868 164 165 2
3869 164 167 3
3870 164 170 12
3871 164 171 36
3872 164 178 46
3873 164 179 11
3874 164 180 16
3875 164 182 50
3876 164 186 28
3877 164 193 27
3878 165 173 29
3879 165 175 2
3880 165 181 8
3881 165 182 5
3882 165 186 3
3883 165 193 31
3884 166 167 11
3885 166 175 27
3886 166 179 47
3887 166 180 23
3888 166 183 40
3889 166 187 43
3890 166 195 38
3891 166 198 27
3892 166 199 16
3893 167 172 11
3894 167 173 31
3895 167 177 42
3896 167 182 9
3897 167 184 33
3898 167 187 12
3899 167 188 12
3900 167 199 1
3901 168 171 1
3902 168 173 18
3903 168 178 1
3904 168 184 8
3905 169 176 18
3906 169 180 31
3907 169 183 47
3908 169 194 31
3909 170 181 7
3910 170 183 13
3911 171 176 8
3912 171 177 14
3913 171 182 13
3914 171 188 44
3915 171 195 43
3916 172 175 5
3917 172 178 24
3918 172 181 40
3919 172 182 39
3920 172 188 15
3921 172 192 10
3922 172 193 38
3923 173 174 21
3924 173 176 42
3925 173 185 14
3926 173 193 29
3927 173 198 21
3928 173 199 18
3929 174 177 35
3930 174 182 39
3931 174 197 28
3932 175 176 21
3933 175 180 6
3934 175 185 50
3935 175 186 29
3936 175 191 20
3937 175 197 25
3938 176 178 25
3939 176 183 29
3940 176 188 16
3941 176 195 45
3942 177 182 28
3943 177 187 28
3944 177 197 43
3945 178 181 46
3946 178 185 12
3947 178 193 30
3948 178 196 29
3949 178 197 22
3950 179 182 2
3951 179 186 1
3952 179 193 42
3953 180 192 43
3954 180 193 19
3955 180 195 34
3956 180 196 2
3957 181 183 50
3958 181 186 1
3959 181 190 6
3960 181 192 22
3961 181 194 30
3962 181 196 9
3963 181 198 26
3964 182 183 4
3965 182 184 35
3966 182 185 24
3967 182 186 5
3968 182 192 20
3969 183 188 14
3970 183 191 18
3971 183 195 30
3972 183 198 8
3973 184 185 50
3974 184 186 38
3975 184 198 14
3976 184 199 8
3977 185 187 6
3978 185 192 24
3979 185 193 4
3980 186 190 14
3981 186 191 11
3982 186 192 38
3983 186 199 44
3984 187 193 38
3985 187 199 34
3986 188 190 3
3987 188 191 9
3988 188 192 34
3989 188 193 12
3990 188 196 10
3991 189 193 30
3992 189 197 30
3993 190 191 16
3994 191 198 21
3995 192 194 4
3996 193 198 1
3997 193 199 11
3998 194 197 29
3999 194 199 8
