200 4042 25 25
0 19
1 21
2 8
3 22
4 9
5 9
6 8
7 20
8 8
9 14
10 11
11 25
12 23
13 24
14 24
15 15
16 23
17 16
18 12
19 3
20 3
21 5
22 3
23 8
24 2
25 3
26 16
27 22
28 20
29 25
30 17
31 3
32 19
33 10
34 9
35 7
36 5
37 4
38 7
39 12
40 20
41 22
42 24
43 12
44 2
45 12
46 18
47 10
48 12
49 17
50 25
51 4
52 7
53 8
54 15
55 24
56 10
57 14
58 6
59 7
60 1
61 13
62 5
63 9
64 3
65 11
66 7
67 6
68 12
69 4
70 16
71 3
72 10
73 13
74 6
75 11
76 24
77 18
78 11
79 21
80 20
81 23
82 24
83 7
84 6
85 15
86 9
87 23
88 19
89 15
90 15
91 15
92 12
93 18
94 22
95 20
96 9
97 19
98 2
99 13
100 1
101 21
102 8
103 3
104 20
105 1
106 4
107 11
108 16
109 19
110 24
111 12
112 23
113 11
114 15
115 3
116 1
117 6
118 7
119 17
120 23
121 8
122 16
123 3
124 1
125 6
126 18
127 1
128 20
129 12
130 19
131 23
132 13
133 10
134 16
135 22
136 25
137 12
138 3
139 16
140 13
141 21
142 11
143 17
144 24
145 20
146 10
147 9
148 7
149 13
150 20
151 17
152 21
153 20
154 9
155 11
156 21
157 25
158 7
159 20
160 25
161 7
162 18
163 17
164 10
165 13
166 7
167 20
168 20
169 23
170 13
171 20
172 9
173 9
174 4
175 19
176 21
177 7
178 2
179 13
180 11
181 25
182 20
183 15
184 17
185 22
186 1
187 15
188 13
189 10
190 17
191 22
192 8
193 19
194 15
195 1
196 8
197 11
198 18
199 25
0 0 1 11
1 0 2 13
2 0 5 14
3 0 8 23
4 0 9 1
5 0 24 21
6 0 29 14
7 0 32 4
8 0 34 25
9 0 35 18
10 0 38 5
11 0 51 24
12 0 52 12
13 0 61 12
14 0 66 4
15 0 73 10
16 0 87 10
17 0 89 9
18 0 90 24
19 0 91 8
20 0 98 7
21 0 99 8
22 0 110 25
23 0 120 3
24 0 126 21
25 0 129 13
26 0 132 23
27 0 134 17
28 0 137 13
29 0 155 1
30 0 156 15
31 0 162 20
32 0 164 19
33 0 166 17
34 0 170 16
35 0 181 5
36 0 187 1
37 0 191 12
38 1 5 1
39 1 6 14
40 1 16 15
41 1 20 6
42 1 21 19
43 1 24 2
44 1 26 11
45 1 27 16
46 1 28 20
47 1 29 11
48 1 31 17
49 1 38 14
50 1 41 16
51 1 44 15
52 1 45 8
53 1 48 7
54 1 49 8
55 1 55 16
56 1 57 17
57 1 65 8
58 1 69 22
59 1 70 7
60 1 71 2
61 1 76 3
62 1 79 8
63 1 91 23
64 1 104 24
65 1 105 21
66 1 107 13
67 1 113 6
68 1 123 6
69 1 125 14
70 1 128 14
71 1 134 12
72 1 140 14
73 1 147 13
74 1 152 24
75 1 153 21
76 1 156 12
77 1 163 11
78 1 164 19
79 1 165 10
80 1 168 2
81 1 174 2
82 1 177 18
83 1 190 10
84 1 194 12
85 2 10 21
86 2 15 19
87 2 25 19
88 2 30 8
89 2 36 18
90 2 39 8
91 2 41 17
92 2 42 3
93 2 49 6
94 2 55 4
95 2 62 20
96 2 70 11
97 2 71 25
98 2 73 8
99 2 78 7
100 2 80 17
101 2 84 11
102 2 86 2
103 2 87 13
104 2 89 25
105 2 93 8
106 2 96 1
107 2 105 1
108 2 115 8
109 2 117 24
110 2 120 10
111 2 126 22
112 2 127 21
113 2 128 24
114 2 132 9
115 2 134 4
116 2 137 1
117 2 143 12
118 2 144 13
119 2 145 10
120 2 147 25
121 2 151 10
122 2 153 14
123 2 162 1
124 2 167 21
125 2 168 20
126 2 171 21
127 2 174 4
128 2 190 8
129 2 191 11
130 2 192 10
131 2 194 16
132 2 196 14
133 3 4 18
134 3 8 2
135 3 10 2
136 3 11 9
137 3 14 12
138 3 21 20
139 3 33 21
140 3 34 8
141 3 36 3
142 3 46 2
143 3 49 3
144 3 54 21
145 3 56 19
146 3 61 9
147 3 77 18
148 3 80 11
149 3 83 5
150 3 85 20
151 3 86 12
152 3 87 25
153 3 98 3
154 3 105 2
155 3 115 17
156 3 118 16
157 3 124 7
158 3 133 24
159 3 134 1
160 3 138 15
161 3 142 11
162 3 144 18
163 3 152 7
164 3 153 19
165 3 155 23
166 3 160 22
167 3 165 3
168 3 166 5
169 3 169 22
170 3 173 7
171 3 176 6
172 3 177 18
173 3 178 18
174 3 180 23
175 3 184 1
176 3 185 4
177 3 190 18
178 3 193 16
179 3 197 7
180 4 6 2
181 4 8 25
182 4 14 4
183 4 16 17
184 4 22 16
185 4 23 9
186 4 34 22
187 4 35 4
188 4 39 14
189 4 48 16
190 4 50 8
191 4 53 13
192 4 57 25
193 4 60 15
194 4 61 4
195 4 64 11
196 4 72 23
197 4 76 25
198 4 94 9
199 4 95 9
200 4 103 8
201 4 106 21
202 4 107 18
203 4 110 12
204 4 111 8
205 4 120 17
206 4 138 10
207 4 142 8
208 4 149 25
209 4 156 14
210 4 160 20
211 4 163 3
212 4 169 9
213 4 172 9
214 4 174 11
215 4 177 9
216 4 183 24
217 4 198 10
218 5 12 25
219 5 14 21
220 5 15 15
221 5 16 10
222 5 28 23
223 5 29 2
224 5 34 8
225 5 51 15
226 5 59 22
227 5 62 3
228 5 64 14
229 5 65 8
230 5 66 14
231 5 69 22
232 5 74 22
233 5 82 25
234 5 86 16
235 5 95 19
236 5 98 11
237 5 99 8
238 5 101 10
239 5 105 24
240 5 107 25
241 5 109 13
242 5 110 12
243 5 123 21
244 5 125 1
245 5 148 9
246 5 163 23
247 5 166 3
248 5 168 20
249 5 178 23
250 5 181 12
251 5 185 10
252 5 189 25
253 5 193 3
254 5 198 16
255 6 9 5
256 6 10 21
257 6 18 15
258 6 27 6
259 6 31 9
260 6 55 13
261 6 65 11
262 6 66 14
263 6 71 1
264 6 72 20
265 6 73 14
266 6 74 19
267 6 84 22
268 6 90 9
269 6 95 10
270 6 102 15
271 6 109 22
272 6 110 12
273 6 111 17
274 6 113 8
275 6 120 15
276 6 121 23
277 6 122 21
278 6 123 16
279 6 127 6
280 6 128 1
281 6 129 22
282 6 135 21
283 6 138 20
284 6 143 18
285 6 153 12
286 6 157 12
287 6 159 20
288 6 168 14
289 6 170 19
290 6 172 16
291 6 174 24
292 6 186 2
293 6 187 3
294 6 189 8
295 6 195 23
296 6 196 16
297 7 9 9
298 7 11 5
299 7 21 10
300 7 22 11
301 7 23 23
302 7 29 13
303 7 31 13
304 7 35 16
305 7 36 11
306 7 37 6
307 7 42 1
308 7 45 4
309 7 47 24
310 7 50 19
311 7 51 18
312 7 54 5
313 7 55 5
314 7 60 9
315 7 63 21
316 7 70 4
317 7 97 9
318 7 101 6
319 7 110 7
320 7 111 11
321 7 114 23
322 7 123 11
323 7 127 3
324 7 131 12
325 7 140 5
326 7 141 20
327 7 143 8
328 7 145 20
329 7 147 23
330 7 153 10
331 7 156 11
332 7 163 3
333 7 164 19
334 7 165 2
335 7 166 22
336 7 167 11
337 7 174 24
338 7 183 1
339 7 184 22
340 7 188 13
341 7 189 19
342 7 192 12
343 7 197 11
344 8 19 18
345 8 26 16
346 8 31 6
347 8 39 17
348 8 44 24
349 8 45 25
350 8 66 2
351 8 73 15
352 8 80 2
353 8 83 13
354 8 84 15
355 8 101 4
356 8 103 9
357 8 105 7
358 8 107 7
359 8 114 2
360 8 115 18
361 8 120 23
362 8 121 19
363 8 123 22
364 8 124 16
365 8 126 10
366 8 134 24
367 8 138 6
368 8 139 7
369 8 143 5
370 8 147 1
371 8 151 12
372 8 155 1
373 8 158 15
374 8 163 1
375 8 164 17
376 8 166 9
377 8 169 3
378 8 170 22
379 8 171 15
380 8 177 18
381 8 181 24
382 8 185 7
383 8 187 11
384 8 196 6
385 8 199 19
386 9 11 21
387 9 15 6
388 9 25 22
389 9 27 5
390 9 29 1
391 9 35 22
392 9 46 19
393 9 48 21
394 9 50 7
395 9 52 6
396 9 59 2
397 9 67 21
398 9 73 16
399 9 81 14
400 9 88 21
401 9 90 5
402 9 93 7
403 9 98 1
404 9 101 13
405 9 102 24
406 9 104 22
407 9 106 14
408 9 107 22
409 9 114 10
410 9 119 13
411 9 122 3
412 9 127 9
413 9 132 1
414 9 139 23
415 9 162 24
416 9 166 18
417 9 168 11
418 9 169 7
419 9 172 12
420 9 174 10
421 9 175 23
422 9 184 23
423 9 187 6
424 9 189 12
425 9 190 5
426 9 195 3
427 9 199 16
428 10 18 16
429 10 22 2
430 10 24 2
431 10 34 21
432 10 41 20
433 10 60 4
434 10 64 20
435 10 66 17
436 10 83 22
437 10 85 9
438 10 86 24
439 10 89 18
440 10 95 6
441 10 102 25
442 10 103 1
443 10 105 15
444 10 114 22
445 10 116 24
446 10 119 9
447 10 120 2
448 10 124 15
449 10 130 7
450 10 134 6
451 10 135 11
452 10 139 22
453 10 141 24
454 10 148 8
455 10 152 16
456 10 154 19
457 10 160 13
458 10 166 1
459 10 171 16
460 10 176 3
461 10 180 12
462 10 182 9
463 10 187 17
464 10 189 11
465 10 194 22
466 11 15 16
467 11 17 14
468 11 20 12
469 11 23 14
470 11 31 7
471 11 47 1
472 11 53 23
473 11 56 21
474 11 71 4
475 11 84 21
476 11 91 18
477 11 99 23
478 11 103 23
479 11 106 24
480 11 108 25
481 11 110 3
482 11 121 8
483 11 122 24
484 11 132 18
485 11 133 25
486 11 134 5
487 11 137 17
488 11 147 4
489 11 150 21
490 11 164 12
491 11 174 1
492 11 180 8
493 11 186 20
494 11 187 9
495 11 194 13
496 11 197 13
497 12 25 2
498 12 34 5
499 12 51 23
500 12 52 25
501 12 55 4
502 12 59 5
503 12 67 6
504 12 74 1
505 12 81 24
506 12 83 21
507 12 89 12
508 12 98 9
509 12 99 22
510 12 101 19
511 12 120 11
512 12 122 15
513 12 126 22
514 12 129 19
515 12 146 6
516 12 147 5
517 12 151 20
518 12 159 23
519 12 163 18
520 12 167 5
521 12 170 3
522 12 171 6
523 12 172 1
524 12 174 18
525 12 175 2
526 12 179 1
527 12 181 14
528 12 190 19
529 12 191 22
530 12 195 5
531 12 199 1
532 13 14 23
533 13 24 12
534 13 30 1
535 13 35 22
536 13 49 4
537 13 50 5
538 13 53 19
539 13 59 21
540 13 60 19
541 13 75 4
542 13 79 11
543 13 85 17
544 13 89 17
545 13 94 5
546 13 98 9
547 13 114 13
548 13 120 12
549 13 121 10
550 13 135 23
551 13 137 20
552 13 144 18
553 13 145 17
554 13 147 10
555 13 158 18
556 13 161 24
557 13 163 16
558 13 169 6
559 13 176 16
560 13 177 5
561 13 179 16
562 13 183 4
563 14 16 15
564 14 21 1
565 14 26 1
566 14 29 17
567 14 39 25
568 14 40 8
569 14 46 25
570 14 51 2
571 14 53 10
572 14 57 8
573 14 68 4
574 14 69 11
575 14 75 2
576 14 79 12
577 14 82 1
578 14 97 5
579 14 99 21
580 14 108 3
581 14 112 25
582 14 114 23
583 14 116 22
584 14 123 24
585 14 126 5
586 14 153 12
587 14 155 5
588 14 167 21
589 14 177 20
590 14 181 4
591 14 183 12
592 14 188 4
593 14 194 3
594 14 199 20
595 15 29 21
596 15 31 7
597 15 33 16
598 15 36 18
599 15 40 12
600 15 42 24
601 15 48 17
602 15 56 24
603 15 62 22
604 15 71 4
605 15 74 5
606 15 88 21
607 15 103 2
608 15 104 9
609 15 107 15
610 15 113 3
611 15 115 22
612 15 121 10
613 15 127 1
614 15 129 16
615 15 133 22
616 15 136 2
617 15 140 6
618 15 141 13
619 15 150 18
620 15 153 17
621 15 167 25
622 15 174 23
623 15 183 3
624 15 184 24
625 15 186 17
626 15 188 21
627 15 190 3
628 15 192 16
629 15 198 22
630 16 19 19
631 16 28 5
632 16 29 15
633 16 38 13
634 16 41 7
635 16 46 20
636 16 49 11
637 16 52 18
638 16 59 14
639 16 62 8
640 16 63 13
641 16 71 21
642 16 74 19
643 16 83 18
644 16 95 17
645 16 97 5
646 16 104 25
647 16 107 4
648 16 109 8
649 16 121 16
650 16 127 23
651 16 131 10
652 16 148 12
653 16 151 25
654 16 157 13
655 16 158 14
656 16 167 19
657 16 175 10
658 16 183 10
659 16 185 18
660 16 187 16
661 16 188 20
662 16 189 12
663 16 190 24
664 17 23 18
665 17 28 20
666 17 33 17
667 17 35 23
668 17 41 14
669 17 60 3
670 17 65 20
671 17 70 20
672 17 72 5
673 17 77 22
674 17 87 23
675 17 90 11
676 17 98 23
677 17 110 9
678 17 112 23
679 17 113 14
680 17 114 14
681 17 118 2
682 17 120 11
683 17 123 20
684 17 126 14
685 17 130 4
686 17 132 20
687 17 134 10
688 17 145 25
689 17 152 2
690 17 155 18
691 17 161 17
692 17 164 8
693 17 168 14
694 17 169 4
695 17 185 7
696 17 199 14
697 18 25 23
698 18 27 4
699 18 29 5
700 18 30 14
701 18 31 13
702 18 32 10
703 18 40 12
704 18 46 16
705 18 49 24
706 18 55 22
707 18 56 18
708 18 57 4
709 18 58 11
710 18 71 22
711 18 73 22
712 18 79 5
713 18 83 17
714 18 89 12
715 18 92 1
716 18 96 9
717 18 104 2
718 18 108 18
719 18 110 7
720 18 111 9
721 18 121 16
722 18 122 20
723 18 130 3
724 18 131 2
725 18 134 4
726 18 136 23
727 18 137 22
728 18 144 2
729 18 146 25
730 18 147 16
731 18 148 21
732 18 149 14
733 18 162 11
734 18 166 8
735 18 168 4
736 18 170 24
737 18 171 7
738 18 177 4
739 18 178 16
740 18 183 7
741 18 187 2
742 18 195 20
743 18 199 14
744 19 21 24
745 19 24 2
746 19 25 12
747 19 29 22
748 19 35 1
749 19 38 21
750 19 43 15
751 19 62 19
752 19 71 6
753 19 72 25
754 19 78 19
755 19 87 11
756 19 92 14
757 19 98 13
758 19 105 10
759 19 106 11
760 19 109 7
761 19 112 11
762 19 117 23
763 19 119 11
764 19 124 1
765 19 125 13
766 19 130 19
767 19 131 21
768 19 133 23
769 19 137 22
770 19 140 12
771 19 141 14
772 19 145 22
773 19 146 17
774 19 148 14
775 19 149 8
776 19 165 19
777 19 169 5
778 19 171 5
779 19 182 25
780 19 186 7
781 19 188 11
782 19 197 12
783 20 22 2
784 20 25 17
785 20 27 10
786 20 29 20
787 20 33 24
788 20 41 23
789 20 43 21
790 20 48 23
791 20 50 8
792 20 53 18
793 20 62 8
794 20 63 9
795 20 64 23
796 20 66 20
797 20 78 12
798 20 88 2
799 20 89 16
800 20 98 5
801 20 119 5
802 20 121 22
803 20 132 1
804 20 134 15
805 20 137 7
806 20 154 18
807 20 158 19
808 20 159 22
809 20 160 14
810 20 164 7
811 20 169 13
812 20 176 10
813 20 198 19
814 20 199 9
815 21 22 20
816 21 24 12
817 21 30 13
818 21 44 21
819 21 48 18
820 21 50 12
821 21 52 1
822 21 54 13
823 21 57 8
824 21 59 3
825 21 61 19
826 21 66 7
827 21 67 13
828 21 73 10
829 21 74 19
830 21 75 1
831 21 78 6
832 21 84 6
833 21 105 25
834 21 110 18
835 21 113 13
836 21 124 2
837 21 128 22
838 21 133 15
839 21 136 16
840 21 137 9
841 21 140 22
842 21 144 5
843 21 153 5
844 21 155 22
845 21 158 19
846 21 161 8
847 21 170 15
848 21 171 10
849 21 176 24
850 21 179 16
851 21 181 13
852 21 190 1
853 21 191 5
854 22 26 21
855 22 30 25
856 22 38 9
857 22 42 3
858 22 43 18
859 22 45 3
860 22 48 19
861 22 49 15
862 22 55 16
863 22 57 3
864 22 63 20
865 22 71 5
866 22 72 10
867 22 75 8
868 22 76 8
869 22 81 1
870 22 85 10
871 22 89 23
872 22 102 23
873 22 103 17
874 22 108 12
875 22 109 9
876 22 111 12
877 22 114 4
878 22 119 25
879 22 128 11
880 22 130 11
881 22 132 6
882 22 133 18
883 22 140 2
884 22 141 8
885 22 147 22
886 22 149 6
887 22 153 4
888 22 156 18
889 22 157 3
890 22 163 9
891 22 165 18
892 22 179 23
893 22 185 10
894 22 186 24
895 22 189 15
896 22 191 25
897 22 193 14
898 22 199 14
899 23 26 7
900 23 28 12
901 23 31 10
902 23 32 14
903 23 37 14
904 23 38 24
905 23 42 12
906 23 43 2
907 23 44 8
908 23 57 25
909 23 66 24
910 23 70 7
911 23 75 10
912 23 80 5
913 23 82 4
914 23 110 13
915 23 113 1
916 23 118 13
917 23 122 19
918 23 123 4
919 23 130 3
920 23 131 14
921 23 132 23
922 23 135 23
923 23 141 24
924 23 142 9
925 23 161 16
926 23 165 23
927 23 167 11
928 23 171 20
929 23 180 4
930 23 184 5
931 23 189 8
932 23 195 15
933 24 28 12
934 24 29 9
935 24 35 19
936 24 58 7
937 24 64 13
938 24 65 7
939 24 72 15
940 24 79 3
941 24 91 21
942 24 94 11
943 24 96 3
944 24 97 16
945 24 101 25
946 24 106 20
947 24 107 1
948 24 108 9
949 24 111 13
950 24 121 13
951 24 123 19
952 24 129 13
953 24 137 1
954 24 143 3
955 24 144 8
956 24 145 15
957 24 150 12
958 24 156 3
959 24 160 3
960 24 162 4
961 24 163 8
962 24 164 4
963 24 165 8
964 24 166 24
965 24 168 1
966 24 171 1
967 24 177 7
968 24 185 23
969 24 193 19
970 24 199 16
971 25 26 3
972 25 29 25
973 25 38 22
974 25 42 24
975 25 44 21
976 25 49 8
977 25 55 21
978 25 57 9
979 25 60 25
980 25 65 11
981 25 76 18
982 25 78 7
983 25 80 2
984 25 82 18
985 25 86 17
986 25 94 8
987 25 104 2
988 25 106 1
989 25 112 2
990 25 117 2
991 25 118 21
992 25 120 20
993 25 136 5
994 25 140 22
995 25 142 4
996 25 143 13
997 25 146 9
998 25 153 12
999 25 158 6
1000 25 159 20
1001 25 161 9
1002 25 167 18
1003 25 170 25
1004 25 191 23
1005 25 192 23
1006 25 195 4
1007 25 196 9
1008 26 35 25
1009 26 41 8
1010 26 42 13
1011 26 53 8
1012 26 54 22
1013 26 55 5
1014 26 57 16
1015 26 60 9
1016 26 70 13
1017 26 71 15
1018 26 79 24
1019 26 80 24
1020 26 82 19
1021 26 99 24
1022 26 100 6
1023 26 107 23
1024 26 109 1
1025 26 116 18
1026 26 118 17
1027 26 122 16
1028 26 125 4
1029 26 127 22
1030 26 128 16
1031 26 129 9
1032 26 135 2
1033 26 140 24
1034 26 143 3
1035 26 146 14
1036 26 150 13
1037 26 154 21
1038 26 156 9
1039 26 158 14
1040 26 164 13
1041 26 170 10
1042 26 172 12
1043 26 176 13
1044 26 177 19
1045 26 180 18
1046 26 197 1
1047 26 199 10
1048 27 29 1
1049 27 33 9
1050 27 63 22
1051 27 66 19
1052 27 67 23
1053 27 68 6
1054 27 71 23
1055 27 78 7
1056 27 82 17
1057 27 85 12
1058 27 86 14
1059 27 87 23
1060 27 90 13
1061 27 91 20
1062 27 93 10
1063 27 94 10
1064 27 97 20
1065 27 98 20
1066 27 100 18
1067 27 103 20
1068 27 107 20
1069 27 110 6
1070 27 112 11
1071 27 115 23
1072 27 120 18
1073 27 123 7
1074 27 124 16
1075 27 125 18
1076 27 128 5
1077 27 130 5
1078 27 134 14
1079 27 135 21
1080 27 136 20
1081 27 146 7
1082 27 147 23
1083 27 148 11
1084 27 152 12
1085 27 156 17
1086 27 160 6
1087 27 162 6
1088 27 163 22
1089 27 173 1
1090 27 179 15
1091 27 180 1
1092 27 186 22
1093 27 190 18
1094 27 195 9
1095 28 31 18
1096 28 48 8
1097 28 50 12
1098 28 54 19
1099 28 57 25
1100 28 63 19
1101 28 68 19
1102 28 90 2
1103 28 99 6
1104 28 104 18
1105 28 117 22
1106 28 118 5
1107 28 122 20
1108 28 128 10
1109 28 140 5
1110 28 145 21
1111 28 150 6
1112 28 155 19
1113 28 158 14
1114 28 164 25
1115 28 166 10
1116 28 170 20
1117 28 172 2
1118 28 176 19
1119 28 188 10
1120 28 190 4
1121 28 192 5
1122 28 193 9
1123 28 196 5
1124 29 38 6
1125 29 41 18
1126 29 51 24
1127 29 52 8
1128 29 56 6
1129 29 59 16
1130 29 60 13
1131 29 70 18
1132 29 80 3
1133 29 83 10
1134 29 92 14
1135 29 94 10
1136 29 96 2
1137 29 129 9
1138 29 130 24
1139 29 131 15
1140 29 136 25
1141 29 138 21
1142 29 146 19
1143 29 153 13
1144 29 154 1
1145 29 155 7
1146 29 160 15
1147 29 164 17
1148 29 168 8
1149 29 171 5
1150 29 172 7
1151 29 181 3
1152 29 184 1
1153 29 185 9
1154 29 192 24
1155 29 194 20
1156 29 198 2
1157 30 39 19
1158 30 57 17
1159 30 61 21
1160 30 64 6
1161 30 65 10
1162 30 73 6
1163 30 81 8
1164 30 82 20
1165 30 84 1
1166 30 85 11
1167 30 86 3
1168 30 89 3
1169 30 94 21
1170 30 101 14
1171 30 102 14
1172 30 106 17
1173 30 112 6
1174 30 128 7
1175 30 129 12
1176 30 130 5
1177 30 142 5
1178 30 143 17
1179 30 148 20
1180 30 149 18
1181 30 151 24
1182 30 152 25
1183 30 155 16
1184 30 161 4
1185 30 186 21
1186 30 191 24
1187 31 33 1
1188 31 40 23
1189 31 43 18
1190 31 54 11
1191 31 70 8
1192 31 77 5
1193 31 78 21
1194 31 83 23
1195 31 90 8
1196 31 92 21
1197 31 98 13
1198 31 110 5
1199 31 118 2
1200 31 136 5
1201 31 146 14
1202 31 147 3
1203 31 151 17
1204 31 156 20
1205 31 171 13
1206 31 175 15
1207 31 185 2
1208 31 189 21
1209 31 196 3
1210 31 199 4
1211 32 33 16
1212 32 36 17
1213 32 41 24
1214 32 45 16
1215 32 63 23
1216 32 65 15
1217 32 76 13
1218 32 77 1
1219 32 81 14
1220 32 86 22
1221 32 89 1
1222 32 95 8
1223 32 98 21
1224 32 103 2
1225 32 106 2
1226 32 109 12
1227 32 110 24
1228 32 116 11
1229 32 123 20
1230 32 125 24
1231 32 138 14
1232 32 143 19
1233 32 155 25
1234 32 163 15
1235 32 170 23
1236 32 171 22
1237 32 173 13
1238 32 178 12
1239 32 183 5
1240 32 188 6
1241 32 190 18
1242 33 38 15
1243 33 39 3
1244 33 43 15
1245 33 47 20
1246 33 53 9
1247 33 58 4
1248 33 71 22
1249 33 72 18
1250 33 73 3
1251 33 80 1
1252 33 81 13
1253 33 84 10
1254 33 93 10
1255 33 104 20
1256 33 112 9
1257 33 114 10
1258 33 116 22
1259 33 120 10
1260 33 124 7
1261 33 128 3
1262 33 131 17
1263 33 132 22
1264 33 144 10
1265 33 148 6
1266 33 158 16
1267 33 159 5
1268 33 161 24
1269 33 162 7
1270 33 170 15
1271 33 173 21
1272 33 177 13
1273 33 179 8
1274 33 183 10
1275 33 186 15
1276 33 187 1
1277 33 188 14
1278 33 193 5
1279 33 195 19
1280 33 198 11
1281 34 38 1
1282 34 41 4
1283 34 44 18
1284 34 45 8
1285 34 55 3
1286 34 61 2
1287 34 64 16
1288 34 75 16
1289 34 83 1
1290 34 87 22
1291 34 88 10
1292 34 99 12
1293 34 100 19
1294 34 102 22
1295 34 104 12
1296 34 107 8
1297 34 110 2
1298 34 115 19
1299 34 130 20
1300 34 132 19
1301 34 133 24
1302 34 136 24
1303 34 139 10
1304 34 143 12
1305 34 148 16
1306 34 153 25
1307 34 155 19
1308 34 157 1
1309 34 162 25
1310 34 164 3
1311 34 169 13
1312 34 171 3
1313 34 179 9
1314 34 181 1
1315 34 183 4
1316 34 184 2
1317 34 185 14
1318 34 188 12
1319 34 191 10
1320 34 199 10
1321 35 38 6
1322 35 40 24
1323 35 45 19
1324 35 48 23
1325 35 55 13
1326 35 66 16
1327 35 72 21
1328 35 74 21
1329 35 77 17
1330 35 91 18
1331 35 92 13
1332 35 94 21
1333 35 95 1
1334 35 98 23
1335 35 107 10
1336 35 108 22
1337 35 109 6
1338 35 114 10
1339 35 119 5
1340 35 125 16
1341 35 127 19
1342 35 155 14
1343 35 160 4
1344 35 169 13
1345 35 170 12
1346 35 172 20
1347 35 188 17
1348 35 195 13
1349 35 198 16
1350 36 39 1
1351 36 42 11
1352 36 45 4
1353 36 47 12
1354 36 51 14
1355 36 52 22
1356 36 59 20
1357 36 70 3
1358 36 81 3
1359 36 86 7
1360 36 89 22
1361 36 98 12
1362 36 105 12
1363 36 106 2
1364 36 117 25
1365 36 118 7
1366 36 119 9
1367 36 123 23
1368 36 125 5
1369 36 126 15
1370 36 132 7
1371 36 134 22
1372 36 146 15
1373 36 150 6
1374 36 154 8
1375 36 155 20
1376 36 157 12
1377 36 159 22
1378 36 160 12
1379 36 162 8
1380 36 164 17
1381 36 171 22
1382 36 180 11
1383 36 184 2
1384 36 189 17
1385 36 194 17
1386 37 38 17
1387 37 54 3
1388 37 58 14
1389 37 71 22
1390 37 72 21
1391 37 74 19
1392 37 76 12
1393 37 80 17
1394 37 87 17
1395 37 88 3
1396 37 94 1
1397 37 109 12
1398 37 113 4
1399 37 116 7
1400 37 118 23
1401 37 126 1
1402 37 136 24
1403 37 139 9
1404 37 145 13
1405 37 147 3
1406 37 154 24
1407 37 155 1
1408 37 158 25
1409 37 165 8
1410 37 166 18
1411 37 167 15
1412 37 172 2
1413 37 174 11
1414 37 179 11
1415 37 182 25
1416 37 189 24
1417 37 190 6
1418 37 192 8
1419 38 43 24
1420 38 46 11
1421 38 61 14
1422 38 74 1
1423 38 78 2
1424 38 84 16
1425 38 92 25
1426 38 93 22
1427 38 102 3
1428 38 105 6
1429 38 108 21
1430 38 110 6
1431 38 111 1
1432 38 115 8
1433 38 118 18
1434 38 119 18
1435 38 120 6
1436 38 125 6
1437 38 126 15
1438 38 127 9
1439 38 131 3
1440 38 135 19
1441 38 140 19
1442 38 142 4
1443 38 153 8
1444 38 154 25
1445 38 155 20
1446 38 158 12
1447 38 167 6
1448 38 182 23
1449 38 185 3
1450 38 189 10
1451 38 191 22
1452 38 194 12
1453 38 198 7
1454 39 50 8
1455 39 51 2
1456 39 56 11
1457 39 69 23
1458 39 77 23
1459 39 78 1
1460 39 80 10
1461 39 81 19
1462 39 85 18
1463 39 88 12
1464 39 90 25
1465 39 102 2
1466 39 103 2
1467 39 107 12
1468 39 125 9
1469 39 149 16
1470 39 158 7
1471 39 159 24
1472 39 163 10
1473 39 164 22
1474 39 176 16
1475 39 177 4
1476 39 179 11
1477 39 180 16
1478 39 189 17
1479 39 191 2
1480 39 196 23
1481 39 199 24
1482 40 45 3
1483 40 48 9
1484 40 50 5
1485 40 64 17
1486 40 67 5
1487 40 70 17
1488 40 75 23
1489 40 88 5
1490 40 97 6
1491 40 104 5
1492 40 106 5
1493 40 115 15
1494 40 116 6
1495 40 117 5
1496 40 120 16
1497 40 123 19
1498 40 131 1
1499 40 140 11
1500 40 141 11
1501 40 154 3
1502 40 156 19
1503 40 164 6
1504 40 170 22
1505 40 189 16
1506 40 197 7
1507 41 48 7
1508 41 50 10
1509 41 52 14
1510 41 53 8
1511 41 61 24
1512 41 63 4
1513 41 81 13
1514 41 85 6
1515 41 87 20
1516 41 88 6
1517 41 91 2
1518 41 94 21
1519 41 96 22
1520 41 101 12
1521 41 108 9
1522 41 115 16
1523 41 117 13
1524 41 119 18
1525 41 121 14
1526 41 123 7
1527 41 124 1
1528 41 125 9
1529 41 129 16
1530 41 139 18
1531 41 141 21
1532 41 145 5
1533 41 146 15
1534 41 148 23
1535 41 165 19
1536 41 166 9
1537 41 167 11
1538 41 169 10
1539 41 170 20
1540 41 172 12
1541 41 173 2
1542 41 185 4
1543 41 186 9
1544 41 195 5
1545 42 57 8
1546 42 63 9
1547 42 72 8
1548 42 74 20
1549 42 75 23
1550 42 80 18
1551 42 82 9
1552 42 87 1
1553 42 88 18
1554 42 94 2
1555 42 99 20
1556 42 108 2
1557 42 118 9
1558 42 119 1
1559 42 123 11
1560 42 125 8
1561 42 129 10
1562 42 130 17
1563 42 132 20
1564 42 143 2
1565 42 144 4
1566 42 156 16
1567 42 159 1
1568 42 167 17
1569 42 172 9
1570 42 177 23
1571 42 187 6
1572 42 199 8
1573 43 48 25
1574 43 56 6
1575 43 58 4
1576 43 63 13
1577 43 68 17
1578 43 73 11
1579 43 81 5
1580 43 84 23
1581 43 86 19
1582 43 114 7
1583 43 116 7
1584 43 122 10
1585 43 133 5
1586 43 138 20
1587 43 140 6
1588 43 149 21
1589 43 164 22
1590 43 169 17
1591 43 172 21
1592 43 177 21
1593 43 184 14
1594 43 186 18
1595 43 193 3
1596 43 195 4
1597 43 198 1
1598 44 50 23
1599 44 52 14
1600 44 58 3
1601 44 70 16
1602 44 78 23
1603 44 84 17
1604 44 87 22
1605 44 93 12
1606 44 94 4
1607 44 98 5
1608 44 109 3
1609 44 112 21
1610 44 120 9
1611 44 127 12
1612 44 128 9
1613 44 138 3
1614 44 141 17
1615 44 145 2
1616 44 147 2
1617 44 154 6
1618 44 155 9
1619 44 163 21
1620 44 169 11
1621 44 170 19
1622 44 173 25
1623 44 174 10
1624 44 178 10
1625 44 183 1
1626 44 193 14
1627 44 195 15
1628 44 199 2
1629 45 48 12
1630 45 55 18
1631 45 59 25
1632 45 60 13
1633 45 65 14
1634 45 75 10
1635 45 79 12
1636 45 84 2
1637 45 85 13
1638 45 91 9
1639 45 96 8
1640 45 100 17
1641 45 103 7
1642 45 104 21
1643 45 105 8
1644 45 112 11
1645 45 118 19
1646 45 120 3
1647 45 127 11
1648 45 130 12
1649 45 135 13
1650 45 138 24
1651 45 145 2
1652 45 162 16
1653 45 164 18
1654 45 166 16
1655 45 169 18
1656 45 172 14
1657 45 176 15
1658 45 186 4
1659 45 188 18
1660 45 190 21
1661 45 198 19
1662 46 47 21
1663 46 49 9
1664 46 53 18
1665 46 54 22
1666 46 57 17
1667 46 59 13
1668 46 63 22
1669 46 68 14
1670 46 70 20
1671 46 72 5
1672 46 75 15
1673 46 78 6
1674 46 90 16
1675 46 93 23
1676 46 94 13
1677 46 96 8
1678 46 98 6
1679 46 109 8
1680 46 110 2
1681 46 111 9
1682 46 113 11
1683 46 125 17
1684 46 126 1
1685 46 129 2
1686 46 142 23
1687 46 150 13
1688 46 158 8
1689 46 165 23
1690 46 171 18
1691 46 173 12
1692 46 177 20
1693 46 184 2
1694 46 186 15
1695 46 193 11
1696 46 197 21
1697 47 55 8
1698 47 62 22
1699 47 64 15
1700 47 69 22
1701 47 72 21
1702 47 73 21
1703 47 78 16
1704 47 83 16
1705 47 84 4
1706 47 87 23
1707 47 88 15
1708 47 92 5
1709 47 94 14
1710 47 96 11
1711 47 97 4
1712 47 102 15
1713 47 104 13
1714 47 112 19
1715 47 113 4
1716 47 114 22
1717 47 117 16
1718 47 120 7
1719 47 121 20
1720 47 122 9
1721 47 124 4
1722 47 131 7
1723 47 147 23
1724 47 151 19
1725 47 161 12
1726 47 166 14
1727 47 169 18
1728 47 171 22
1729 47 176 25
1730 47 184 22
1731 47 188 3
1732 47 196 20
1733 47 198 7
1734 47 199 19
1735 48 60 20
1736 48 64 7
1737 48 73 18
1738 48 78 13
1739 48 80 15
1740 48 90 7
1741 48 95 16
1742 48 97 9
1743 48 102 15
1744 48 103 16
1745 48 105 20
1746 48 108 1
1747 48 114 6
1748 48 119 18
1749 48 121 22
1750 48 129 12
1751 48 137 22
1752 48 140 5
1753 48 148 1
1754 48 149 24
1755 48 155 15
1756 48 171 10
1757 48 172 15
1758 48 176 8
1759 48 183 5
1760 48 184 11
1761 48 190 17
1762 48 192 3
1763 48 196 7
1764 49 53 23
1765 49 59 25
1766 49 71 21
1767 49 77 15
1768 49 79 9
1769 49 81 14
1770 49 83 13
1771 49 84 23
1772 49 93 15
1773 49 95 12
1774 49 98 5
1775 49 109 12
1776 49 125 19
1777 49 126 3
1778 49 127 25
1779 49 128 17
1780 49 138 4
1781 49 143 3
1782 49 147 5
1783 49 152 5
1784 49 156 1
1785 49 157 15
1786 49 162 3
1787 49 165 12
1788 49 169 5
1789 49 177 3
1790 49 180 11
1791 49 181 1
1792 49 187 15
1793 49 188 16
1794 49 193 6
1795 49 194 10
1796 49 199 13
1797 50 57 4
1798 50 67 25
1799 50 70 24
1800 50 74 21
1801 50 83 12
1802 50 84 11
1803 50 88 17
1804 50 92 12
1805 50 94 2
1806 50 97 1
1807 50 98 10
1808 50 102 1
1809 50 103 21
1810 50 113 10
1811 50 114 15
1812 50 115 19
1813 50 124 21
1814 50 128 11
1815 50 132 10
1816 50 143 9
1817 50 148 24
1818 50 151 18
1819 50 157 19
1820 50 161 16
1821 50 162 11
1822 50 165 23
1823 50 167 8
1824 50 170 3
1825 50 176 19
1826 50 177 25
1827 50 184 16
1828 50 187 5
1829 50 190 20
1830 50 192 10
1831 51 52 14
1832 51 55 23
1833 51 61 17
1834 51 62 7
1835 51 71 1
1836 51 75 10
1837 51 76 13
1838 51 80 5
1839 51 84 9
1840 51 92 15
1841 51 108 25
1842 51 109 19
1843 51 112 19
1844 51 114 6
1845 51 119 12
1846 51 120 17
1847 51 126 15
1848 51 130 8
1849 51 139 7
1850 51 141 1
1851 51 145 23
1852 51 148 21
1853 51 150 25
1854 51 157 3
1855 51 160 11
1856 51 166 18
1857 51 170 6
1858 51 171 16
1859 51 175 22
1860 51 179 21
1861 51 180 10
1862 51 182 19
1863 51 184 4
1864 51 193 18
1865 51 197 6
1866 52 53 11
1867 52 54 23
1868 52 55 12
1869 52 58 25
1870 52 59 15
1871 52 68 1
1872 52 69 16
1873 52 76 10
1874 52 82 8
1875 52 89 6
1876 52 91 12
1877 52 92 17
1878 52 101 24
1879 52 102 21
1880 52 103 8
1881 52 107 25
1882 52 128 2
1883 52 142 8
1884 52 145 8
1885 52 150 17
1886 52 157 19
1887 52 172 16
1888 52 175 11
1889 52 182 18
1890 52 197 16
1891 52 198 5
1892 53 55 15
1893 53 56 7
1894 53 59 3
1895 53 65 3
1896 53 72 15
1897 53 76 21
1898 53 78 21
1899 53 79 15
1900 53 82 14
1901 53 85 20
1902 53 86 11
1903 53 100 5
1904 53 103 5
1905 53 104 25
1906 53 106 6
1907 53 117 10
1908 53 121 23
1909 53 126 16
1910 53 130 7
1911 53 132 25
1912 53 134 20
1913 53 137 3
1914 53 144 20
1915 53 153 25
1916 53 158 7
1917 53 161 2
1918 53 165 25
1919 53 166 6
1920 53 169 15
1921 53 181 18
1922 53 183 23
1923 53 184 8
1924 53 190 14
1925 53 192 8
1926 53 194 25
1927 53 199 19
1928 54 91 10
1929 54 96 18
1930 54 100 5
1931 54 101 7
1932 54 103 4
1933 54 105 22
1934 54 115 19
1935 54 119 23
1936 54 122 13
1937 54 131 4
1938 54 135 10
1939 54 155 13
1940 54 159 1
1941 54 160 7
1942 54 172 23
1943 54 174 2
1944 54 180 8
1945 54 183 6
1946 54 185 2
1947 54 187 18
1948 54 189 9
1949 54 199 7
1950 55 57 17
1951 55 62 15
1952 55 63 19
1953 55 66 7
1954 55 67 13
1955 55 69 2
1956 55 75 17
1957 55 86 21
1958 55 97 19
1959 55 99 4
1960 55 100 14
1961 55 107 12
1962 55 110 24
1963 55 122 21
1964 55 130 3
1965 55 133 1
1966 55 139 4
1967 55 142 15
1968 55 154 3
1969 55 156 19
1970 55 159 13
1971 55 160 12
1972 55 161 15
1973 55 162 4
1974 55 163 21
1975 55 168 1
1976 55 182 20
1977 55 184 6
1978 55 189 7
1979 55 191 1
1980 55 196 25
1981 56 59 18
1982 56 63 18
1983 56 64 7
1984 56 67 9
1985 56 69 7
1986 56 82 16
1987 56 83 3
1988 56 95 16
1989 56 99 9
1990 56 100 2
1991 56 107 21
1992 56 116 1
1993 56 123 25
1994 56 133 4
1995 56 136 21
1996 56 142 24
1997 56 143 20
1998 56 144 9
1999 56 146 9
2000 56 148 15
2001 56 149 13
2002 56 150 23
2003 56 151 15
2004 56 160 24
2005 56 164 24
2006 56 169 8
2007 56 170 6
2008 56 172 1
2009 56 186 18
2010 56 188 20
2011 56 192 8
2012 56 198 4
2013 57 59 17
2014 57 62 6
2015 57 71 9
2016 57 82 13
2017 57 84 14
2018 57 90 9
2019 57 103 7
2020 57 111 11
2021 57 119 23
2022 57 125 3
2023 57 132 2
2024 57 133 21
2025 57 137 25
2026 57 138 4
2027 57 169 2
2028 57 175 18
2029 57 180 15
2030 57 184 25
2031 57 186 19
2032 57 187 17
2033 57 191 11
2034 57 194 19
2035 58 59 22
2036 58 60 11
2037 58 65 21
2038 58 68 12
2039 58 73 11
2040 58 74 7
2041 58 79 8
2042 58 81 16
2043 58 82 7
2044 58 106 21
2045 58 107 11
2046 58 110 23
2047 58 111 21
2048 58 121 19
2049 58 127 18
2050 58 135 15
2051 58 136 18
2052 58 141 16
2053 58 148 19
2054 58 156 2
2055 58 165 16
2056 58 166 12
2057 58 172 25
2058 58 183 9
2059 58 185 24
2060 58 196 4
2061 59 60 19
2062 59 68 4
2063 59 69 25
2064 59 73 10
2065 59 80 7
2066 59 82 23
2067 59 97 18
2068 59 102 18
2069 59 113 22
2070 59 118 16
2071 59 125 12
2072 59 126 10
2073 59 127 10
2074 59 135 12
2075 59 139 11
2076 59 142 19
2077 59 143 23
2078 59 146 19
2079 59 150 11
2080 59 156 13
2081 59 157 19
2082 59 160 23
2083 59 163 15
2084 59 164 9
2085 59 167 6
2086 59 170 7
2087 59 174 8
2088 59 179 19
2089 59 183 9
2090 59 192 1
2091 59 193 15
2092 60 73 18
2093 60 95 4
2094 60 130 23
2095 60 132 25
2096 60 139 5
2097 60 140 15
2098 60 153 10
2099 60 154 2
2100 60 155 17
2101 60 164 16
2102 60 165 23
2103 60 166 18
2104 60 171 1
2105 60 185 7
2106 60 187 7
2107 60 189 2
2108 60 191 21
2109 61 81 20
2110 61 82 2
2111 61 83 14
2112 61 85 15
2113 61 88 9
2114 61 89 4
2115 61 98 14
2116 61 100 22
2117 61 102 7
2118 61 119 4
2119 61 130 14
2120 61 132 2
2121 61 138 8
2122 61 139 3
2123 61 150 2
2124 61 151 16
2125 61 157 6
2126 61 163 4
2127 61 165 3
2128 61 170 20
2129 61 181 3
2130 61 187 22
2131 61 197 5
2132 61 199 5
2133 62 67 5
2134 62 75 12
2135 62 77 16
2136 62 80 7
2137 62 90 5
2138 62 94 11
2139 62 102 13
2140 62 130 10
2141 62 131 7
2142 62 132 13
2143 62 135 10
2144 62 138 8
2145 62 147 23
2146 62 149 4
2147 62 153 20
2148 62 160 19
2149 62 171 3
2150 62 174 11
2151 62 178 15
2152 62 180 1
2153 63 68 7
2154 63 71 4
2155 63 73 3
2156 63 88 22
2157 63 89 24
2158 63 97 7
2159 63 99 7
2160 63 115 12
2161 63 120 12
2162 63 122 22
2163 63 125 24
2164 63 139 8
2165 63 142 4
2166 63 144 7
2167 63 146 21
2168 63 155 15
2169 63 156 8
2170 63 162 23
2171 63 164 11
2172 63 165 13
2173 63 171 3
2174 63 172 8
2175 63 175 7
2176 63 176 7
2177 63 184 23
2178 63 187 11
2179 63 188 17
2180 63 189 24
2181 64 68 16
2182 64 69 8
2183 64 81 22
2184 64 88 6
2185 64 90 25
2186 64 97 16
2187 64 99 25
2188 64 105 20
2189 64 109 3
2190 64 116 10
2191 64 120 24
2192 64 125 12
2193 64 132 2
2194 64 135 18
2195 64 152 10
2196 64 154 13
2197 64 161 10
2198 64 162 14
2199 64 170 12
2200 64 174 5
2201 64 176 24
2202 64 180 17
2203 64 184 11
2204 64 188 17
2205 64 191 20
2206 65 69 25
2207 65 80 12
2208 65 92 8
2209 65 93 23
2210 65 97 9
2211 65 111 6
2212 65 124 20
2213 65 131 10
2214 65 155 9
2215 65 156 1
2216 65 167 6
2217 65 168 8
2218 65 170 23
2219 65 180 16
2220 65 186 20
2221 65 188 8
2222 65 191 7
2223 65 193 12
2224 65 197 6
2225 66 70 15
2226 66 74 11
2227 66 81 10
2228 66 84 14
2229 66 86 23
2230 66 92 20
2231 66 96 3
2232 66 97 13
2233 66 108 1
2234 66 110 3
2235 66 111 2
2236 66 112 6
2237 66 117 19
2238 66 118 11
2239 66 123 19
2240 66 128 17
2241 66 129 8
2242 66 132 24
2243 66 140 1
2244 66 149 17
2245 66 166 20
2246 66 167 8
2247 66 169 9
2248 66 170 4
2249 66 171 7
2250 66 173 10
2251 66 174 23
2252 66 177 5
2253 66 180 18
2254 66 181 16
2255 66 193 6
2256 66 199 25
2257 67 69 2
2258 67 78 25
2259 67 95 25
2260 67 98 18
2261 67 103 7
2262 67 104 19
2263 67 106 14
2264 67 108 20
2265 67 109 4
2266 67 115 17
2267 67 127 16
2268 67 132 3
2269 67 136 22
2270 67 148 20
2271 67 152 21
2272 67 155 22
2273 67 157 3
2274 67 161 4
2275 67 163 16
2276 67 171 5
2277 67 174 19
2278 67 176 13
2279 67 179 13
2280 67 198 18
2281 67 199 25
2282 68 77 16
2283 68 81 8
2284 68 82 1
2285 68 83 1
2286 68 85 14
2287 68 88 10
2288 68 95 3
2289 68 99 3
2290 68 101 20
2291 68 114 8
2292 68 119 17
2293 68 125 3
2294 68 126 18
2295 68 127 22
2296 68 130 8
2297 68 137 18
2298 68 138 12
2299 68 139 1
2300 68 140 3
2301 68 143 14
2302 68 148 6
2303 68 152 12
2304 68 160 12
2305 68 161 25
2306 68 162 2
2307 68 167 10
2308 68 177 6
2309 68 184 20
2310 68 189 23
2311 69 74 3
2312 69 77 9
2313 69 78 4
2314 69 81 21
2315 69 84 12
2316 69 86 17
2317 69 89 2
2318 69 92 21
2319 69 93 25
2320 69 96 14
2321 69 97 20
2322 69 109 7
2323 69 112 4
2324 69 120 25
2325 69 131 15
2326 69 140 25
2327 69 151 13
2328 69 154 7
2329 69 158 10
2330 69 165 24
2331 69 166 21
2332 69 169 1
2333 69 170 24
2334 69 172 2
2335 69 173 25
2336 69 175 23
2337 69 185 19
2338 70 71 8
2339 70 75 4
2340 70 81 19
2341 70 84 23
2342 70 87 17
2343 70 96 9
2344 70 99 22
2345 70 104 5
2346 70 119 8
2347 70 120 18
2348 70 123 2
2349 70 128 21
2350 70 135 6
2351 70 141 1
2352 70 143 10
2353 70 149 1
2354 70 151 2
2355 70 152 19
2356 70 154 14
2357 70 161 14
2358 70 172 21
2359 70 175 16
2360 70 184 6
2361 70 185 9
2362 70 186 3
2363 70 190 1
2364 70 194 10
2365 70 196 5
2366 71 80 17
2367 71 85 15
2368 71 88 16
2369 71 90 13
2370 71 93 16
2371 71 97 17
2372 71 101 4
2373 71 105 21
2374 71 109 2
2375 71 110 2
2376 71 114 17
2377 71 117 5
2378 71 118 10
2379 71 119 2
2380 71 123 18
2381 71 127 11
2382 71 132 6
2383 71 137 11
2384 71 138 4
2385 71 139 10
2386 71 141 18
2387 71 149 7
2388 71 150 13
2389 71 151 17
2390 71 165 24
2391 71 172 10
2392 71 180 6
2393 71 181 23
2394 71 184 4
2395 71 187 13
2396 71 188 15
2397 71 190 12
2398 71 191 19
2399 71 192 8
2400 71 195 23
2401 72 74 18
2402 72 78 5
2403 72 79 3
2404 72 81 16
2405 72 84 5
2406 72 93 21
2407 72 95 25
2408 72 96 12
2409 72 99 23
2410 72 115 6
2411 72 119 4
2412 72 123 21
2413 72 124 9
2414 72 128 7
2415 72 132 24
2416 72 134 23
2417 72 150 22
2418 72 153 6
2419 72 154 6
2420 72 155 25
2421 72 158 22
2422 72 160 19
2423 72 165 7
2424 72 168 12
2425 72 173 19
2426 72 177 24
2427 72 180 23
2428 72 181 1
2429 72 190 2
2430 72 198 5
2431 73 94 6
2432 73 96 6
2433 73 111 8
2434 73 116 22
2435 73 120 9
2436 73 124 5
2437 73 126 2
2438 73 140 17
2439 73 142 12
2440 73 145 20
2441 73 149 16
2442 73 151 10
2443 73 155 2
2444 73 158 25
2445 73 161 8
2446 73 169 15
2447 73 172 25
2448 73 183 21
2449 73 189 22
2450 73 195 2
2451 74 77 23
2452 74 83 21
2453 74 89 7
2454 74 92 7
2455 74 94 25
2456 74 102 18
2457 74 110 23
2458 74 113 23
2459 74 122 13
2460 74 129 11
2461 74 149 5
2462 74 150 18
2463 74 153 15
2464 74 159 2
2465 74 162 19
2466 74 168 18
2467 74 171 25
2468 74 173 22
2469 74 186 5
2470 74 187 18
2471 74 193 11
2472 74 196 3
2473 75 90 8
2474 75 93 19
2475 75 94 3
2476 75 95 16
2477 75 101 6
2478 75 103 17
2479 75 110 19
2480 75 112 21
2481 75 114 20
2482 75 115 14
2483 75 122 8
2484 75 124 6
2485 75 127 24
2486 75 130 13
2487 75 134 18
2488 75 135 25
2489 75 136 16
2490 75 138 9
2491 75 144 8
2492 75 151 10
2493 75 154 11
2494 75 156 24
2495 75 171 10
2496 75 173 12
2497 75 176 10
2498 75 184 16
2499 75 189 16
2500 75 190 10
2501 76 80 2
2502 76 91 24
2503 76 94 1
2504 76 98 1
2505 76 102 17
2506 76 108 7
2507 76 116 22
2508 76 118 1
2509 76 119 10
2510 76 130 8
2511 76 133 21
2512 76 134 14
2513 76 135 16
2514 76 145 4
2515 76 153 13
2516 76 158 20
2517 76 162 15
2518 76 169 7
2519 76 175 17
2520 76 179 20
2521 76 183 4
2522 76 187 15
2523 76 188 7
2524 76 190 15
2525 76 191 19
2526 76 193 13
2527 76 194 1
2528 76 197 20
2529 77 80 16
2530 77 89 13
2531 77 91 12
2532 77 92 1
2533 77 96 25
2534 77 104 15
2535 77 108 22
2536 77 112 20
2537 77 116 1
2538 77 120 25
2539 77 132 11
2540 77 133 24
2541 77 135 2
2542 77 139 6
2543 77 142 14
2544 77 143 21
2545 77 147 1
2546 77 149 20
2547 77 152 25
2548 77 157 19
2549 77 166 24
2550 77 171 10
2551 77 172 14
2552 77 173 18
2553 77 174 18
2554 77 176 6
2555 77 179 4
2556 77 180 23
2557 77 188 5
2558 77 193 21
2559 78 84 15
2560 78 88 10
2561 78 99 7
2562 78 100 6
2563 78 103 21
2564 78 105 21
2565 78 112 25
2566 78 117 8
2567 78 121 24
2568 78 126 16
2569 78 127 5
2570 78 128 4
2571 78 141 10
2572 78 142 23
2573 78 143 20
2574 78 146 23
2575 78 148 23
2576 78 149 21
2577 78 150 22
2578 78 152 5
2579 78 153 15
2580 78 164 5
2581 78 176 19
2582 78 178 21
2583 78 199 24
2584 79 85 8
2585 79 95 13
2586 79 97 19
2587 79 113 16
2588 79 116 2
2589 79 117 14
2590 79 123 20
2591 79 126 7
2592 79 128 15
2593 79 131 24
2594 79 138 22
2595 79 143 11
2596 79 145 15
2597 79 148 18
2598 79 150 23
2599 79 151 19
2600 79 161 23
2601 79 162 22
2602 79 169 18
2603 79 170 18
2604 79 173 25
2605 79 174 25
2606 79 181 24
2607 79 187 1
2608 79 191 6
2609 80 85 23
2610 80 88 11
2611 80 99 2
2612 80 115 19
2613 80 133 9
2614 80 137 4
2615 80 139 3
2616 80 142 22
2617 80 148 17
2618 80 151 25
2619 80 159 22
2620 80 160 5
2621 80 176 17
2622 80 179 12
2623 80 181 15
2624 80 189 3
2625 80 192 14
2626 81 84 17
2627 81 92 2
2628 81 95 20
2629 81 98 7
2630 81 99 13
2631 81 102 17
2632 81 103 7
2633 81 105 19
2634 81 112 19
2635 81 114 12
2636 81 115 21
2637 81 120 17
2638 81 123 8
2639 81 131 9
2640 81 138 11
2641 81 146 2
2642 81 153 8
2643 81 154 5
2644 81 160 7
2645 81 166 23
2646 81 173 12
2647 81 181 17
2648 81 190 1
2649 81 194 20
2650 81 195 25
2651 82 83 1
2652 82 86 20
2653 82 87 12
2654 82 99 22
2655 82 108 3
2656 82 109 1
2657 82 112 16
2658 82 121 16
2659 82 122 18
2660 82 129 22
2661 82 133 1
2662 82 134 22
2663 82 138 5
2664 82 139 17
2665 82 143 7
2666 82 147 25
2667 82 152 21
2668 82 156 6
2669 82 162 4
2670 82 167 23
2671 82 175 15
2672 82 194 2
2673 82 196 17
2674 82 197 8
2675 83 84 10
2676 83 92 19
2677 83 111 19
2678 83 118 22
2679 83 120 9
2680 83 127 1
2681 83 130 10
2682 83 133 12
2683 83 141 13
2684 83 152 21
2685 83 160 3
2686 83 161 16
2687 83 163 11
2688 83 164 23
2689 83 178 11
2690 83 179 16
2691 83 181 15
2692 83 183 16
2693 83 186 19
2694 83 193 9
2695 84 90 12
2696 84 93 12
2697 84 104 5
2698 84 105 16
2699 84 122 21
2700 84 125 25
2701 84 126 19
2702 84 138 16
2703 84 143 23
2704 84 144 17
2705 84 152 5
2706 84 158 19
2707 84 160 1
2708 84 161 19
2709 84 165 17
2710 84 170 3
2711 84 175 3
2712 84 182 10
2713 84 190 9
2714 84 194 11
2715 84 196 13
2716 85 99 4
2717 85 113 11
2718 85 114 2
2719 85 116 19
2720 85 118 15
2721 85 121 14
2722 85 129 11
2723 85 132 10
2724 85 138 10
2725 85 142 9
2726 85 143 9
2727 85 155 6
2728 85 156 11
2729 85 160 9
2730 85 172 13
2731 85 178 20
2732 85 180 9
2733 85 181 1
2734 85 185 15
2735 85 190 2
2736 85 193 24
2737 85 195 25
2738 85 196 25
2739 85 197 3
2740 86 103 11
2741 86 114 14
2742 86 122 18
2743 86 129 23
2744 86 135 16
2745 86 140 4
2746 86 142 1
2747 86 158 25
2748 86 159 9
2749 86 165 17
2750 86 172 10
2751 86 182 5
2752 86 183 15
2753 86 185 13
2754 86 192 14
2755 86 195 21
2756 87 93 25
2757 87 96 3
2758 87 100 21
2759 87 104 23
2760 87 113 19
2761 87 118 5
2762 87 125 3
2763 87 132 16
2764 87 133 13
2765 87 144 8
2766 87 155 7
2767 87 156 25
2768 87 158 14
2769 87 160 18
2770 87 181 15
2771 87 182 15
2772 87 186 7
2773 87 195 4
2774 87 197 1
2775 88 92 8
2776 88 108 17
2777 88 112 7
2778 88 113 3
2779 88 118 14
2780 88 119 9
2781 88 121 6
2782 88 126 12
2783 88 127 16
2784 88 131 16
2785 88 144 10
2786 88 149 3
2787 88 155 21
2788 88 163 19
2789 88 165 15
2790 88 170 22
2791 88 171 10
2792 88 173 6
2793 88 175 11
2794 88 178 14
2795 88 180 22
2796 88 184 22
2797 88 185 13
2798 88 188 1
2799 88 189 5
2800 88 197 7
2801 89 90 4
2802 89 104 3
2803 89 112 16
2804 89 114 19
2805 89 126 23
2806 89 129 18
2807 89 133 19
2808 89 136 1
2809 89 139 11
2810 89 141 15
2811 89 143 11
2812 89 152 8
2813 89 165 13
2814 89 173 11
2815 89 180 7
2816 89 184 25
2817 89 186 8
2818 89 190 25
2819 89 193 4
2820 89 194 2
2821 90 92 10
2822 90 93 6
2823 90 99 4
2824 90 100 14
2825 90 101 6
2826 90 105 23
2827 90 108 18
2828 90 109 22
2829 90 111 4
2830 90 114 16
2831 90 133 12
2832 90 139 14
2833 90 140 21
2834 90 142 5
2835 90 144 23
2836 90 154 23
2837 90 159 5
2838 90 163 15
2839 90 166 2
2840 90 167 21
2841 90 168 20
2842 90 170 22
2843 90 171 3
2844 90 176 8
2845 90 180 7
2846 90 184 12
2847 90 191 15
2848 91 93 24
2849 91 95 8
2850 91 96 8
2851 91 101 17
2852 91 108 23
2853 91 109 23
2854 91 111 14
2855 91 118 16
2856 91 131 3
2857 91 136 1
2858 91 139 8
2859 91 143 24
2860 91 145 6
2861 91 146 16
2862 91 156 25
2863 91 162 13
2864 91 168 9
2865 91 184 21
2866 91 188 21
2867 91 189 2
2868 91 196 24
2869 92 107 3
2870 92 113 15
2871 92 125 9
2872 92 134 24
2873 92 138 7
2874 92 141 1
2875 92 143 23
2876 92 144 13
2877 92 152 7
2878 92 155 15
2879 92 158 12
2880 92 167 19
2881 92 172 8
2882 92 178 8
2883 92 189 5
2884 93 96 10
2885 93 104 17
2886 93 107 10
2887 93 130 3
2888 93 140 16
2889 93 141 22
2890 93 143 3
2891 93 145 18
2892 93 147 14
2893 93 149 21
2894 93 150 10
2895 93 153 17
2896 93 155 5
2897 93 162 4
2898 93 166 12
2899 93 173 7
2900 93 174 4
2901 93 175 16
2902 93 179 21
2903 93 192 4
2904 94 101 15
2905 94 105 13
2906 94 109 7
2907 94 111 7
2908 94 144 24
2909 94 145 3
2910 94 149 8
2911 94 150 21
2912 94 155 19
2913 94 159 13
2914 94 173 20
2915 94 174 13
2916 94 183 10
2917 94 184 5
2918 94 187 12
2919 94 191 15
2920 95 114 6
2921 95 115 22
2922 95 116 8
2923 95 117 22
2924 95 121 18
2925 95 126 4
2926 95 131 7
2927 95 134 19
2928 95 135 20
2929 95 136 11
2930 95 138 21
2931 95 140 25
2932 95 146 15
2933 95 150 14
2934 95 156 10
2935 95 161 2
2936 95 162 6
2937 95 171 2
2938 95 175 10
2939 95 185 19
2940 95 189 21
2941 95 193 14
2942 96 97 24
2943 96 104 18
2944 96 126 20
2945 96 130 24
2946 96 140 13
2947 96 153 8
2948 96 170 25
2949 96 174 24
2950 96 179 3
2951 96 182 21
2952 96 184 14
2953 96 190 15
2954 96 196 5
2955 97 99 12
2956 97 101 20
2957 97 108 14
2958 97 109 10
2959 97 110 5
2960 97 113 21
2961 97 116 13
2962 97 129 15
2963 97 130 17
2964 97 131 10
2965 97 138 15
2966 97 148 6
2967 97 160 12
2968 97 165 24
2969 97 169 15
2970 97 175 4
2971 97 187 2
2972 97 195 20
2973 97 197 16
2974 98 101 9
2975 98 102 6
2976 98 106 11
2977 98 107 10
2978 98 108 14
2979 98 110 4
2980 98 134 24
2981 98 144 6
2982 98 153 25
2983 98 157 4
2984 98 162 13
2985 98 170 16
2986 98 172 4
2987 98 184 2
2988 98 191 5
2989 98 193 7
2990 98 196 17
2991 98 198 11
2992 99 100 9
2993 99 102 12
2994 99 106 1
2995 99 112 4
2996 99 120 22
2997 99 123 3
2998 99 124 17
2999 99 126 6
3000 99 132 6
3001 99 135 11
3002 99 136 4
3003 99 137 7
3004 99 154 21
3005 99 156 5
3006 99 158 22
3007 99 174 5
3008 99 183 24
3009 99 193 8
3010 99 195 5
3011 100 102 11
3012 100 103 23
3013 100 104 20
3014 100 106 21
3015 100 115 25
3016 100 118 6
3017 100 131 14
3018 100 133 7
3019 100 143 8
3020 100 144 17
3021 100 146 1
3022 100 149 19
3023 100 151 17
3024 100 155 23
3025 100 160 6
3026 100 172 23
3027 100 173 14
3028 100 174 12
3029 100 178 19
3030 100 181 24
3031 100 185 5
3032 100 188 10
3033 100 191 1
3034 100 192 23
3035 100 197 24
3036 100 198 9
3037 100 199 17
3038 101 102 17
3039 101 103 13
3040 101 104 18
3041 101 108 17
3042 101 124 12
3043 101 143 16
3044 101 144 10
3045 101 147 25
3046 101 150 3
3047 101 152 3
3048 101 161 8
3049 101 163 17
3050 101 164 4
3051 101 166 25
3052 101 170 12
3053 101 179 19
3054 101 182 17
3055 101 184 20
3056 101 195 20
3057 102 105 6
3058 102 111 6
3059 102 115 5
3060 102 118 3
3061 102 123 13
3062 102 126 1
3063 102 127 6
3064 102 136 13
3065 102 137 11
3066 102 143 11
3067 102 149 13
3068 102 152 21
3069 102 156 8
3070 102 173 5
3071 102 175 7
3072 102 185 25
3073 102 188 4
3074 102 192 18
3075 102 194 12
3076 102 198 19
3077 103 104 22
3078 103 107 21
3079 103 108 18
3080 103 117 14
3081 103 126 6
3082 103 128 18
3083 103 142 25
3084 103 154 10
3085 103 174 1
3086 103 176 15
3087 103 182 16
3088 103 185 6
3089 103 190 6
3090 103 193 3
3091 104 105 12
3092 104 110 13
3093 104 114 25
3094 104 119 6
3095 104 121 19
3096 104 135 12
3097 104 139 3
3098 104 159 18
3099 104 168 5
3100 104 174 20
3101 104 177 19
3102 104 185 4
3103 104 186 12
3104 104 188 24
3105 104 190 1
3106 104 194 21
3107 104 199 1
3108 105 111 8
3109 105 123 21
3110 105 124 4
3111 105 130 9
3112 105 134 18
3113 105 139 15
3114 105 143 25
3115 105 146 22
3116 105 159 14
3117 105 169 15
3118 105 173 6
3119 105 189 12
3120 105 190 23
3121 106 110 17
3122 106 111 24
3123 106 114 25
3124 106 121 8
3125 106 122 14
3126 106 127 23
3127 106 128 6
3128 106 134 22
3129 106 135 8
3130 106 137 13
3131 106 142 5
3132 106 143 22
3133 106 144 15
3134 106 145 2
3135 106 158 21
3136 106 159 17
3137 106 160 7
3138 106 162 21
3139 106 174 24
3140 106 180 13
3141 106 182 21
3142 106 183 6
3143 106 186 17
3144 106 191 21
3145 106 193 1
3146 107 122 25
3147 107 136 20
3148 107 137 12
3149 107 140 19
3150 107 146 19
3151 107 151 24
3152 107 152 25
3153 107 156 16
3154 107 160 3
3155 107 165 14
3156 107 180 8
3157 107 183 16
3158 107 190 12
3159 108 112 25
3160 108 115 24
3161 108 116 4
3162 108 120 12
3163 108 128 22
3164 108 131 7
3165 108 137 25
3166 108 141 25
3167 108 151 2
3168 108 152 10
3169 108 154 18
3170 108 165 4
3171 108 170 23
3172 108 175 20
3173 108 191 22
3174 108 192 16
3175 108 196 6
3176 108 197 12
3177 109 118 25
3178 109 124 7
3179 109 128 10
3180 109 132 8
3181 109 146 16
3182 109 148 23
3183 109 149 4
3184 109 151 25
3185 109 152 19
3186 109 153 16
3187 109 156 7
3188 109 157 5
3189 109 161 20
3190 109 167 20
3191 109 174 14
3192 109 176 13
3193 109 179 6
3194 109 181 19
3195 109 189 8
3196 109 192 15
3197 109 195 4
3198 110 111 11
3199 110 113 21
3200 110 118 24
3201 110 124 16
3202 110 139 12
3203 110 141 15
3204 110 143 24
3205 110 145 20
3206 110 146 12
3207 110 150 25
3208 110 161 19
3209 110 165 15
3210 110 167 9
3211 110 168 1
3212 110 171 2
3213 110 176 3
3214 110 178 8
3215 110 184 1
3216 110 197 5
3217 110 198 3
3218 111 115 17
3219 111 116 4
3220 111 117 9
3221 111 131 11
3222 111 135 7
3223 111 136 2
3224 111 142 6
3225 111 143 11
3226 111 144 8
3227 111 161 1
3228 111 164 5
3229 111 171 17
3230 111 173 11
3231 111 174 5
3232 111 178 11
3233 111 188 18
3234 111 192 15
3235 111 193 22
3236 112 116 20
3237 112 122 5
3238 112 123 25
3239 112 126 17
3240 112 135 16
3241 112 138 8
3242 112 142 12
3243 112 145 1
3244 112 146 1
3245 112 153 24
3246 112 158 9
3247 112 161 10
3248 112 162 22
3249 112 163 13
3250 112 167 18
3251 112 170 19
3252 112 187 13
3253 113 118 14
3254 113 137 19
3255 113 142 1
3256 113 143 6
3257 113 148 6
3258 113 151 16
3259 113 154 18
3260 113 166 20
3261 113 169 13
3262 113 170 12
3263 113 171 25
3264 113 182 24
3265 113 184 8
3266 113 187 1
3267 113 188 13
3268 113 191 24
3269 113 193 23
3270 113 195 11
3271 113 198 4
3272 114 118 9
3273 114 124 4
3274 114 138 21
3275 114 142 17
3276 114 144 14
3277 114 145 12
3278 114 150 19
3279 114 152 20
3280 114 158 9
3281 114 159 1
3282 114 161 22
3283 114 162 20
3284 114 168 17
3285 114 173 9
3286 114 180 18
3287 114 184 2
3288 114 189 17
3289 114 190 16
3290 114 194 10
3291 114 197 20
3292 114 198 25
3293 115 116 3
3294 115 117 2
3295 115 122 1
3296 115 130 11
3297 115 131 24
3298 115 136 17
3299 115 137 1
3300 115 139 3
3301 115 142 4
3302 115 144 22
3303 115 145 4
3304 115 161 4
3305 115 163 15
3306 115 166 9
3307 115 167 9
3308 115 178 13
3309 115 180 13
3310 115 188 21
3311 115 191 7
3312 115 194 3
3313 116 121 23
3314 116 126 1
3315 116 135 22
3316 116 142 3
3317 116 151 5
3318 116 161 3
3319 116 168 9
3320 116 178 8
3321 116 182 10
3322 116 187 13
3323 116 196 9
3324 117 118 19
3325 117 124 3
3326 117 126 11
3327 117 127 9
3328 117 131 17
3329 117 133 15
3330 117 139 9
3331 117 143 18
3332 117 161 6
3333 117 165 6
3334 117 170 15
3335 117 172 24
3336 117 175 8
3337 117 177 3
3338 117 178 24
3339 117 179 19
3340 117 181 25
3341 117 184 2
3342 117 185 4
3343 117 186 4
3344 117 191 10
3345 117 193 20
3346 117 194 25
3347 117 197 22
3348 118 120 5
3349 118 128 4
3350 118 132 6
3351 118 136 17
3352 118 139 23
3353 118 140 3
3354 118 143 14
3355 118 150 22
3356 118 154 21
3357 118 155 15
3358 118 159 22
3359 118 161 12
3360 118 168 2
3361 118 185 24
3362 118 191 12
3363 118 192 14
3364 118 193 21
3365 119 127 23
3366 119 129 22
3367 119 144 2
3368 119 147 6
3369 119 151 15
3370 119 153 2
3371 119 159 23
3372 119 161 18
3373 119 168 15
3374 119 173 8
3375 119 183 18
3376 119 189 6
3377 119 195 4
3378 119 199 21
3379 120 133 23
3380 120 137 8
3381 120 139 15
3382 120 141 18
3383 120 143 17
3384 120 145 7
3385 120 146 7
3386 120 149 8
3387 120 153 24
3388 120 154 5
3389 120 158 10
3390 120 171 21
3391 120 172 15
3392 120 173 18
3393 120 178 5
3394 120 179 19
3395 120 180 18
3396 120 187 13
3397 120 188 24
3398 120 193 17
3399 120 196 21
3400 120 199 25
3401 121 127 11
3402 121 134 12
3403 121 139 1
3404 121 140 11
3405 121 154 18
3406 121 157 3
3407 121 162 6
3408 121 168 24
3409 121 173 13
3410 121 179 12
3411 121 184 1
3412 121 185 11
3413 121 187 10
3414 121 188 21
3415 122 125 24
3416 122 128 22
3417 122 131 13
3418 122 135 17
3419 122 148 23
3420 122 157 4
3421 122 167 25
3422 122 169 10
3423 122 173 2
3424 122 176 11
3425 122 182 10
3426 122 185 14
3427 122 189 1
3428 123 125 24
3429 123 131 9
3430 123 132 25
3431 123 134 24
3432 123 137 11
3433 123 148 3
3434 123 153 12
3435 123 157 15
3436 123 164 23
3437 123 165 2
3438 123 173 24
3439 123 175 22
3440 123 180 8
3441 123 182 21
3442 123 194 17
3443 123 196 12
3444 123 198 25
3445 124 125 9
3446 124 137 24
3447 124 142 8
3448 124 152 23
3449 124 155 25
3450 124 166 10
3451 124 175 9
3452 124 180 19
3453 124 187 25
3454 124 190 13
3455 124 199 8
3456 125 127 14
3457 125 131 14
3458 125 135 1
3459 125 139 9
3460 125 141 15
3461 125 153 7
3462 125 159 1
3463 125 161 1
3464 125 170 1
3465 125 174 21
3466 125 177 12
3467 125 189 25
3468 126 132 25
3469 126 134 17
3470 126 142 10
3471 126 144 23
3472 126 149 7
3473 126 151 7
3474 126 156 20
3475 126 159 23
3476 126 162 10
3477 126 166 2
3478 126 170 20
3479 126 173 20
3480 126 179 11
3481 126 184 4
3482 126 187 1
3483 126 191 18
3484 126 192 10
3485 126 195 11
3486 126 196 5
3487 127 128 11
3488 127 135 13
3489 127 150 23
3490 127 157 9
3491 127 161 6
3492 127 166 22
3493 127 167 6
3494 127 168 17
3495 127 171 23
3496 127 172 13
3497 127 178 17
3498 127 179 2
3499 127 185 15
3500 127 189 23
3501 127 193 10
3502 127 196 11
3503 127 197 1
3504 127 199 16
3505 128 130 2
3506 128 137 9
3507 128 150 20
3508 128 152 20
3509 128 157 7
3510 128 164 6
3511 128 170 14
3512 128 175 22
3513 128 181 11
3514 128 191 10
3515 128 192 25
3516 128 199 5
3517 129 134 8
3518 129 135 1
3519 129 138 15
3520 129 142 3
3521 129 144 22
3522 129 146 18
3523 129 147 8
3524 129 149 15
3525 129 150 16
3526 129 158 9
3527 129 179 5
3528 129 180 8
3529 129 188 13
3530 129 197 10
3531 129 199 14
3532 130 133 14
3533 130 134 17
3534 130 141 7
3535 130 144 2
3536 130 145 14
3537 130 153 24
3538 130 154 5
3539 130 159 14
3540 130 160 3
3541 130 165 16
3542 130 176 16
3543 130 177 14
3544 130 182 14
3545 130 184 5
3546 130 196 22
3547 130 197 7
3548 130 198 16
3549 131 135 1
3550 131 152 1
3551 131 153 9
3552 131 159 5
3553 131 164 17
3554 131 165 13
3555 131 169 5
3556 131 181 14
3557 131 186 19
3558 131 191 4
3559 131 196 1
3560 131 198 23
3561 132 133 25
3562 132 141 21
3563 132 142 4
3564 132 145 15
3565 132 152 17
3566 132 156 7
3567 132 159 11
3568 132 164 19
3569 132 177 16
3570 132 181 7
3571 132 192 19
3572 132 198 15
3573 133 140 21
3574 133 143 10
3575 133 147 22
3576 133 149 16
3577 133 153 8
3578 133 155 9
3579 133 168 20
3580 133 169 11
3581 133 174 16
3582 133 186 23
3583 133 190 23
3584 133 193 6
3585 133 198 11
3586 134 136 8
3587 134 139 11
3588 134 143 20
3589 134 148 2
3590 134 155 14
3591 134 163 1
3592 134 169 7
3593 134 173 12
3594 134 174 19
3595 134 180 22
3596 134 184 14
3597 134 185 13
3598 135 140 8
3599 135 149 1
3600 135 153 21
3601 135 155 18
3602 135 156 11
3603 135 159 24
3604 135 160 3
3605 135 173 18
3606 135 174 2
3607 135 176 20
3608 135 178 13
3609 135 180 2
3610 136 137 20
3611 136 139 17
3612 136 158 13
3613 136 160 24
3614 136 161 21
3615 136 162 2
3616 136 172 8
3617 136 174 21
3618 136 178 14
3619 136 191 22
3620 137 148 7
3621 137 153 12
3622 137 155 7
3623 137 178 17
3624 137 180 19
3625 137 181 1
3626 137 188 3
3627 137 193 15
3628 137 196 2
3629 137 197 2
3630 137 198 19
3631 138 140 21
3632 138 153 2
3633 138 154 10
3634 138 157 8
3635 138 163 1
3636 138 165 2
3637 138 168 13
3638 138 169 25
3639 138 175 24
3640 138 179 16
3641 138 183 18
3642 138 185 20
3643 138 186 21
3644 138 187 22
3645 138 188 23
3646 138 196 24
3647 138 199 7
3648 139 141 21
3649 139 142 19
3650 139 144 5
3651 139 145 13
3652 139 152 7
3653 139 153 24
3654 139 155 23
3655 139 157 7
3656 139 162 19
3657 139 165 20
3658 139 170 10
3659 139 182 17
3660 139 183 11
3661 139 194 12
3662 140 147 9
3663 140 168 6
3664 140 174 19
3665 140 176 25
3666 140 177 4
3667 140 180 13
3668 140 186 23
3669 140 190 25
3670 140 191 22
3671 141 149 11
3672 141 152 18
3673 141 154 11
3674 141 156 5
3675 141 159 22
3676 141 167 3
3677 141 169 11
3678 141 170 8
3679 141 182 15
3680 141 185 4
3681 141 189 16
3682 141 193 15
3683 141 195 5
3684 141 198 22
3685 141 199 12
3686 142 145 20
3687 142 146 18
3688 142 147 5
3689 142 151 10
3690 142 156 10
3691 142 157 22
3692 142 166 19
3693 142 167 19
3694 142 171 4
3695 142 173 25
3696 142 175 24
3697 142 176 15
3698 142 180 25
3699 142 184 23
3700 142 185 16
3701 142 187 1
3702 142 195 16
3703 143 147 17
3704 143 156 21
3705 143 160 14
3706 143 163 16
3707 143 165 10
3708 143 174 9
3709 143 176 12
3710 143 180 16
3711 143 181 13
3712 143 183 2
3713 143 184 17
3714 143 187 7
3715 143 189 24
3716 143 196 8
3717 144 148 12
3718 144 156 25
3719 144 158 6
3720 144 165 14
3721 144 167 3
3722 144 171 11
3723 144 179 18
3724 144 180 9
3725 144 183 8
3726 144 195 18
3727 144 197 23
3728 144 199 12
3729 145 149 21
3730 145 155 20
3731 145 165 13
3732 145 167 13
3733 145 181 23
3734 145 187 10
3735 145 189 12
3736 145 191 4
3737 145 193 9
3738 145 196 3
3739 146 147 17
3740 146 148 19
3741 146 150 19
3742 146 160 11
3743 146 161 14
3744 146 165 9
3745 146 168 18
3746 146 179 2
3747 146 192 7
3748 146 194 25
3749 147 148 8
3750 147 150 16
3751 147 155 17
3752 147 156 15
3753 147 166 19
3754 147 170 22
3755 147 172 16
3756 147 175 20
3757 147 180 20
3758 147 182 7
3759 147 183 19
3760 147 184 22
3761 147 185 21
3762 147 188 25
3763 147 189 16
3764 147 191 15
3765 147 193 3
3766 148 149 14
3767 148 154 13
3768 148 161 15
3769 148 178 5
3770 148 184 8
3771 148 185 16
3772 148 188 13
3773 149 155 23
3774 149 165 13
3775 149 172 10
3776 149 179 21
3777 149 180 8
3778 149 184 10
3779 149 187 9
3780 149 188 4
3781 149 196 10
3782 149 197 17
3783 150 151 19
3784 150 152 20
3785 150 153 25
3786 150 158 17
3787 150 159 8
3788 150 165 16
3789 150 168 6
3790 150 174 17
3791 150 179 13
3792 150 184 21
3793 150 185 4
3794 150 186 11
3795 150 189 13
3796 150 191 8
3797 150 199 2
3798 151 152 14
3799 151 156 14
3800 151 164 17
3801 151 167 19
3802 151 170 13
3803 151 177 4
3804 151 179 6
3805 151 187 12
3806 151 189 10
3807 151 191 6
3808 152 155 21
3809 152 156 7
3810 152 161 19
3811 152 165 1
3812 152 166 14
3813 152 172 22
3814 152 178 2
3815 152 186 3
3816 152 194 25
3817 152 195 3
3818 153 157 8
3819 153 162 8
3820 153 164 23
3821 153 169 14
3822 153 175 10
3823 153 178 9
3824 153 184 8
3825 153 186 24
3826 153 187 1
3827 154 157 19
3828 154 166 17
3829 154 169 7
3830 154 170 23
3831 154 176 11
3832 154 180 14
3833 154 182 10
3834 154 186 22
3835 155 157 14
3836 155 162 4
3837 155 169 14
3838 155 178 21
3839 155 179 9
3840 155 180 8
3841 155 182 22
3842 155 189 15
3843 155 191 24
3844 156 157 7
3845 156 158 7
3846 156 162 7
3847 156 169 4
3848 156 171 8
3849 156 182 13
3850 156 191 24
3851 156 195 11
3852 156 199 3
3853 157 162 4
3854 157 163 9
3855 157 168 17
3856 157 173 8
3857 157 182 16
3858 157 183 22
3859 157 195 13
3860 157 197 25
3861 157 199 19
3862 158 159 21
3863 158 161 5
3864 158 168 11
3865 158 172 7
3866 158 175 19
3867 158 178 16
3868 158 179 16
3869 158 187 8
3870 158 190 7
3871 158 197 13
3872 159 163 5
3873 159 171 1
3874 159 177 1
3875 159 180 16
3876 159 181 1
3877 159 188 25
3878 159 194 7
3879 159 195 15
3880 160 161 20
3881 160 162 12
3882 160 163 3
3883 160 167 3
3884 160 169 12
3885 160 177 15
3886 160 190 7
3887 161 165 21
3888 161 168 6
3889 161 170 18
3890 161 172 12
3891 161 174 18
3892 161 177 7
3893 161 191 22
3894 161 192 3
3895 161 195 3
3896 161 199 13
3897 162 166 23
3898 162 168 18
3899 162 170 20
3900 162 190 24
3901 162 193 10
3902 162 194 19
3903 162 195 22
3904 163 164 2
3905 163 182 6
3906 163 184 24
3907 163 188 2
3908 163 189 6
3909 163 190 19
3910 163 193 24
3911 164 165 16
3912 164 167 6
3913 164 171 15
3914 164 172 6
3915 164 173 11
3916 164 184 11
3917 164 188 14
3918 164 190 18
3919 164 197 5
3920 165 176 25
3921 165 187 24
3922 165 188 5
3923 165 191 13
3924 166 177 20
3925 166 178 22
3926 166 180 5
3927 166 187 5
3928 166 188 16
3929 166 189 21
3930 166 191 8
3931 166 193 12
3932 166 196 18
3933 166 198 5
3934 167 169 4
3935 167 172 10
3936 167 179 17
3937 167 180 21
3938 167 182 3
3939 167 183 22
3940 167 194 15
3941 167 198 8
3942 168 171 8
3943 168 174 23
3944 168 184 18
3945 168 190 7
3946 168 192 6
3947 168 196 7
3948 169 187 16
3949 169 189 12
3950 169 197 1
3951 169 199 9
3952 170 175 2
3953 170 176 22
3954 170 181 11
3955 170 187 19
3956 170 191 2
3957 170 195 17
3958 171 172 14
3959 171 174 2
3960 171 177 19
3961 171 181 6
3962 171 182 13
3963 171 190 3
3964 171 192 18
3965 172 181 7
3966 172 184 5
3967 172 188 23
3968 172 190 13
3969 173 178 18
3970 173 179 6
3971 173 189 15
3972 173 194 16
3973 173 196 24
3974 174 180 6
3975 174 181 10
3976 174 196 12
3977 174 198 9
3978 175 184 21
3979 176 177 18
3980 176 181 20
3981 176 188 5
3982 176 189 6
3983 176 196 22
3984 177 181 8
3985 177 191 7
3986 177 193 15
3987 177 196 11
3988 177 198 12
3989 178 184 5
3990 178 188 19
3991 178 193 12
3992 178 195 1
3993 178 198 15
3994 179 184 13
3995 179 189 18
3996 179 195 19
3997 180 182 6
3998 180 191 24
3999 181 185 19
4000 181 186 23
4001 181 190 14
4002 181 191 22
4003 181 193 6
4004 181 198 9
4005 182 187 22
4006 183 185 16
4007 183 187 16
4008 183 194 20
4009 184 185 20
4010 184 187 22
4011 184 188 17
4012 184 193 24
4013 184 198 10
4014 184 199 18
4015 185 195 7
4016 186 190 11
4017 186 192 13
4018 186 195 15
4019 186 199 12
4020 187 190 21
4021 187 193 16
4022 187 195 5
4023 187 198 4
4024 187 199 18
4025 188 190 14
4026 188 191 11
4027 188 195 11
4028 188 199 9
4029 189 194 16
4030 189 197 6
4031 189 198 16
4032 190 191 11
4033 190 198 6
4034 191 192 2
4035 191 196 1
4036 191 198 17
4037 192 198 8
4038 193 197 5
4039 194 195 15
4040 194 197 3
4041 195 197 20
