200 4033 25 25
0 22
1 24
2 10
3 15
4 17
5 21
6 3
7 23
8 12
9 5
10 8
11 21
12 16
13 12
14 10
15 3
16 8
17 1
18 17
19 21
20 11
21 19
22 23
23 2
24 20
25 11
26 20
27 20
28 14
29 8
30 24
31 24
32 5
33 20
34 16
35 4
36 15
37 16
38 1
39 2
40 10
41 4
42 15
43 25
44 4
45 23
46 3
47 2
48 1
49 23
50 6
51 8
52 5
53 25
54 24
55 24
56 4
57 2
58 7
59 16
60 8
61 8
62 6
63 7
64 12
65 11
66 5
67 2
68 5
69 2
70 18
71 21
72 5
73 5
74 14
75 9
76 17
77 3
78 3
79 22
80 20
81 18
82 9
83 15
84 1
85 20
86 13
87 6
88 18
89 9
90 6
91 6
92 17
93 4
94 15
95 9
96 6
97 6
98 22
99 19
100 8
101 6
102 12
103 16
104 12
105 10
106 17
107 15
108 20
109 10
110 23
111 23
112 9
113 3
114 23
115 8
116 2
117 15
118 22
119 7
120 11
121 18
122 25
123 22
124 5
125 5
126 13
127 15
128 9
129 9
130 5
131 7
132 24
133 20
134 24
135 15
136 10
137 7
138 14
139 6
140 6
141 9
142 3
143 1
144 6
145 8
146 21
147 12
148 24
149 24
150 5
151 25
152 12
153 4
154 15
155 23
156 20
157 22
158 4
159 21
160 19
161 21
162 4
163 1
164 5
165 2
166 21
167 8
168 12
169 14
170 22
171 14
172 3
173 3
174 2
175 13
176 25
177 23
178 1
179 3
180 11
181 17
182 21
183 25
184 3
185 14
186 15
187 20
188 3
189 12
190 16
191 4
192 8
193 19
194 20
195 20
196 1
197 9
198 25
199 8
0 0 2 3
1 0 3 8
2 0 4 17
3 0 7 12
4 0 10 16
5 0 23 18
6 0 24 12
7 0 28 21
8 0 58 20
9 0 64 14
10 0 68 15
11 0 83 18
12 0 91 15
13 0 92 4
14 0 103 2
15 0 107 22
16 0 108 15
17 0 110 20
18 0 117 22
19 0 118 24
20 0 129 18
21 0 130 13
22 0 132 24
23 0 134 16
24 0 136 11
25 0 137 17
26 0 144 25
27 0 149 7
28 0 152 13
29 0 154 2
30 0 165 14
31 0 175 17
32 0 179 19
33 0 183 20
34 0 188 3
35 0 190 12
36 0 191 3
37 1 2 12
38 1 3 4
39 1 11 1
40 1 28 5
41 1 38 12
42 1 39 17
43 1 45 12
44 1 48 4
45 1 53 20
46 1 63 6
47 1 67 23
48 1 80 12
49 1 82 6
50 1 88 19
51 1 91 11
52 1 92 13
53 1 105 4
54 1 114 12
55 1 115 10
56 1 117 3
57 1 118 15
58 1 119 9
59 1 121 5
60 1 122 17
61 1 125 15
62 1 128 15
63 1 136 24
64 1 144 1
65 1 154 6
66 1 156 1
67 1 172 23
68 1 178 3
69 1 183 15
70 1 185 7
71 1 188 12
72 1 192 20
73 1 193 21
74 1 194 4
75 1 195 8
76 2 3 7
77 2 14 18
78 2 21 25
79 2 24 1
80 2 33 13
81 2 38 14
82 2 39 7
83 2 41 15
84 2 42 5
85 2 50 19
86 2 67 11
87 2 70 11
88 2 71 1
89 2 72 7
90 2 76 24
91 2 81 22
92 2 82 17
93 2 83 17
94 2 87 24
95 2 89 7
96 2 97 10
97 2 98 4
98 2 100 24
99 2 101 17
100 2 103 16
101 2 109 14
102 2 114 3
103 2 139 14
104 2 144 19
105 2 147 8
106 2 153 5
107 2 156 9
108 2 160 14
109 2 168 3
110 2 173 7
111 2 175 6
112 2 180 17
113 2 181 8
114 2 183 16
115 2 188 17
116 2 196 14
117 3 4 6
118 3 6 16
119 3 10 17
120 3 20 24
121 3 28 16
122 3 32 17
123 3 37 3
124 3 46 4
125 3 47 14
126 3 50 15
127 3 52 22
128 3 55 6
129 3 56 13
130 3 61 18
131 3 69 18
132 3 74 2
133 3 79 1
134 3 91 3
135 3 97 15
136 3 99 14
137 3 100 15
138 3 102 12
139 3 113 1
140 3 117 24
141 3 120 15
142 3 125 14
143 3 128 4
144 3 134 19
145 3 135 20
146 3 136 20
147 3 143 11
148 3 152 10
149 3 157 10
150 3 158 8
151 3 160 6
152 3 161 9
153 3 162 1
154 3 165 18
155 3 166 19
156 3 172 22
157 3 174 14
158 3 177 17
159 3 195 2
160 4 13 24
161 4 16 16
162 4 20 9
163 4 29 19
164 4 35 25
165 4 41 17
166 4 42 13
167 4 43 20
168 4 44 10
169 4 48 2
170 4 49 14
171 4 50 9
172 4 51 9
173 4 53 8
174 4 55 11
175 4 61 19
176 4 69 25
177 4 72 4
178 4 77 17
179 4 80 4
180 4 81 4
181 4 85 19
182 4 89 4
183 4 93 6
184 4 95 4
185 4 97 16
186 4 110 22
187 4 119 16
188 4 123 6
189 4 131 15
190 4 134 2
191 4 144 10
192 4 149 5
193 4 158 10
194 4 159 8
195 4 164 9
196 4 170 15
197 4 173 13
198 4 176 7
199 4 177 24
200 4 180 10
201 4 188 8
202 5 8 11
203 5 12 3
204 5 14 25
205 5 20 4
206 5 21 9
207 5 31 16
208 5 32 19
209 5 42 17
210 5 43 21
211 5 47 19
212 5 59 8
213 5 60 1
214 5 74 5
215 5 77 6
216 5 78 6
217 5 86 7
218 5 93 25
219 5 104 4
220 5 108 5
221 5 117 11
222 5 128 19
223 5 133 17
224 5 143 12
225 5 153 8
226 5 158 24
227 5 160 8
228 5 167 2
229 5 175 8
230 5 177 2
231 5 179 2
232 5 184 18
233 5 189 6
234 5 191 9
235 5 192 11
236 6 35 15
237 6 38 23
238 6 50 11
239 6 66 18
240 6 73 3
241 6 87 12
242 6 92 17
243 6 93 24
244 6 99 1
245 6 108 12
246 6 110 17
247 6 118 12
248 6 119 21
249 6 123 10
250 6 130 16
251 6 135 6
252 6 137 18
253 6 144 19
254 6 148 23
255 6 152 10
256 6 158 11
257 6 162 9
258 6 163 15
259 6 168 17
260 6 190 11
261 6 195 14
262 7 10 13
263 7 18 21
264 7 32 11
265 7 58 15
266 7 63 16
267 7 69 10
268 7 76 5
269 7 79 19
270 7 83 16
271 7 87 18
272 7 90 2
273 7 101 17
274 7 104 25
275 7 107 9
276 7 116 18
277 7 117 24
278 7 118 1
279 7 119 17
280 7 120 3
281 7 123 21
282 7 125 22
283 7 128 15
284 7 129 13
285 7 132 14
286 7 133 1
287 7 135 6
288 7 140 25
289 7 144 15
290 7 152 3
291 7 159 22
292 7 162 10
293 7 167 15
294 7 177 10
295 7 191 11
296 7 192 19
297 7 197 9
298 7 198 16
299 8 11 6
300 8 18 8
301 8 21 25
302 8 25 23
303 8 27 25
304 8 37 19
305 8 38 10
306 8 47 2
307 8 49 5
308 8 54 2
309 8 60 6
310 8 63 7
311 8 67 21
312 8 68 2
313 8 69 11
314 8 73 2
315 8 76 15
316 8 87 16
317 8 93 8
318 8 95 19
319 8 96 7
320 8 97 16
321 8 98 23
322 8 99 21
323 8 106 16
324 8 108 22
325 8 114 14
326 8 121 23
327 8 123 20
328 8 125 2
329 8 127 14
330 8 132 20
331 8 140 23
332 8 143 6
333 8 152 6
334 8 157 17
335 8 158 14
336 8 159 16
337 8 161 16
338 8 163 22
339 8 170 15
340 8 172 25
341 8 174 15
342 8 178 7
343 8 179 22
344 8 186 22
345 8 188 20
346 8 191 13
347 8 195 25
348 8 198 22
349 9 14 6
350 9 29 21
351 9 32 22
352 9 37 25
353 9 45 9
354 9 48 9
355 9 52 1
356 9 55 12
357 9 67 11
358 9 72 3
359 9 81 9
360 9 88 4
361 9 94 15
362 9 98 10
363 9 107 19
364 9 108 7
365 9 117 3
366 9 120 24
367 9 139 17
368 9 153 3
369 9 160 13
370 9 162 25
371 9 164 25
372 9 167 13
373 9 177 20
374 9 179 18
375 9 191 13
376 9 193 24
377 9 194 25
378 9 198 11
379 10 17 21
380 10 18 23
381 10 20 24
382 10 22 7
383 10 24 13
384 10 26 14
385 10 34 9
386 10 40 4
387 10 41 11
388 10 53 9
389 10 62 16
390 10 64 4
391 10 78 3
392 10 79 22
393 10 81 22
394 10 87 24
395 10 90 15
396 10 96 13
397 10 98 24
398 10 106 3
399 10 107 3
400 10 120 1
401 10 122 23
402 10 123 17
403 10 124 15
404 10 131 22
405 10 137 11
406 10 143 8
407 10 152 10
408 10 154 16
409 10 157 17
410 10 158 10
411 10 164 6
412 10 175 1
413 10 179 11
414 10 181 10
415 10 186 15
416 10 188 8
417 10 193 10
418 11 12 21
419 11 19 20
420 11 23 10
421 11 29 10
422 11 30 19
423 11 38 2
424 11 44 20
425 11 49 3
426 11 61 8
427 11 69 19
428 11 77 11
429 11 80 7
430 11 83 18
431 11 91 19
432 11 95 18
433 11 98 17
434 11 101 9
435 11 103 15
436 11 105 11
437 11 106 8
438 11 107 12
439 11 111 16
440 11 112 11
441 11 113 25
442 11 115 1
443 11 116 24
444 11 117 7
445 11 121 17
446 11 123 7
447 11 124 3
448 11 127 14
449 11 133 4
450 11 158 6
451 11 165 19
452 11 169 8
453 11 178 6
454 11 190 12
455 11 195 14
456 11 196 16
457 11 198 23
458 12 20 18
459 12 26 5
460 12 27 21
461 12 36 3
462 12 37 23
463 12 41 3
464 12 50 1
465 12 51 17
466 12 54 11
467 12 57 9
468 12 70 10
469 12 72 4
470 12 76 9
471 12 81 7
472 12 85 9
473 12 89 6
474 12 99 19
475 12 101 25
476 12 102 5
477 12 110 20
478 12 115 6
479 12 124 4
480 12 133 10
481 12 136 7
482 12 146 16
483 12 152 12
484 12 155 7
485 12 158 18
486 12 164 7
487 12 167 25
488 12 173 12
489 12 177 15
490 12 187 6
491 12 198 13
492 13 14 12
493 13 16 10
494 13 17 3
495 13 20 19
496 13 21 5
497 13 28 18
498 13 29 10
499 13 34 4
500 13 37 3
501 13 47 10
502 13 52 14
503 13 59 25
504 13 60 1
505 13 67 14
506 13 70 12
507 13 73 20
508 13 74 4
509 13 94 10
510 13 103 14
511 13 105 24
512 13 114 25
513 13 118 18
514 13 123 20
515 13 130 24
516 13 136 10
517 13 138 6
518 13 145 6
519 13 149 25
520 13 169 9
521 13 174 24
522 13 180 10
523 13 181 18
524 13 182 25
525 13 187 15
526 13 191 9
527 13 196 1
528 14 16 9
529 14 29 19
530 14 30 1
531 14 36 17
532 14 42 3
533 14 43 12
534 14 46 2
535 14 48 21
536 14 50 2
537 14 51 15
538 14 57 11
539 14 61 9
540 14 62 12
541 14 64 13
542 14 67 23
543 14 71 7
544 14 75 21
545 14 84 11
546 14 86 21
547 14 88 11
548 14 90 12
549 14 91 25
550 14 100 14
551 14 108 20
552 14 109 13
553 14 111 4
554 14 116 23
555 14 119 15
556 14 121 5
557 14 127 8
558 14 140 6
559 14 144 14
560 14 167 14
561 14 171 13
562 14 176 22
563 14 186 12
564 14 194 25
565 15 19 25
566 15 26 15
567 15 29 25
568 15 33 19
569 15 39 11
570 15 40 19
571 15 43 17
572 15 57 17
573 15 60 17
574 15 61 8
575 15 62 16
576 15 64 21
577 15 70 12
578 15 72 16
579 15 74 19
580 15 79 13
581 15 92 25
582 15 98 18
583 15 104 1
584 15 113 16
585 15 116 8
586 15 119 25
587 15 121 6
588 15 122 12
589 15 131 1
590 15 134 20
591 15 136 25
592 15 137 19
593 15 141 4
594 15 164 15
595 15 176 17
596 15 194 21
597 15 195 9
598 15 199 23
599 16 27 12
600 16 30 18
601 16 39 10
602 16 41 24
603 16 42 25
604 16 52 25
605 16 56 3
606 16 59 15
607 16 62 25
608 16 63 4
609 16 65 17
610 16 67 17
611 16 79 7
612 16 81 19
613 16 83 16
614 16 96 10
615 16 103 11
616 16 108 11
617 16 110 22
618 16 113 6
619 16 115 21
620 16 116 22
621 16 120 12
622 16 130 23
623 16 131 23
624 16 141 17
625 16 145 3
626 16 148 12
627 16 151 14
628 16 152 12
629 16 155 8
630 16 157 6
631 16 159 7
632 16 160 4
633 16 166 24
634 16 178 4
635 16 193 6
636 16 197 7
637 17 22 2
638 17 25 1
639 17 28 20
640 17 35 8
641 17 41 15
642 17 42 8
643 17 47 1
644 17 48 16
645 17 56 2
646 17 62 17
647 17 67 21
648 17 75 2
649 17 80 22
650 17 92 10
651 17 95 11
652 17 104 19
653 17 105 14
654 17 107 14
655 17 114 2
656 17 122 1
657 17 126 21
658 17 127 25
659 17 128 15
660 17 132 15
661 17 134 1
662 17 143 6
663 17 146 15
664 17 152 10
665 17 155 16
666 17 156 2
667 17 158 11
668 17 165 16
669 17 166 23
670 17 178 20
671 17 181 16
672 17 184 5
673 17 199 20
674 18 28 2
675 18 38 5
676 18 40 7
677 18 45 25
678 18 48 4
679 18 49 13
680 18 52 9
681 18 56 21
682 18 57 5
683 18 64 20
684 18 66 9
685 18 67 14
686 18 72 22
687 18 74 16
688 18 75 23
689 18 79 3
690 18 83 5
691 18 87 14
692 18 93 13
693 18 95 22
694 18 98 2
695 18 109 24
696 18 111 19
697 18 115 25
698 18 131 11
699 18 132 25
700 18 133 2
701 18 134 22
702 18 145 11
703 18 152 19
704 18 153 7
705 18 157 1
706 18 162 1
707 18 163 7
708 18 167 15
709 18 175 2
710 18 180 3
711 18 190 21
712 18 194 13
713 18 199 21
714 19 22 3
715 19 24 8
716 19 25 2
717 19 27 22
718 19 31 14
719 19 35 15
720 19 36 12
721 19 37 19
722 19 41 24
723 19 42 18
724 19 56 18
725 19 64 5
726 19 71 10
727 19 72 14
728 19 74 21
729 19 79 1
730 19 80 20
731 19 85 21
732 19 91 1
733 19 92 8
734 19 100 13
735 19 114 13
736 19 121 25
737 19 127 22
738 19 131 25
739 19 149 4
740 19 153 8
741 19 154 8
742 19 156 2
743 19 166 24
744 19 176 10
745 19 184 1
746 19 190 11
747 19 195 4
748 19 196 11
749 20 31 12
750 20 33 10
751 20 36 10
752 20 42 12
753 20 48 18
754 20 50 24
755 20 51 15
756 20 54 14
757 20 62 12
758 20 65 22
759 20 71 5
760 20 73 4
761 20 104 16
762 20 105 9
763 20 108 9
764 20 121 5
765 20 128 25
766 20 129 8
767 20 131 9
768 20 134 3
769 20 135 5
770 20 149 11
771 20 151 11
772 20 157 18
773 20 158 12
774 20 163 17
775 20 164 11
776 20 174 21
777 20 176 16
778 20 178 3
779 20 179 8
780 20 186 10
781 20 188 15
782 20 198 19
783 21 26 20
784 21 31 6
785 21 40 24
786 21 50 12
787 21 53 24
788 21 57 19
789 21 58 25
790 21 60 25
791 21 65 9
792 21 67 9
793 21 70 24
794 21 71 6
795 21 77 24
796 21 79 9
797 21 83 20
798 21 85 18
799 21 99 8
800 21 101 11
801 21 107 9
802 21 109 21
803 21 110 6
804 21 112 4
805 21 126 6
806 21 127 3
807 21 128 19
808 21 132 22
809 21 138 14
810 21 154 7
811 21 162 18
812 21 175 9
813 21 182 10
814 21 183 8
815 21 187 4
816 21 192 10
817 21 193 12
818 21 195 11
819 21 196 10
820 22 30 2
821 22 33 9
822 22 34 15
823 22 38 12
824 22 39 10
825 22 45 8
826 22 53 18
827 22 54 23
828 22 66 14
829 22 68 20
830 22 83 8
831 22 84 10
832 22 89 1
833 22 90 9
834 22 98 9
835 22 99 5
836 22 106 19
837 22 108 14
838 22 110 24
839 22 114 2
840 22 122 4
841 22 123 22
842 22 126 25
843 22 128 12
844 22 129 7
845 22 137 1
846 22 139 14
847 22 141 17
848 22 142 8
849 22 143 21
850 22 154 23
851 22 161 8
852 22 163 9
853 22 168 9
854 22 186 18
855 22 193 25
856 22 194 1
857 23 27 20
858 23 29 23
859 23 31 7
860 23 41 20
861 23 44 1
862 23 49 12
863 23 55 5
864 23 59 18
865 23 63 19
866 23 65 16
867 23 67 19
868 23 68 17
869 23 76 10
870 23 81 21
871 23 82 1
872 23 90 18
873 23 98 5
874 23 103 4
875 23 105 19
876 23 108 14
877 23 112 3
878 23 114 1
879 23 124 10
880 23 127 17
881 23 129 15
882 23 131 7
883 23 136 22
884 23 137 23
885 23 145 12
886 23 153 3
887 23 155 6
888 23 160 6
889 23 170 6
890 23 177 4
891 23 189 13
892 23 192 12
893 24 27 24
894 24 30 4
895 24 43 13
896 24 49 7
897 24 54 9
898 24 55 16
899 24 57 17
900 24 59 11
901 24 61 23
902 24 66 24
903 24 75 21
904 24 82 10
905 24 86 25
906 24 90 7
907 24 91 19
908 24 93 18
909 24 94 10
910 24 97 10
911 24 99 13
912 24 101 24
913 24 102 14
914 24 106 16
915 24 108 19
916 24 111 12
917 24 115 25
918 24 121 10
919 24 131 7
920 24 139 15
921 24 143 23
922 24 144 11
923 24 145 12
924 24 146 25
925 24 155 6
926 24 157 5
927 24 161 23
928 24 166 20
929 24 170 5
930 24 178 20
931 24 181 23
932 24 187 25
933 24 189 13
934 24 192 3
935 25 27 24
936 25 35 15
937 25 36 4
938 25 37 4
939 25 41 13
940 25 44 21
941 25 50 22
942 25 51 1
943 25 52 8
944 25 53 24
945 25 54 12
946 25 61 23
947 25 65 2
948 25 69 22
949 25 72 24
950 25 73 14
951 25 78 4
952 25 80 22
953 25 82 11
954 25 83 10
955 25 85 21
956 25 101 17
957 25 107 17
958 25 115 17
959 25 118 22
960 25 124 11
961 25 125 10
962 25 130 12
963 25 132 11
964 25 135 13
965 25 144 11
966 25 146 8
967 25 164 3
968 25 170 15
969 25 172 10
970 25 178 10
971 25 179 10
972 25 180 11
973 25 183 3
974 25 184 9
975 25 185 18
976 25 199 10
977 26 37 21
978 26 52 15
979 26 53 3
980 26 54 10
981 26 61 19
982 26 65 12
983 26 66 9
984 26 69 18
985 26 71 5
986 26 79 11
987 26 80 1
988 26 87 23
989 26 91 14
990 26 92 22
991 26 94 2
992 26 107 20
993 26 119 14
994 26 123 23
995 26 131 9
996 26 139 17
997 26 141 12
998 26 142 12
999 26 145 14
1000 26 149 3
1001 26 156 5
1002 26 157 24
1003 26 160 13
1004 26 164 22
1005 26 165 9
1006 26 167 14
1007 26 172 10
1008 26 176 13
1009 26 178 25
1010 26 181 15
1011 26 185 10
1012 26 187 13
1013 27 30 2
1014 27 35 1
1015 27 36 10
1016 27 40 2
1017 27 41 24
1018 27 43 16
1019 27 52 2
1020 27 54 7
1021 27 61 25
1022 27 62 8
1023 27 63 15
1024 27 70 19
1025 27 83 10
1026 27 86 12
1027 27 92 6
1028 27 95 16
1029 27 97 8
1030 27 101 15
1031 27 103 15
1032 27 106 7
1033 27 110 12
1034 27 111 11
1035 27 127 8
1036 27 135 7
1037 27 141 22
1038 27 143 24
1039 27 145 3
1040 27 150 15
1041 27 155 10
1042 27 166 8
1043 27 172 1
1044 27 174 6
1045 27 175 19
1046 27 178 20
1047 27 181 5
1048 27 182 7
1049 27 193 22
1050 27 194 8
1051 27 196 19
1052 28 32 22
1053 28 39 17
1054 28 40 3
1055 28 42 9
1056 28 44 21
1057 28 55 9
1058 28 61 15
1059 28 65 2
1060 28 68 23
1061 28 70 4
1062 28 71 16
1063 28 82 14
1064 28 94 19
1065 28 107 10
1066 28 122 3
1067 28 129 5
1068 28 146 6
1069 28 150 25
1070 28 151 23
1071 28 160 20
1072 28 180 12
1073 28 197 4
1074 29 36 13
1075 29 37 17
1076 29 43 15
1077 29 49 8
1078 29 53 25
1079 29 56 2
1080 29 67 3
1081 29 76 7
1082 29 79 21
1083 29 80 24
1084 29 82 10
1085 29 88 23
1086 29 93 6
1087 29 94 2
1088 29 96 1
1089 29 101 5
1090 29 106 18
1091 29 108 1
1092 29 109 25
1093 29 130 12
1094 29 136 12
1095 29 137 3
1096 29 140 6
1097 29 143 15
1098 29 144 12
1099 29 148 8
1100 29 152 7
1101 29 159 1
1102 29 163 19
1103 29 167 2
1104 29 174 13
1105 29 177 25
1106 29 188 16
1107 29 193 16
1108 29 195 10
1109 30 34 15
1110 30 45 8
1111 30 47 7
1112 30 51 1
1113 30 62 6
1114 30 66 17
1115 30 67 3
1116 30 78 14
1117 30 85 5
1118 30 91 12
1119 30 93 21
1120 30 99 5
1121 30 103 24
1122 30 105 23
1123 30 113 11
1124 30 114 21
1125 30 116 22
1126 30 120 8
1127 30 121 24
1128 30 123 11
1129 30 125 4
1130 30 127 16
1131 30 137 3
1132 30 146 12
1133 30 148 4
1134 30 150 9
1135 30 158 23
1136 30 159 1
1137 30 163 11
1138 30 179 6
1139 30 183 12
1140 30 185 5
1141 30 189 6
1142 30 191 15
1143 30 192 25
1144 30 194 5
1145 30 195 18
1146 30 198 18
1147 31 44 23
1148 31 49 8
1149 31 51 14
1150 31 52 18
1151 31 54 24
1152 31 60 8
1153 31 70 14
1154 31 72 22
1155 31 73 14
1156 31 74 1
1157 31 79 1
1158 31 104 9
1159 31 111 12
1160 31 116 4
1161 31 117 21
1162 31 119 1
1163 31 121 13
1164 31 125 25
1165 31 127 22
1166 31 131 15
1167 31 132 25
1168 31 135 16
1169 31 137 5
1170 31 140 13
1171 31 146 6
1172 31 155 14
1173 31 162 12
1174 31 171 4
1175 31 175 21
1176 31 177 22
1177 31 178 22
1178 31 189 24
1179 31 192 22
1180 31 196 4
1181 32 33 12
1182 32 42 25
1183 32 47 6
1184 32 49 23
1185 32 50 8
1186 32 51 17
1187 32 52 10
1188 32 65 22
1189 32 66 5
1190 32 71 7
1191 32 75 25
1192 32 77 8
1193 32 84 7
1194 32 86 13
1195 32 103 14
1196 32 108 25
1197 32 112 16
1198 32 113 5
1199 32 116 10
1200 32 127 20
1201 32 145 19
1202 32 149 14
1203 32 152 17
1204 32 162 24
1205 32 163 16
1206 32 165 20
1207 32 169 9
1208 32 171 8
1209 32 173 25
1210 32 181 8
1211 32 184 20
1212 32 185 6
1213 32 186 6
1214 32 189 25
1215 32 191 13
1216 32 198 16
1217 33 42 18
1218 33 47 6
1219 33 51 21
1220 33 63 24
1221 33 69 16
1222 33 77 6
1223 33 90 1
1224 33 96 18
1225 33 124 17
1226 33 125 2
1227 33 126 4
1228 33 128 17
1229 33 129 22
1230 33 138 23
1231 33 155 3
1232 33 159 6
1233 33 163 12
1234 33 165 19
1235 33 166 7
1236 33 168 5
1237 33 170 12
1238 33 186 10
1239 33 189 19
1240 33 195 8
1241 33 196 14
1242 34 39 11
1243 34 41 19
1244 34 44 25
1245 34 54 5
1246 34 57 11
1247 34 65 20
1248 34 67 11
1249 34 68 7
1250 34 74 16
1251 34 82 23
1252 34 88 7
1253 34 92 3
1254 34 95 6
1255 34 97 7
1256 34 105 12
1257 34 107 6
1258 34 118 8
1259 34 120 14
1260 34 122 3
1261 34 126 7
1262 34 129 2
1263 34 135 14
1264 34 137 17
1265 34 140 1
1266 34 146 23
1267 34 150 17
1268 34 151 3
1269 34 152 25
1270 34 165 13
1271 34 181 8
1272 34 184 1
1273 34 186 22
1274 34 195 23
1275 34 197 22
1276 34 198 6
1277 35 43 21
1278 35 45 16
1279 35 46 16
1280 35 47 13
1281 35 49 9
1282 35 58 9
1283 35 63 1
1284 35 65 9
1285 35 73 15
1286 35 75 25
1287 35 79 19
1288 35 91 8
1289 35 95 24
1290 35 102 4
1291 35 106 1
1292 35 109 9
1293 35 111 8
1294 35 117 20
1295 35 118 1
1296 35 124 1
1297 35 129 12
1298 35 134 5
1299 35 146 10
1300 35 151 19
1301 35 166 11
1302 35 170 15
1303 35 176 23
1304 35 193 9
1305 35 196 17
1306 35 199 3
1307 36 40 3
1308 36 42 13
1309 36 43 10
1310 36 49 19
1311 36 55 10
1312 36 57 21
1313 36 65 2
1314 36 71 21
1315 36 73 15
1316 36 86 21
1317 36 88 18
1318 36 104 4
1319 36 107 21
1320 36 108 13
1321 36 120 11
1322 36 127 7
1323 36 131 12
1324 36 135 3
1325 36 143 13
1326 36 152 10
1327 36 160 5
1328 36 161 17
1329 36 163 6
1330 36 166 11
1331 36 167 12
1332 36 169 18
1333 36 183 14
1334 36 184 15
1335 36 186 4
1336 36 197 3
1337 36 199 20
1338 37 42 14
1339 37 44 7
1340 37 45 14
1341 37 46 11
1342 37 48 14
1343 37 59 20
1344 37 63 17
1345 37 81 13
1346 37 84 22
1347 37 87 7
1348 37 97 1
1349 37 101 8
1350 37 106 22
1351 37 117 16
1352 37 122 9
1353 37 138 6
1354 37 149 2
1355 37 152 5
1356 37 158 14
1357 37 161 14
1358 37 168 15
1359 37 175 4
1360 37 179 13
1361 37 181 18
1362 37 182 13
1363 37 184 21
1364 37 187 25
1365 37 190 22
1366 38 42 14
1367 38 43 2
1368 38 47 17
1369 38 49 24
1370 38 51 13
1371 38 57 13
1372 38 58 9
1373 38 61 8
1374 38 62 9
1375 38 71 10
1376 38 73 16
1377 38 81 7
1378 38 83 22
1379 38 87 3
1380 38 98 12
1381 38 107 10
1382 38 110 4
1383 38 114 22
1384 38 118 9
1385 38 121 20
1386 38 122 15
1387 38 142 3
1388 38 154 1
1389 38 156 8
1390 38 157 15
1391 38 158 13
1392 38 162 6
1393 38 166 12
1394 38 167 8
1395 38 170 21
1396 38 173 9
1397 38 176 24
1398 38 180 16
1399 38 186 18
1400 38 190 22
1401 38 197 7
1402 39 46 22
1403 39 47 4
1404 39 48 16
1405 39 49 20
1406 39 50 8
1407 39 56 19
1408 39 58 17
1409 39 63 19
1410 39 67 7
1411 39 72 8
1412 39 80 23
1413 39 86 15
1414 39 89 13
1415 39 95 4
1416 39 96 4
1417 39 100 24
1418 39 101 14
1419 39 106 23
1420 39 109 7
1421 39 110 15
1422 39 116 20
1423 39 117 5
1424 39 119 20
1425 39 121 1
1426 39 133 11
1427 39 140 24
1428 39 141 6
1429 39 148 6
1430 39 152 15
1431 39 153 18
1432 39 158 13
1433 39 159 20
1434 39 160 20
1435 39 162 16
1436 39 163 11
1437 39 166 12
1438 39 185 23
1439 39 189 5
1440 39 199 1
1441 40 42 16
1442 40 45 2
1443 40 47 6
1444 40 48 19
1445 40 56 5
1446 40 60 16
1447 40 69 5
1448 40 73 3
1449 40 85 9
1450 40 93 13
1451 40 98 21
1452 40 113 5
1453 40 115 5
1454 40 121 17
1455 40 122 14
1456 40 123 1
1457 40 130 16
1458 40 133 1
1459 40 142 6
1460 40 158 15
1461 40 160 6
1462 40 162 17
1463 40 169 3
1464 40 170 17
1465 40 174 16
1466 40 176 10
1467 40 179 10
1468 40 180 1
1469 40 193 20
1470 41 43 12
1471 41 45 9
1472 41 55 24
1473 41 56 10
1474 41 72 24
1475 41 83 16
1476 41 88 8
1477 41 96 16
1478 41 98 23
1479 41 105 9
1480 41 118 24
1481 41 127 11
1482 41 136 12
1483 41 142 23
1484 41 148 14
1485 41 167 16
1486 41 168 23
1487 41 173 9
1488 41 176 9
1489 41 180 4
1490 41 191 18
1491 41 196 13
1492 42 44 8
1493 42 49 8
1494 42 55 1
1495 42 60 22
1496 42 61 21
1497 42 63 5
1498 42 78 24
1499 42 82 10
1500 42 88 13
1501 42 91 4
1502 42 93 15
1503 42 95 13
1504 42 107 25
1505 42 111 6
1506 42 118 23
1507 42 121 15
1508 42 127 19
1509 42 135 13
1510 42 138 21
1511 42 149 19
1512 42 151 25
1513 42 153 17
1514 42 155 10
1515 42 158 2
1516 42 163 5
1517 42 177 1
1518 42 180 18
1519 42 186 18
1520 42 187 17
1521 42 189 12
1522 42 193 3
1523 42 194 11
1524 42 196 3
1525 43 45 11
1526 43 49 1
1527 43 50 22
1528 43 53 25
1529 43 57 6
1530 43 59 7
1531 43 63 24
1532 43 67 2
1533 43 73 11
1534 43 74 17
1535 43 76 23
1536 43 80 7
1537 43 115 9
1538 43 118 4
1539 43 125 11
1540 43 134 24
1541 43 136 4
1542 43 138 13
1543 43 148 17
1544 43 154 16
1545 43 160 18
1546 43 163 7
1547 43 172 1
1548 43 176 16
1549 43 177 8
1550 43 179 23
1551 43 180 25
1552 43 187 13
1553 43 188 18
1554 43 190 10
1555 43 197 9
1556 44 57 11
1557 44 59 12
1558 44 61 5
1559 44 66 8
1560 44 74 13
1561 44 79 1
1562 44 83 10
1563 44 90 14
1564 44 91 1
1565 44 93 18
1566 44 105 21
1567 44 108 1
1568 44 110 22
1569 44 114 14
1570 44 119 22
1571 44 124 7
1572 44 142 22
1573 44 144 6
1574 44 145 7
1575 44 150 13
1576 44 154 17
1577 44 164 6
1578 44 165 3
1579 44 167 11
1580 44 171 13
1581 44 178 4
1582 45 48 8
1583 45 50 3
1584 45 59 7
1585 45 60 5
1586 45 62 12
1587 45 77 22
1588 45 83 10
1589 45 85 19
1590 45 88 13
1591 45 94 4
1592 45 101 20
1593 45 103 9
1594 45 109 4
1595 45 111 10
1596 45 121 25
1597 45 122 24
1598 45 127 25
1599 45 129 15
1600 45 131 7
1601 45 134 17
1602 45 138 16
1603 45 157 25
1604 45 169 17
1605 45 172 21
1606 45 179 17
1607 45 187 1
1608 46 57 4
1609 46 59 13
1610 46 70 3
1611 46 73 13
1612 46 84 20
1613 46 86 20
1614 46 87 22
1615 46 88 19
1616 46 92 21
1617 46 93 5
1618 46 99 10
1619 46 100 11
1620 46 108 19
1621 46 114 23
1622 46 118 12
1623 46 120 22
1624 46 131 10
1625 46 137 19
1626 46 147 14
1627 46 151 20
1628 46 161 8
1629 46 166 20
1630 46 168 9
1631 46 169 19
1632 46 172 7
1633 46 173 2
1634 46 175 23
1635 46 176 21
1636 46 179 13
1637 46 194 6
1638 47 50 9
1639 47 78 14
1640 47 85 15
1641 47 87 7
1642 47 88 5
1643 47 93 13
1644 47 97 14
1645 47 100 11
1646 47 102 10
1647 47 110 9
1648 47 115 10
1649 47 117 5
1650 47 124 17
1651 47 135 23
1652 47 136 1
1653 47 140 14
1654 47 146 23
1655 47 148 3
1656 47 177 24
1657 47 183 25
1658 47 192 16
1659 48 49 18
1660 48 54 23
1661 48 57 2
1662 48 70 8
1663 48 76 20
1664 48 84 14
1665 48 96 17
1666 48 99 8
1667 48 108 1
1668 48 117 12
1669 48 119 19
1670 48 122 15
1671 48 129 17
1672 48 132 13
1673 48 133 17
1674 48 140 23
1675 48 144 1
1676 48 145 11
1677 48 146 20
1678 48 148 17
1679 48 149 10
1680 48 150 19
1681 48 153 2
1682 48 156 3
1683 48 167 11
1684 48 172 1
1685 48 175 8
1686 48 188 16
1687 48 189 24
1688 48 195 12
1689 48 196 5
1690 48 198 13
1691 49 54 6
1692 49 56 2
1693 49 57 13
1694 49 59 16
1695 49 64 17
1696 49 66 5
1697 49 68 7
1698 49 69 25
1699 49 70 1
1700 49 79 14
1701 49 81 14
1702 49 85 15
1703 49 99 5
1704 49 105 19
1705 49 115 21
1706 49 116 17
1707 49 130 12
1708 49 137 13
1709 49 141 20
1710 49 142 13
1711 49 148 2
1712 49 152 20
1713 49 170 9
1714 49 174 3
1715 49 176 9
1716 49 178 13
1717 49 184 13
1718 49 188 11
1719 49 189 15
1720 50 51 24
1721 50 69 8
1722 50 90 16
1723 50 93 10
1724 50 95 9
1725 50 106 10
1726 50 108 2
1727 50 109 2
1728 50 110 20
1729 50 113 11
1730 50 118 13
1731 50 120 3
1732 50 124 10
1733 50 126 1
1734 50 127 22
1735 50 140 1
1736 50 146 15
1737 50 150 6
1738 50 151 5
1739 50 155 17
1740 50 156 20
1741 50 168 16
1742 50 176 21
1743 50 188 23
1744 50 189 9
1745 50 192 20
1746 50 195 12
1747 51 53 1
1748 51 66 24
1749 51 68 17
1750 51 70 10
1751 51 71 9
1752 51 76 2
1753 51 79 21
1754 51 80 14
1755 51 84 6
1756 51 89 14
1757 51 91 11
1758 51 93 13
1759 51 96 14
1760 51 97 9
1761 51 100 13
1762 51 101 4
1763 51 112 8
1764 51 119 12
1765 51 126 2
1766 51 129 13
1767 51 132 1
1768 51 145 9
1769 51 147 21
1770 51 154 18
1771 51 155 18
1772 51 158 19
1773 51 160 25
1774 51 161 3
1775 51 163 5
1776 51 166 10
1777 51 169 12
1778 51 172 15
1779 51 174 24
1780 51 179 2
1781 51 180 25
1782 51 186 25
1783 51 187 6
1784 51 188 4
1785 51 198 22
1786 52 64 14
1787 52 65 17
1788 52 70 4
1789 52 71 12
1790 52 84 2
1791 52 92 6
1792 52 94 15
1793 52 96 7
1794 52 100 18
1795 52 102 14
1796 52 105 23
1797 52 111 17
1798 52 112 12
1799 52 122 8
1800 52 123 18
1801 52 126 13
1802 52 138 14
1803 52 141 5
1804 52 144 7
1805 52 147 21
1806 52 148 5
1807 52 157 17
1808 52 162 11
1809 52 164 22
1810 52 172 8
1811 52 192 4
1812 52 196 13
1813 52 199 22
1814 53 57 12
1815 53 59 12
1816 53 64 6
1817 53 68 3
1818 53 72 13
1819 53 75 15
1820 53 76 11
1821 53 94 23
1822 53 110 23
1823 53 111 18
1824 53 118 1
1825 53 120 9
1826 53 121 13
1827 53 128 2
1828 53 129 4
1829 53 130 3
1830 53 139 4
1831 53 142 16
1832 53 143 10
1833 53 152 25
1834 53 154 2
1835 53 157 7
1836 53 163 20
1837 53 167 21
1838 53 171 14
1839 53 176 12
1840 53 178 9
1841 53 187 13
1842 53 192 18
1843 54 57 17
1844 54 58 4
1845 54 66 11
1846 54 72 13
1847 54 73 17
1848 54 76 21
1849 54 79 13
1850 54 86 18
1851 54 87 13
1852 54 88 4
1853 54 90 14
1854 54 96 15
1855 54 97 15
1856 54 105 20
1857 54 110 14
1858 54 114 3
1859 54 115 18
1860 54 119 16
1861 54 121 19
1862 54 135 10
1863 54 136 17
1864 54 140 11
1865 54 151 5
1866 54 155 19
1867 54 158 25
1868 54 162 18
1869 54 164 4
1870 54 174 11
1871 54 175 17
1872 54 176 20
1873 54 178 10
1874 54 179 18
1875 54 185 10
1876 54 187 12
1877 54 191 4
1878 54 192 15
1879 54 199 1
1880 55 56 6
1881 55 62 20
1882 55 66 22
1883 55 72 23
1884 55 73 13
1885 55 80 16
1886 55 82 24
1887 55 89 24
1888 55 90 10
1889 55 92 14
1890 55 97 18
1891 55 102 23
1892 55 103 17
1893 55 114 4
1894 55 115 13
1895 55 145 5
1896 55 158 20
1897 55 160 14
1898 55 165 13
1899 55 168 10
1900 55 172 11
1901 55 175 23
1902 55 188 2
1903 55 195 9
1904 55 197 21
1905 56 59 18
1906 56 61 2
1907 56 62 11
1908 56 66 16
1909 56 73 13
1910 56 77 25
1911 56 79 14
1912 56 82 2
1913 56 86 3
1914 56 90 10
1915 56 91 21
1916 56 111 5
1917 56 116 5
1918 56 120 14
1919 56 121 1
1920 56 126 10
1921 56 128 18
1922 56 139 9
1923 56 142 18
1924 56 148 6
1925 56 150 5
1926 56 155 5
1927 56 156 5
1928 56 158 13
1929 56 161 6
1930 56 164 9
1931 56 166 21
1932 56 168 5
1933 56 179 16
1934 56 181 12
1935 56 187 8
1936 56 190 20
1937 56 193 6
1938 56 195 19
1939 56 196 21
1940 57 60 16
1941 57 62 13
1942 57 69 14
1943 57 74 19
1944 57 79 11
1945 57 88 21
1946 57 89 25
1947 57 96 10
1948 57 102 3
1949 57 121 20
1950 57 133 5
1951 57 135 17
1952 57 142 9
1953 57 146 15
1954 57 149 15
1955 57 150 2
1956 57 156 24
1957 57 159 23
1958 57 161 9
1959 57 165 13
1960 57 167 19
1961 57 170 25
1962 57 174 15
1963 57 177 12
1964 57 179 6
1965 57 182 8
1966 57 188 25
1967 57 199 7
1968 58 60 6
1969 58 71 23
1970 58 75 12
1971 58 77 10
1972 58 79 17
1973 58 85 18
1974 58 87 7
1975 58 104 21
1976 58 112 21
1977 58 115 22
1978 58 119 14
1979 58 125 19
1980 58 142 13
1981 58 144 13
1982 58 150 20
1983 58 155 25
1984 58 157 16
1985 58 175 10
1986 58 179 24
1987 58 181 1
1988 58 183 2
1989 58 189 5
1990 58 192 14
1991 59 65 12
1992 59 68 22
1993 59 70 17
1994 59 85 12
1995 59 107 15
1996 59 116 24
1997 59 121 4
1998 59 123 24
1999 59 124 5
2000 59 125 18
2001 59 135 2
2002 59 142 11
2003 59 150 25
2004 59 154 16
2005 59 162 5
2006 59 166 15
2007 59 172 8
2008 59 181 14
2009 59 182 24
2010 59 192 10
2011 60 62 23
2012 60 69 14
2013 60 76 22
2014 60 80 11
2015 60 81 4
2016 60 86 20
2017 60 89 4
2018 60 97 3
2019 60 99 7
2020 60 100 15
2021 60 102 24
2022 60 111 4
2023 60 114 20
2024 60 122 3
2025 60 134 18
2026 60 136 7
2027 60 146 9
2028 60 150 19
2029 60 151 8
2030 60 153 4
2031 60 165 5
2032 60 167 11
2033 60 183 12
2034 60 184 17
2035 60 185 7
2036 60 189 21
2037 60 193 20
2038 60 194 1
2039 60 199 21
2040 61 68 3
2041 61 72 15
2042 61 75 15
2043 61 77 17
2044 61 78 18
2045 61 81 20
2046 61 82 18
2047 61 85 24
2048 61 89 20
2049 61 91 5
2050 61 93 24
2051 61 101 4
2052 61 105 6
2053 61 123 25
2054 61 124 8
2055 61 126 24
2056 61 129 13
2057 61 131 22
2058 61 139 15
2059 61 156 21
2060 61 159 16
2061 61 161 16
2062 61 163 23
2063 61 164 21
2064 61 166 25
2065 61 174 17
2066 61 175 25
2067 61 183 25
2068 61 184 5
2069 61 185 12
2070 62 76 3
2071 62 77 13
2072 62 89 17
2073 62 117 3
2074 62 122 2
2075 62 124 5
2076 62 127 24
2077 62 130 22
2078 62 137 19
2079 62 142 6
2080 62 147 24
2081 62 150 3
2082 62 152 9
2083 62 163 11
2084 62 164 11
2085 62 170 9
2086 62 171 8
2087 62 172 21
2088 62 176 5
2089 62 182 12
2090 62 191 22
2091 62 192 12
2092 62 196 6
2093 63 66 18
2094 63 71 25
2095 63 72 2
2096 63 74 1
2097 63 85 5
2098 63 101 11
2099 63 108 9
2100 63 122 6
2101 63 123 9
2102 63 126 15
2103 63 129 11
2104 63 130 12
2105 63 133 22
2106 63 138 15
2107 63 145 17
2108 63 151 13
2109 63 152 13
2110 63 164 24
2111 63 173 19
2112 63 190 23
2113 63 192 22
2114 63 195 6
2115 64 71 3
2116 64 74 3
2117 64 75 24
2118 64 82 14
2119 64 88 15
2120 64 96 16
2121 64 98 22
2122 64 103 18
2123 64 113 11
2124 64 114 2
2125 64 116 23
2126 64 118 9
2127 64 122 1
2128 64 123 23
2129 64 124 18
2130 64 129 16
2131 64 143 10
2132 64 147 21
2133 64 148 10
2134 64 154 8
2135 64 155 8
2136 64 156 15
2137 64 157 16
2138 64 158 25
2139 64 159 24
2140 64 162 1
2141 64 163 13
2142 64 171 17
2143 64 173 18
2144 64 181 22
2145 64 182 24
2146 64 186 9
2147 64 199 2
2148 65 74 16
2149 65 80 22
2150 65 81 22
2151 65 83 15
2152 65 89 14
2153 65 92 15
2154 65 105 24
2155 65 107 11
2156 65 110 15
2157 65 114 22
2158 65 115 25
2159 65 120 23
2160 65 129 8
2161 65 137 2
2162 65 144 10
2163 65 151 22
2164 65 152 2
2165 65 153 18
2166 65 164 14
2167 65 168 20
2168 65 171 13
2169 65 178 5
2170 65 179 18
2171 65 181 12
2172 65 187 22
2173 65 191 9
2174 65 196 11
2175 65 199 3
2176 66 76 10
2177 66 83 25
2178 66 92 4
2179 66 97 12
2180 66 98 7
2181 66 101 5
2182 66 107 19
2183 66 110 18
2184 66 125 4
2185 66 129 17
2186 66 133 19
2187 66 136 24
2188 66 138 3
2189 66 148 14
2190 66 149 7
2191 66 155 20
2192 66 158 22
2193 66 161 5
2194 66 162 19
2195 66 166 13
2196 66 176 25
2197 66 191 24
2198 66 194 14
2199 66 196 6
2200 67 69 10
2201 67 74 9
2202 67 81 23
2203 67 86 20
2204 67 88 8
2205 67 105 15
2206 67 112 20
2207 67 119 15
2208 67 121 8
2209 67 125 4
2210 67 137 6
2211 67 142 1
2212 67 149 16
2213 67 152 4
2214 67 163 23
2215 67 165 20
2216 67 169 19
2217 67 174 24
2218 67 178 5
2219 67 179 7
2220 67 180 24
2221 67 183 12
2222 67 185 9
2223 67 188 19
2224 67 194 13
2225 67 196 2
2226 68 70 17
2227 68 75 3
2228 68 80 10
2229 68 82 10
2230 68 88 16
2231 68 101 1
2232 68 114 9
2233 68 122 9
2234 68 129 25
2235 68 130 25
2236 68 131 1
2237 68 134 1
2238 68 142 9
2239 68 147 20
2240 68 148 24
2241 68 150 25
2242 68 154 5
2243 68 155 15
2244 68 160 12
2245 68 173 25
2246 68 176 23
2247 68 177 20
2248 68 184 22
2249 68 193 24
2250 68 197 20
2251 68 198 19
2252 69 77 4
2253 69 87 7
2254 69 89 12
2255 69 91 17
2256 69 100 9
2257 69 108 9
2258 69 113 11
2259 69 114 18
2260 69 115 17
2261 69 116 8
2262 69 120 1
2263 69 121 23
2264 69 124 11
2265 69 125 13
2266 69 127 9
2267 69 128 10
2268 69 139 15
2269 69 140 10
2270 69 141 24
2271 69 144 1
2272 69 154 1
2273 69 156 3
2274 69 158 21
2275 69 162 22
2276 69 174 6
2277 69 175 12
2278 69 179 3
2279 69 182 5
2280 69 186 11
2281 69 194 19
2282 69 198 8
2283 70 71 23
2284 70 74 2
2285 70 75 19
2286 70 80 1
2287 70 86 16
2288 70 87 16
2289 70 89 12
2290 70 91 22
2291 70 93 7
2292 70 98 21
2293 70 106 17
2294 70 116 21
2295 70 118 20
2296 70 123 12
2297 70 124 16
2298 70 126 1
2299 70 140 17
2300 70 141 2
2301 70 142 5
2302 70 155 12
2303 70 156 19
2304 70 158 17
2305 70 168 1
2306 70 192 5
2307 70 193 22
2308 70 194 10
2309 70 197 21
2310 70 199 7
2311 71 74 15
2312 71 75 14
2313 71 84 7
2314 71 86 11
2315 71 91 11
2316 71 94 25
2317 71 97 25
2318 71 101 2
2319 71 103 6
2320 71 110 16
2321 71 114 10
2322 71 116 21
2323 71 117 7
2324 71 126 6
2325 71 127 11
2326 71 130 21
2327 71 135 25
2328 71 146 8
2329 71 147 21
2330 71 151 5
2331 71 154 15
2332 71 155 6
2333 71 162 15
2334 71 163 17
2335 71 164 4
2336 71 166 12
2337 71 168 9
2338 71 185 1
2339 71 190 24
2340 71 199 1
2341 72 76 20
2342 72 81 24
2343 72 83 6
2344 72 84 18
2345 72 87 6
2346 72 90 22
2347 72 93 21
2348 72 95 5
2349 72 99 15
2350 72 100 14
2351 72 104 7
2352 72 107 25
2353 72 114 18
2354 72 125 4
2355 72 129 4
2356 72 130 24
2357 72 135 13
2358 72 139 21
2359 72 153 9
2360 72 154 1
2361 72 155 17
2362 72 156 7
2363 72 163 8
2364 72 165 10
2365 72 168 16
2366 72 172 5
2367 72 178 17
2368 72 180 10
2369 72 184 20
2370 72 189 18
2371 72 193 1
2372 73 98 15
2373 73 110 24
2374 73 111 20
2375 73 114 22
2376 73 115 20
2377 73 119 2
2378 73 121 3
2379 73 124 8
2380 73 130 19
2381 73 131 17
2382 73 132 15
2383 73 134 20
2384 73 141 10
2385 73 142 4
2386 73 148 2
2387 73 149 14
2388 73 154 22
2389 73 162 11
2390 73 165 16
2391 73 169 14
2392 73 173 11
2393 73 177 1
2394 73 187 13
2395 74 75 5
2396 74 79 25
2397 74 81 4
2398 74 86 18
2399 74 88 23
2400 74 90 2
2401 74 91 2
2402 74 94 2
2403 74 96 21
2404 74 102 8
2405 74 119 3
2406 74 127 23
2407 74 150 21
2408 74 154 10
2409 74 158 23
2410 74 161 18
2411 74 171 3
2412 74 173 20
2413 74 174 22
2414 74 175 19
2415 75 76 1
2416 75 78 20
2417 75 85 21
2418 75 86 9
2419 75 90 7
2420 75 91 17
2421 75 93 15
2422 75 96 12
2423 75 97 21
2424 75 101 17
2425 75 102 16
2426 75 110 12
2427 75 115 11
2428 75 116 7
2429 75 118 15
2430 75 119 12
2431 75 124 6
2432 75 125 14
2433 75 127 12
2434 75 129 13
2435 75 131 17
2436 75 132 11
2437 75 136 15
2438 75 140 8
2439 75 142 13
2440 75 153 22
2441 75 156 22
2442 75 157 9
2443 75 159 19
2444 75 160 20
2445 75 162 6
2446 75 165 23
2447 75 169 1
2448 75 171 19
2449 75 176 12
2450 75 178 3
2451 75 182 17
2452 75 188 18
2453 75 191 9
2454 75 196 7
2455 76 77 14
2456 76 82 12
2457 76 94 12
2458 76 97 13
2459 76 98 15
2460 76 99 23
2461 76 102 23
2462 76 103 25
2463 76 108 1
2464 76 127 9
2465 76 144 16
2466 76 147 23
2467 76 148 6
2468 76 151 7
2469 76 153 9
2470 76 156 1
2471 76 158 12
2472 76 168 19
2473 76 174 3
2474 76 175 25
2475 76 184 22
2476 76 187 21
2477 76 192 1
2478 77 81 8
2479 77 90 20
2480 77 94 3
2481 77 96 13
2482 77 98 5
2483 77 104 19
2484 77 105 14
2485 77 112 19
2486 77 117 7
2487 77 125 20
2488 77 128 12
2489 77 133 22
2490 77 134 13
2491 77 135 4
2492 77 149 24
2493 77 159 20
2494 77 166 5
2495 77 169 12
2496 77 171 8
2497 77 176 12
2498 77 179 17
2499 77 184 11
2500 78 80 16
2501 78 81 13
2502 78 82 10
2503 78 91 4
2504 78 103 6
2505 78 104 15
2506 78 113 21
2507 78 115 20
2508 78 118 24
2509 78 120 1
2510 78 124 12
2511 78 125 20
2512 78 132 16
2513 78 146 18
2514 78 150 20
2515 78 151 23
2516 78 154 15
2517 78 158 2
2518 78 159 22
2519 78 166 11
2520 78 167 9
2521 78 169 2
2522 78 174 16
2523 78 178 3
2524 78 179 8
2525 78 180 21
2526 78 181 8
2527 78 191 18
2528 78 192 14
2529 78 193 14
2530 78 194 8
2531 78 199 22
2532 79 85 24
2533 79 87 21
2534 79 88 7
2535 79 95 7
2536 79 99 14
2537 79 107 4
2538 79 111 10
2539 79 129 1
2540 79 131 18
2541 79 134 22
2542 79 137 18
2543 79 138 7
2544 79 140 23
2545 79 150 2
2546 79 151 11
2547 79 159 13
2548 79 172 9
2549 79 177 4
2550 79 190 1
2551 79 191 6
2552 79 197 24
2553 80 83 1
2554 80 93 14
2555 80 96 6
2556 80 98 20
2557 80 108 2
2558 80 112 3
2559 80 115 4
2560 80 116 25
2561 80 117 24
2562 80 138 13
2563 80 141 22
2564 80 143 25
2565 80 145 8
2566 80 154 1
2567 80 162 15
2568 80 173 4
2569 80 175 14
2570 80 184 21
2571 80 196 18
2572 80 197 8
2573 80 198 10
2574 81 83 6
2575 81 90 14
2576 81 93 22
2577 81 96 5
2578 81 99 4
2579 81 103 20
2580 81 122 11
2581 81 123 7
2582 81 126 5
2583 81 131 18
2584 81 136 23
2585 81 145 2
2586 81 148 21
2587 81 150 5
2588 81 151 1
2589 81 159 13
2590 81 161 25
2591 81 163 10
2592 81 177 23
2593 81 178 15
2594 81 185 6
2595 81 186 13
2596 81 188 6
2597 81 190 3
2598 81 195 19
2599 82 84 16
2600 82 87 7
2601 82 96 23
2602 82 98 10
2603 82 99 14
2604 82 106 17
2605 82 109 13
2606 82 110 17
2607 82 112 22
2608 82 113 4
2609 82 123 8
2610 82 125 3
2611 82 126 20
2612 82 130 23
2613 82 132 25
2614 82 158 23
2615 82 164 15
2616 82 171 25
2617 82 173 5
2618 82 175 13
2619 82 192 25
2620 82 195 9
2621 82 198 18
2622 83 88 17
2623 83 92 7
2624 83 94 13
2625 83 96 6
2626 83 99 21
2627 83 102 1
2628 83 103 16
2629 83 105 12
2630 83 106 1
2631 83 108 7
2632 83 110 2
2633 83 115 21
2634 83 116 8
2635 83 117 5
2636 83 128 2
2637 83 130 20
2638 83 131 7
2639 83 133 21
2640 83 135 6
2641 83 140 11
2642 83 153 16
2643 83 154 8
2644 83 155 14
2645 83 159 4
2646 83 167 11
2647 83 168 1
2648 83 169 21
2649 83 174 24
2650 83 176 24
2651 83 184 25
2652 83 193 1
2653 83 198 9
2654 84 86 19
2655 84 90 18
2656 84 93 21
2657 84 95 7
2658 84 97 11
2659 84 104 4
2660 84 118 22
2661 84 137 11
2662 84 138 19
2663 84 150 2
2664 84 156 19
2665 84 157 21
2666 84 161 22
2667 84 164 13
2668 84 173 1
2669 84 174 13
2670 84 185 24
2671 84 186 24
2672 84 192 21
2673 84 194 7
2674 84 197 7
2675 85 88 4
2676 85 89 7
2677 85 97 7
2678 85 100 23
2679 85 107 5
2680 85 124 25
2681 85 126 17
2682 85 139 1
2683 85 141 2
2684 85 143 20
2685 85 145 16
2686 85 148 22
2687 85 154 2
2688 85 159 22
2689 85 161 18
2690 85 166 13
2691 85 177 4
2692 85 187 6
2693 85 195 5
2694 86 96 1
2695 86 102 6
2696 86 104 16
2697 86 107 4
2698 86 116 13
2699 86 126 3
2700 86 127 5
2701 86 131 17
2702 86 134 12
2703 86 146 17
2704 86 152 24
2705 86 153 12
2706 86 156 8
2707 86 165 5
2708 86 169 16
2709 86 173 22
2710 86 174 10
2711 86 181 15
2712 86 183 25
2713 86 187 12
2714 86 196 6
2715 86 197 8
2716 87 88 9
2717 87 91 8
2718 87 93 15
2719 87 97 16
2720 87 102 15
2721 87 105 6
2722 87 106 23
2723 87 113 14
2724 87 124 9
2725 87 129 17
2726 87 131 1
2727 87 134 8
2728 87 139 25
2729 87 147 10
2730 87 148 1
2731 87 151 2
2732 87 152 19
2733 87 153 7
2734 87 156 19
2735 87 157 12
2736 87 161 24
2737 87 163 8
2738 87 168 21
2739 87 170 20
2740 87 171 2
2741 87 178 25
2742 87 180 17
2743 87 181 9
2744 87 182 8
2745 87 185 19
2746 87 192 9
2747 88 91 15
2748 88 93 14
2749 88 97 18
2750 88 103 15
2751 88 106 8
2752 88 113 1
2753 88 123 21
2754 88 137 22
2755 88 139 17
2756 88 140 24
2757 88 154 22
2758 88 156 16
2759 88 157 3
2760 88 160 16
2761 88 162 13
2762 88 164 21
2763 88 165 12
2764 88 167 17
2765 88 171 23
2766 88 186 2
2767 88 188 20
2768 88 199 7
2769 89 97 13
2770 89 109 13
2771 89 110 20
2772 89 111 24
2773 89 116 7
2774 89 123 3
2775 89 128 9
2776 89 131 23
2777 89 132 15
2778 89 133 5
2779 89 134 22
2780 89 135 21
2781 89 140 3
2782 89 145 21
2783 89 152 12
2784 89 165 3
2785 89 172 2
2786 89 173 19
2787 89 177 19
2788 89 180 11
2789 89 181 3
2790 89 182 12
2791 89 185 16
2792 89 192 9
2793 90 92 1
2794 90 100 5
2795 90 119 9
2796 90 138 18
2797 90 139 16
2798 90 144 20
2799 90 149 24
2800 90 151 4
2801 90 152 10
2802 90 159 10
2803 90 160 12
2804 90 164 15
2805 90 170 19
2806 90 173 20
2807 90 175 24
2808 90 179 14
2809 90 183 19
2810 90 196 3
2811 91 95 4
2812 91 100 1
2813 91 102 10
2814 91 106 15
2815 91 108 14
2816 91 109 1
2817 91 110 18
2818 91 112 7
2819 91 120 19
2820 91 123 21
2821 91 135 22
2822 91 136 4
2823 91 137 25
2824 91 153 1
2825 91 163 20
2826 91 170 8
2827 91 173 10
2828 91 178 14
2829 91 179 21
2830 91 185 10
2831 91 186 10
2832 91 192 6
2833 91 195 12
2834 92 93 21
2835 92 94 22
2836 92 98 5
2837 92 102 14
2838 92 105 16
2839 92 111 2
2840 92 115 2
2841 92 121 22
2842 92 127 3
2843 92 129 17
2844 92 132 13
2845 92 136 18
2846 92 137 1
2847 92 140 10
2848 92 144 2
2849 92 149 24
2850 92 161 2
2851 92 162 13
2852 92 172 14
2853 92 174 7
2854 92 177 7
2855 92 178 15
2856 92 182 11
2857 92 186 9
2858 92 192 16
2859 92 194 15
2860 93 98 10
2861 93 104 21
2862 93 108 9
2863 93 109 4
2864 93 111 6
2865 93 115 17
2866 93 118 17
2867 93 124 2
2868 93 131 22
2869 93 133 10
2870 93 135 2
2871 93 140 4
2872 93 151 23
2873 93 153 6
2874 93 161 19
2875 93 162 7
2876 93 166 2
2877 93 167 23
2878 93 177 5
2879 93 178 16
2880 93 183 5
2881 93 185 12
2882 93 190 8
2883 93 191 19
2884 93 192 7
2885 93 199 22
2886 94 101 10
2887 94 103 2
2888 94 113 9
2889 94 117 14
2890 94 118 11
2891 94 125 20
2892 94 132 13
2893 94 134 9
2894 94 135 19
2895 94 136 23
2896 94 137 14
2897 94 153 2
2898 94 154 19
2899 94 165 6
2900 94 167 22
2901 94 168 7
2902 94 174 10
2903 94 177 21
2904 94 181 8
2905 94 183 3
2906 94 189 7
2907 94 191 6
2908 94 193 18
2909 94 194 20
2910 94 195 13
2911 94 197 16
2912 95 96 1
2913 95 99 12
2914 95 102 2
2915 95 108 20
2916 95 111 8
2917 95 112 11
2918 95 118 14
2919 95 122 12
2920 95 123 20
2921 95 142 11
2922 95 146 22
2923 95 147 11
2924 95 151 8
2925 95 154 12
2926 95 156 10
2927 95 169 3
2928 95 173 7
2929 95 179 15
2930 95 181 13
2931 96 106 10
2932 96 134 10
2933 96 142 18
2934 96 155 6
2935 96 161 7
2936 96 163 11
2937 96 172 2
2938 96 173 8
2939 96 180 22
2940 96 184 1
2941 96 190 17
2942 96 191 21
2943 96 194 19
2944 96 197 25
2945 96 199 6
2946 97 104 2
2947 97 108 11
2948 97 109 6
2949 97 110 17
2950 97 114 15
2951 97 123 11
2952 97 128 2
2953 97 131 7
2954 97 132 14
2955 97 140 12
2956 97 147 4
2957 97 151 16
2958 97 154 16
2959 97 155 9
2960 97 157 15
2961 97 160 12
2962 97 164 17
2963 97 170 21
2964 97 179 20
2965 97 190 14
2966 97 198 12
2967 98 100 21
2968 98 108 1
2969 98 109 8
2970 98 111 13
2971 98 113 25
2972 98 117 21
2973 98 118 19
2974 98 119 18
2975 98 123 16
2976 98 134 2
2977 98 139 12
2978 98 154 6
2979 98 155 11
2980 98 162 19
2981 98 163 1
2982 98 165 10
2983 98 168 6
2984 98 169 11
2985 98 171 8
2986 98 172 11
2987 98 175 13
2988 98 176 12
2989 98 188 20
2990 98 190 2
2991 98 192 9
2992 98 194 15
2993 98 196 18
2994 99 101 7
2995 99 102 1
2996 99 110 24
2997 99 115 13
2998 99 122 14
2999 99 125 15
3000 99 126 4
3001 99 127 18
3002 99 129 19
3003 99 130 24
3004 99 137 1
3005 99 140 14
3006 99 141 25
3007 99 159 5
3008 99 169 15
3009 99 175 25
3010 99 179 7
3011 99 181 2
3012 99 183 24
3013 100 101 18
3014 100 104 23
3015 100 112 14
3016 100 114 2
3017 100 119 19
3018 100 122 25
3019 100 130 16
3020 100 139 22
3021 100 145 6
3022 100 149 16
3023 100 159 1
3024 100 160 21
3025 100 161 16
3026 100 164 8
3027 100 166 15
3028 100 168 8
3029 100 169 16
3030 100 178 12
3031 100 179 4
3032 100 180 2
3033 100 185 11
3034 100 187 22
3035 100 190 4
3036 100 199 24
3037 101 105 25
3038 101 107 25
3039 101 109 10
3040 101 121 17
3041 101 127 15
3042 101 163 19
3043 101 166 19
3044 101 167 16
3045 101 174 10
3046 101 182 2
3047 101 186 4
3048 101 194 13
3049 101 195 15
3050 101 198 2
3051 102 114 8
3052 102 118 6
3053 102 122 4
3054 102 126 3
3055 102 131 11
3056 102 134 18
3057 102 138 8
3058 102 140 15
3059 102 141 2
3060 102 146 24
3061 102 147 19
3062 102 151 19
3063 102 154 5
3064 102 155 1
3065 102 159 7
3066 102 162 22
3067 102 164 2
3068 102 166 7
3069 102 167 18
3070 102 172 25
3071 102 173 4
3072 102 176 11
3073 102 192 15
3074 102 197 14
3075 103 106 15
3076 103 110 1
3077 103 113 1
3078 103 114 15
3079 103 115 5
3080 103 117 21
3081 103 120 17
3082 103 124 25
3083 103 128 17
3084 103 129 12
3085 103 130 19
3086 103 132 3
3087 103 137 14
3088 103 146 21
3089 103 154 7
3090 103 158 12
3091 103 159 8
3092 103 165 13
3093 103 168 11
3094 103 172 1
3095 103 173 19
3096 103 174 23
3097 103 180 14
3098 103 181 15
3099 103 186 12
3100 103 195 16
3101 104 107 21
3102 104 108 16
3103 104 113 2
3104 104 114 14
3105 104 123 12
3106 104 143 12
3107 104 145 17
3108 104 148 6
3109 104 149 24
3110 104 155 13
3111 104 157 5
3112 104 158 9
3113 104 160 7
3114 104 166 5
3115 104 168 18
3116 104 175 4
3117 104 176 10
3118 104 183 12
3119 104 185 1
3120 104 186 22
3121 104 193 6
3122 104 195 22
3123 104 197 23
3124 105 107 11
3125 105 111 5
3126 105 113 15
3127 105 115 24
3128 105 118 10
3129 105 122 15
3130 105 126 5
3131 105 132 17
3132 105 139 8
3133 105 140 6
3134 105 141 5
3135 105 143 25
3136 105 156 5
3137 105 167 12
3138 105 173 7
3139 105 181 4
3140 105 184 24
3141 105 189 15
3142 105 191 23
3143 105 194 25
3144 105 199 7
3145 106 129 21
3146 106 135 16
3147 106 139 8
3148 106 140 4
3149 106 148 21
3150 106 150 11
3151 106 164 12
3152 106 166 6
3153 106 167 16
3154 106 174 14
3155 106 182 24
3156 106 186 10
3157 107 108 8
3158 107 111 5
3159 107 114 2
3160 107 115 4
3161 107 124 16
3162 107 126 3
3163 107 127 24
3164 107 128 3
3165 107 130 10
3166 107 134 13
3167 107 137 1
3168 107 141 24
3169 107 142 12
3170 107 146 1
3171 107 152 11
3172 107 155 18
3173 107 166 22
3174 107 167 4
3175 107 177 8
3176 107 187 20
3177 107 191 16
3178 107 192 5
3179 107 195 1
3180 108 110 5
3181 108 111 16
3182 108 113 22
3183 108 115 25
3184 108 117 7
3185 108 118 8
3186 108 121 25
3187 108 124 21
3188 108 127 25
3189 108 128 3
3190 108 129 22
3191 108 132 10
3192 108 157 1
3193 108 158 9
3194 108 166 22
3195 108 173 7
3196 108 175 9
3197 108 186 14
3198 108 187 6
3199 108 192 1
3200 108 194 22
3201 108 199 25
3202 109 110 4
3203 109 111 10
3204 109 114 21
3205 109 117 25
3206 109 124 5
3207 109 126 15
3208 109 127 23
3209 109 130 19
3210 109 146 16
3211 109 148 24
3212 109 156 25
3213 109 158 11
3214 109 161 16
3215 109 168 23
3216 109 169 3
3217 109 175 8
3218 109 180 3
3219 109 185 25
3220 109 196 11
3221 110 111 25
3222 110 114 24
3223 110 120 20
3224 110 125 22
3225 110 133 4
3226 110 150 6
3227 110 151 20
3228 110 162 14
3229 110 168 24
3230 110 174 22
3231 110 185 4
3232 111 114 20
3233 111 129 14
3234 111 130 18
3235 111 132 3
3236 111 133 5
3237 111 136 4
3238 111 139 5
3239 111 142 4
3240 111 147 6
3241 111 149 1
3242 111 156 12
3243 111 160 8
3244 111 178 20
3245 111 179 4
3246 111 183 2
3247 111 186 19
3248 111 187 18
3249 111 188 4
3250 111 189 3
3251 111 192 13
3252 112 114 23
3253 112 115 9
3254 112 124 7
3255 112 125 10
3256 112 130 9
3257 112 138 13
3258 112 147 12
3259 112 153 2
3260 112 156 6
3261 112 159 18
3262 112 166 24
3263 112 168 21
3264 112 172 15
3265 112 183 2
3266 112 186 14
3267 112 193 23
3268 113 115 8
3269 113 118 8
3270 113 123 16
3271 113 125 18
3272 113 147 7
3273 113 151 2
3274 113 160 23
3275 113 165 18
3276 113 169 17
3277 113 170 1
3278 113 182 6
3279 113 189 23
3280 114 115 6
3281 114 131 19
3282 114 133 10
3283 114 141 6
3284 114 147 19
3285 114 159 7
3286 114 162 8
3287 114 177 14
3288 114 180 20
3289 114 183 18
3290 114 187 19
3291 114 190 1
3292 114 191 24
3293 114 195 1
3294 115 119 17
3295 115 124 4
3296 115 128 20
3297 115 136 9
3298 115 137 3
3299 115 140 20
3300 115 141 9
3301 115 143 20
3302 115 144 19
3303 115 145 24
3304 115 147 1
3305 115 148 23
3306 115 154 23
3307 115 159 9
3308 115 160 12
3309 115 162 8
3310 115 167 23
3311 115 171 17
3312 115 173 19
3313 115 175 10
3314 115 176 17
3315 115 185 3
3316 115 187 9
3317 115 198 17
3318 116 119 3
3319 116 124 15
3320 116 139 16
3321 116 152 20
3322 116 153 25
3323 116 160 14
3324 116 163 6
3325 116 168 18
3326 116 170 8
3327 116 173 11
3328 116 176 24
3329 116 178 21
3330 116 181 22
3331 116 186 6
3332 116 187 11
3333 116 191 8
3334 117 128 17
3335 117 135 7
3336 117 138 1
3337 117 148 21
3338 117 149 23
3339 117 153 5
3340 117 164 10
3341 117 172 3
3342 117 173 17
3343 117 183 12
3344 117 187 24
3345 117 199 2
3346 118 121 5
3347 118 126 21
3348 118 137 11
3349 118 139 10
3350 118 141 12
3351 118 143 15
3352 118 148 14
3353 118 149 5
3354 118 152 10
3355 118 155 22
3356 118 160 7
3357 118 168 15
3358 118 181 1
3359 118 183 14
3360 118 184 1
3361 118 185 21
3362 118 186 24
3363 118 198 23
3364 118 199 6
3365 119 120 7
3366 119 121 14
3367 119 122 9
3368 119 127 14
3369 119 136 23
3370 119 139 14
3371 119 142 19
3372 119 146 21
3373 119 147 24
3374 119 152 16
3375 119 154 7
3376 119 156 22
3377 119 157 23
3378 119 167 4
3379 119 170 15
3380 119 175 1
3381 119 178 11
3382 119 181 19
3383 119 185 14
3384 119 190 4
3385 119 196 18
3386 119 199 15
3387 120 125 9
3388 120 127 9
3389 120 133 5
3390 120 146 19
3391 120 150 12
3392 120 153 23
3393 120 158 24
3394 120 162 14
3395 120 170 12
3396 120 171 10
3397 120 182 9
3398 120 188 1
3399 120 192 6
3400 120 194 1
3401 121 129 12
3402 121 133 8
3403 121 137 21
3404 121 141 11
3405 121 152 12
3406 121 158 12
3407 121 159 10
3408 121 161 10
3409 121 169 7
3410 121 179 2
3411 121 182 10
3412 121 187 8
3413 121 196 6
3414 122 126 11
3415 122 130 4
3416 122 143 16
3417 122 144 3
3418 122 146 21
3419 122 150 15
3420 122 152 4
3421 122 153 16
3422 122 154 7
3423 122 156 1
3424 122 159 17
3425 122 160 10
3426 122 163 18
3427 122 173 8
3428 122 181 17
3429 122 187 19
3430 122 188 23
3431 122 191 10
3432 123 125 5
3433 123 129 8
3434 123 131 10
3435 123 143 16
3436 123 148 1
3437 123 156 11
3438 123 161 20
3439 123 164 14
3440 123 169 8
3441 123 173 22
3442 123 183 1
3443 123 189 22
3444 123 190 6
3445 123 197 16
3446 124 126 22
3447 124 139 9
3448 124 141 16
3449 124 143 24
3450 124 144 3
3451 124 146 18
3452 124 149 7
3453 124 154 20
3454 124 158 9
3455 124 164 19
3456 124 174 20
3457 124 184 13
3458 124 190 5
3459 125 126 10
3460 125 149 8
3461 125 155 16
3462 125 156 18
3463 125 159 21
3464 125 161 21
3465 125 166 6
3466 125 168 21
3467 125 174 9
3468 125 175 5
3469 125 182 22
3470 125 188 22
3471 125 195 8
3472 125 197 10
3473 125 199 11
3474 126 130 22
3475 126 135 25
3476 126 142 13
3477 126 144 22
3478 126 145 22
3479 126 148 7
3480 126 149 22
3481 126 160 6
3482 126 172 16
3483 126 178 14
3484 126 183 22
3485 126 190 22
3486 126 195 11
3487 127 131 19
3488 127 135 13
3489 127 138 20
3490 127 140 17
3491 127 144 5
3492 127 147 12
3493 127 149 24
3494 127 150 20
3495 127 153 15
3496 127 154 9
3497 127 156 1
3498 127 157 22
3499 127 158 2
3500 127 169 8
3501 127 170 3
3502 127 171 24
3503 127 173 25
3504 127 177 21
3505 127 179 8
3506 127 180 9
3507 127 185 5
3508 127 186 2
3509 127 187 24
3510 127 190 16
3511 127 198 5
3512 128 129 22
3513 128 132 13
3514 128 137 14
3515 128 138 13
3516 128 140 19
3517 128 144 14
3518 128 149 1
3519 128 152 2
3520 128 154 15
3521 128 161 14
3522 128 163 23
3523 128 171 8
3524 128 172 10
3525 128 178 3
3526 128 179 7
3527 128 195 20
3528 128 196 6
3529 128 198 24
3530 129 138 13
3531 129 144 18
3532 129 151 6
3533 129 162 5
3534 129 167 4
3535 129 171 17
3536 129 172 8
3537 129 173 20
3538 129 174 3
3539 129 176 15
3540 129 178 20
3541 129 180 7
3542 129 194 19
3543 129 197 17
3544 129 199 3
3545 130 134 11
3546 130 135 23
3547 130 137 3
3548 130 143 14
3549 130 149 15
3550 130 151 16
3551 130 158 1
3552 130 160 22
3553 130 163 23
3554 130 164 17
3555 130 166 16
3556 130 175 6
3557 130 176 17
3558 130 189 16
3559 131 144 23
3560 131 148 21
3561 131 170 8
3562 131 173 16
3563 131 181 11
3564 131 185 19
3565 131 188 18
3566 131 191 15
3567 131 195 2
3568 132 139 12
3569 132 142 15
3570 132 153 3
3571 132 154 14
3572 132 157 8
3573 132 161 23
3574 132 165 2
3575 132 166 11
3576 132 172 19
3577 132 173 17
3578 132 176 20
3579 132 177 20
3580 132 179 13
3581 132 181 15
3582 132 182 18
3583 132 194 1
3584 132 195 8
3585 132 199 13
3586 133 139 10
3587 133 142 25
3588 133 143 2
3589 133 150 6
3590 133 152 19
3591 133 158 25
3592 133 162 6
3593 133 163 11
3594 133 169 4
3595 133 173 15
3596 133 177 3
3597 133 178 7
3598 133 180 7
3599 133 194 16
3600 133 197 22
3601 134 137 16
3602 134 139 2
3603 134 142 10
3604 134 148 9
3605 134 150 23
3606 134 151 17
3607 134 153 15
3608 134 155 17
3609 134 157 7
3610 134 171 1
3611 134 172 8
3612 134 173 20
3613 134 176 13
3614 134 179 22
3615 134 190 13
3616 134 195 11
3617 135 139 24
3618 135 140 7
3619 135 143 6
3620 135 148 5
3621 135 149 23
3622 135 150 10
3623 135 155 22
3624 135 161 8
3625 135 165 16
3626 135 167 5
3627 135 185 12
3628 135 186 17
3629 135 189 11
3630 135 191 8
3631 135 192 2
3632 136 145 25
3633 136 150 6
3634 136 154 23
3635 136 159 9
3636 136 165 19
3637 136 169 4
3638 136 173 18
3639 136 176 19
3640 136 184 8
3641 137 138 25
3642 137 141 19
3643 137 145 18
3644 137 146 3
3645 137 147 4
3646 137 149 6
3647 137 151 13
3648 137 155 24
3649 137 158 15
3650 137 159 22
3651 137 165 10
3652 137 167 23
3653 137 181 17
3654 137 182 16
3655 137 184 15
3656 137 189 14
3657 137 192 4
3658 137 195 22
3659 138 153 18
3660 138 162 4
3661 138 165 24
3662 138 169 7
3663 138 170 22
3664 138 180 22
3665 138 181 25
3666 139 147 18
3667 139 148 17
3668 139 153 13
3669 139 185 19
3670 139 190 7
3671 140 141 17
3672 140 142 14
3673 140 152 21
3674 140 155 3
3675 140 158 7
3676 140 160 9
3677 140 167 21
3678 140 175 2
3679 140 181 19
3680 141 142 20
3681 141 146 11
3682 141 147 9
3683 141 149 17
3684 141 153 11
3685 141 158 21
3686 141 169 1
3687 141 170 13
3688 141 172 3
3689 141 183 20
3690 141 185 13
3691 141 187 13
3692 141 193 5
3693 141 198 1
3694 141 199 3
3695 142 146 13
3696 142 147 7
3697 142 148 12
3698 142 157 12
3699 142 159 14
3700 142 164 7
3701 142 175 20
3702 142 182 21
3703 142 187 8
3704 142 190 15
3705 143 162 10
3706 143 165 18
3707 143 168 11
3708 143 171 1
3709 143 173 21
3710 143 176 1
3711 143 186 16
3712 143 190 14
3713 144 147 5
3714 144 153 19
3715 144 155 16
3716 144 157 24
3717 144 158 2
3718 144 179 7
3719 144 181 4
3720 144 193 12
3721 144 194 12
3722 144 198 3
3723 145 147 1
3724 145 148 18
3725 145 151 13
3726 145 168 1
3727 145 170 8
3728 145 180 14
3729 145 181 4
3730 145 184 12
3731 145 188 19
3732 145 192 18
3733 145 193 6
3734 146 149 12
3735 146 151 2
3736 146 154 20
3737 146 159 3
3738 146 161 5
3739 146 165 19
3740 146 170 15
3741 146 173 8
3742 146 180 15
3743 146 185 24
3744 146 186 16
3745 146 187 10
3746 146 189 20
3747 146 194 6
3748 146 197 21
3749 147 156 5
3750 147 159 2
3751 147 171 7
3752 147 172 4
3753 147 182 19
3754 147 194 25
3755 147 199 25
3756 148 172 23
3757 148 175 17
3758 148 190 22
3759 148 195 6
3760 148 198 7
3761 149 150 11
3762 149 156 15
3763 149 159 18
3764 149 164 12
3765 149 167 11
3766 149 171 23
3767 149 179 17
3768 149 192 2
3769 149 197 25
3770 149 198 12
3771 150 151 12
3772 150 161 21
3773 150 162 25
3774 150 163 23
3775 150 164 10
3776 150 167 6
3777 150 178 17
3778 150 182 10
3779 150 190 11
3780 150 197 6
3781 151 158 25
3782 151 159 18
3783 151 161 1
3784 151 165 4
3785 151 171 20
3786 151 179 2
3787 151 181 25
3788 151 190 8
3789 151 195 8
3790 152 158 5
3791 152 159 22
3792 152 160 21
3793 152 161 17
3794 152 162 18
3795 152 169 11
3796 152 170 13
3797 152 174 3
3798 152 175 10
3799 152 181 24
3800 152 182 12
3801 152 183 22
3802 152 185 18
3803 152 189 4
3804 152 192 15
3805 152 194 11
3806 152 198 3
3807 152 199 21
3808 153 159 19
3809 153 163 13
3810 153 164 1
3811 153 168 19
3812 153 169 16
3813 153 171 23
3814 153 174 6
3815 153 175 22
3816 153 177 5
3817 153 178 19
3818 153 180 7
3819 153 182 14
3820 153 192 5
3821 153 194 8
3822 154 159 22
3823 154 162 19
3824 154 166 13
3825 154 174 5
3826 154 181 14
3827 154 186 13
3828 154 192 16
3829 154 195 25
3830 154 197 18
3831 155 161 8
3832 155 165 1
3833 155 169 11
3834 155 180 22
3835 155 183 18
3836 155 185 14
3837 155 186 14
3838 155 189 9
3839 156 165 21
3840 156 171 25
3841 156 174 13
3842 156 186 12
3843 156 187 20
3844 156 195 21
3845 156 196 7
3846 157 162 19
3847 157 168 14
3848 157 170 20
3849 157 171 1
3850 157 175 24
3851 157 182 19
3852 157 185 6
3853 157 186 22
3854 157 187 7
3855 157 188 9
3856 157 199 7
3857 158 163 25
3858 158 168 19
3859 158 171 13
3860 158 172 11
3861 158 181 11
3862 158 185 19
3863 158 194 18
3864 159 161 9
3865 159 168 13
3866 159 178 4
3867 159 186 21
3868 160 171 13
3869 160 172 8
3870 160 174 14
3871 160 175 1
3872 160 184 25
3873 161 163 25
3874 161 168 8
3875 161 172 21
3876 161 174 5
3877 161 175 1
3878 161 177 8
3879 161 180 3
3880 161 182 6
3881 161 185 5
3882 161 186 11
3883 161 199 15
3884 162 169 10
3885 162 184 10
3886 162 192 19
3887 162 199 4
3888 163 165 19
3889 163 178 22
3890 163 179 10
3891 163 181 12
3892 163 182 21
3893 163 191 2
3894 163 192 12
3895 163 196 4
3896 164 172 8
3897 164 174 13
3898 164 179 22
3899 164 185 6
3900 164 192 10
3901 165 166 6
3902 165 167 9
3903 165 171 14
3904 165 179 4
3905 165 180 15
3906 165 181 20
3907 165 191 13
3908 166 167 18
3909 166 169 6
3910 166 172 15
3911 166 173 6
3912 166 176 8
3913 166 180 11
3914 166 181 17
3915 166 188 16
3916 166 194 3
3917 166 195 7
3918 166 197 14
3919 166 199 18
3920 167 168 25
3921 167 169 10
3922 167 177 6
3923 167 178 9
3924 167 183 20
3925 167 197 14
3926 168 173 2
3927 168 176 17
3928 168 183 1
3929 168 186 19
3930 168 188 22
3931 168 199 4
3932 169 172 11
3933 169 175 25
3934 169 178 25
3935 169 182 24
3936 169 184 11
3937 170 182 6
3938 170 186 24
3939 170 187 21
3940 170 190 25
3941 170 191 10
3942 170 192 5
3943 170 198 5
3944 171 176 24
3945 171 178 3
3946 171 186 13
3947 171 189 1
3948 171 190 22
3949 171 192 5
3950 171 194 25
3951 171 195 12
3952 172 175 14
3953 172 185 16
3954 172 191 13
3955 173 176 23
3956 173 178 14
3957 173 179 2
3958 173 180 1
3959 173 189 23
3960 173 191 9
3961 173 193 9
3962 173 194 3
3963 173 195 6
3964 173 198 9
3965 174 180 4
3966 174 186 12
3967 174 187 6
3968 174 189 21
3969 174 194 18
3970 175 184 1
3971 175 186 12
3972 175 191 1
3973 175 196 25
3974 176 183 25
3975 176 188 20
3976 176 189 13
3977 176 193 17
3978 177 179 20
3979 177 185 18
3980 177 186 19
3981 177 187 25
3982 177 189 14
3983 177 196 15
3984 178 185 16
3985 178 188 13
3986 178 189 18
3987 178 194 18
3988 179 181 19
3989 179 183 19
3990 179 188 21
3991 179 189 5
3992 179 193 8
3993 179 196 20
3994 179 197 25
3995 180 187 8
3996 180 188 6
3997 180 189 22
3998 180 191 11
3999 180 192 18
4000 180 194 1
4001 181 185 2
4002 181 187 7
4003 181 193 25
4004 182 186 8
4005 182 197 3
4006 183 185 20
4007 183 186 15
4008 184 185 25
4009 184 192 18
4010 184 194 25
4011 184 199 22
4012 185 186 7
4013 185 198 16
4014 186 192 20
4015 186 193 9
4016 186 197 4
4017 187 190 3
4018 187 192 20
4019 187 196 21
4020 188 190 2
4021 188 194 22
4022 188 195 23
4023 189 194 9
4024 189 195 4
4025 189 199 12
4026 190 192 16
4027 190 193 9
4028 191 199 11
4029 194 195 10
4030 194 196 8
4031 194 199 16
4032 197 199 10
