200 4018 50 10
0 1
1 10
2 7
3 2
4 10
5 7
6 10
7 9
8 6
9 4
10 5
11 10
12 6
13 3
14 9
15 2
16 9
17 2
18 8
19 7
20 4
21 2
22 9
23 4
24 8
25 4
26 6
27 5
28 10
29 4
30 7
31 3
32 8
33 2
34 10
35 1
36 1
37 6
38 5
39 7
40 10
41 7
42 5
43 2
44 3
45 9
46 6
47 1
48 3
49 9
50 8
51 1
52 3
53 10
54 7
55 2
56 9
57 10
58 5
59 9
60 8
61 3
62 2
63 9
64 8
65 4
66 9
67 7
68 10
69 5
70 4
71 4
72 1
73 4
74 9
75 9
76 8
77 6
78 2
79 8
80 9
81 9
82 6
83 2
84 8
85 6
86 1
87 7
88 8
89 4
90 9
91 6
92 8
93 10
94 6
95 4
96 4
97 3
98 2
99 2
100 1
101 1
102 8
103 6
104 5
105 2
106 9
107 8
108 3
109 2
110 7
111 1
112 5
113 8
114 8
115 9
116 7
117 1
118 6
119 2
120 7
121 7
122 2
123 3
124 2
125 8
126 10
127 3
128 5
129 2
130 3
131 1
132 4
133 7
134 2
135 10
136 3
137 9
138 6
139 10
140 4
141 10
142 1
143 5
144 2
145 10
146 10
147 5
148 4
149 4
150 5
151 6
152 6
153 6
154 6
155 10
156 8
157 6
158 4
159 2
160 5
161 1
162 8
163 2
164 5
165 6
166 5
167 1
168 6
169 5
170 7
171 1
172 9
173 3
174 1
175 9
176 7
177 7
178 9
179 6
180 4
181 4
182 2
183 7
184 4
185 5
186 2
187 5
188 4
189 10
190 7
191 4
192 7
193 9
194 4
195 6
196 9
197 7
198 7
199 9
0 0 15 35
1 0 18 35
2 0 21 10
3 0 24 24
4 0 25 25
5 0 28 10
6 0 32 21
7 0 35 50
8 0 44 24
9 0 45 10
10 0 48 5
11 0 51 28
12 0 58 2
13 0 60 43
14 0 61 27
15 0 69 9
16 0 70 23
17 0 74 31
18 0 76 38
19 0 80 12
20 0 83 25
21 0 90 19
22 0 92 5
23 0 93 23
24 0 94 16
25 0 95 48
26 0 108 43
27 0 112 18
28 0 119 15
29 0 120 26
30 0 135 44
31 0 137 31
32 0 141 30
33 0 142 9
34 0 144 3
35 0 147 7
36 0 150 41
37 0 155 45
38 0 156 1
39 0 161 22
40 0 165 2
41 0 178 25
42 0 179 3
43 0 180 15
44 0 183 24
45 0 188 40
46 1 12 17
47 1 16 28
48 1 19 36
49 1 22 32
50 1 26 33
51 1 32 12
52 1 37 40
53 1 40 49
54 1 46 30
55 1 70 38
56 1 78 25
57 1 89 6
58 1 98 17
59 1 112 22
60 1 120 41
61 1 123 35
62 1 125 28
63 1 126 46
64 1 127 37
65 1 132 29
66 1 145 48
67 1 150 11
68 1 153 43
69 1 155 6
70 1 158 8
71 1 159 20
72 1 165 20
73 1 167 37
74 1 170 14
75 1 173 48
76 1 175 35
77 1 178 1
78 1 184 17
79 1 197 34
80 1 198 10
81 2 5 39
82 2 20 45
83 2 22 3
84 2 28 18
85 2 29 32
86 2 46 12
87 2 47 46
88 2 52 7
89 2 59 15
90 2 65 5
91 2 68 47
92 2 71 34
93 2 73 13
94 2 85 15
95 2 86 49
96 2 89 42
97 2 93 20
98 2 96 4
99 2 102 36
100 2 103 49
101 2 110 26
102 2 120 14
103 2 123 18
104 2 125 24
105 2 127 38
106 2 136 49
107 2 137 17
108 2 146 34
109 2 148 14
110 2 154 10
111 2 159 1
112 2 162 4
113 2 163 8
114 2 164 37
115 2 166 1
116 2 167 35
117 2 170 12
118 2 180 35
119 2 188 6
120 2 193 48
121 2 195 24
122 2 196 39
123 2 198 28
124 3 5 10
125 3 7 11
126 3 15 16
127 3 16 48
128 3 22 27
129 3 23 23
130 3 24 41
131 3 29 9
132 3 42 4
133 3 43 19
134 3 50 18
135 3 60 34
136 3 63 31
137 3 72 22
138 3 75 44
139 3 77 37
140 3 79 37
141 3 86 18
142 3 90 35
143 3 96 24
144 3 101 26
145 3 102 9
146 3 109 42
147 3 112 14
148 3 113 10
149 3 115 18
150 3 119 29
151 3 124 19
152 3 125 7
153 3 127 43
154 3 132 2
155 3 143 28
156 3 151 45
157 3 159 5
158 3 178 10
159 3 181 38
160 3 183 35
161 3 189 33
162 3 193 5
163 3 195 3
164 3 199 50
165 4 6 10
166 4 12 5
167 4 15 27
168 4 18 17
169 4 20 46
170 4 23 18
171 4 34 33
172 4 36 19
173 4 45 22
174 4 46 48
175 4 48 43
176 4 53 6
177 4 62 39
178 4 65 48
179 4 74 35
180 4 79 4
181 4 80 34
182 4 82 32
183 4 84 8
184 4 104 18
185 4 106 19
186 4 108 30
187 4 114 43
188 4 117 3
189 4 121 15
190 4 132 43
191 4 135 36
192 4 136 39
193 4 137 50
194 4 142 43
195 4 144 6
196 4 147 42
197 4 149 28
198 4 150 17
199 4 153 8
200 4 154 47
201 4 155 3
202 4 168 15
203 4 169 19
204 4 171 31
205 4 175 14
206 4 179 24
207 4 180 15
208 4 184 45
209 4 186 9
210 4 189 37
211 4 191 26
212 4 193 5
213 5 6 38
214 5 9 24
215 5 15 20
216 5 20 15
217 5 39 28
218 5 42 43
219 5 50 15
220 5 56 36
221 5 58 30
222 5 60 11
223 5 65 2
224 5 80 31
225 5 81 22
226 5 88 34
227 5 94 49
228 5 100 29
229 5 102 35
230 5 106 2
231 5 107 21
232 5 133 3
233 5 135 28
234 5 152 31
235 5 160 2
236 5 165 22
237 5 175 32
238 5 176 6
239 5 180 48
240 5 182 48
241 5 190 44
242 5 191 8
243 5 192 18
244 5 196 29
245 5 199 36
246 6 8 18
247 6 21 11
248 6 23 43
249 6 24 34
250 6 29 9
251 6 41 7
252 6 47 47
253 6 54 1
254 6 55 38
255 6 56 1
256 6 57 50
257 6 63 42
258 6 68 16
259 6 74 4
260 6 76 16
261 6 81 10
262 6 83 1
263 6 84 13
264 6 91 14
265 6 96 45
266 6 98 38
267 6 106 49
268 6 112 50
269 6 113 35
270 6 129 35
271 6 132 41
272 6 133 6
273 6 137 34
274 6 139 4
275 6 143 13
276 6 149 39
277 6 166 3
278 6 174 24
279 6 175 12
280 6 193 11
281 6 194 7
282 6 199 9
283 7 10 48
284 7 13 47
285 7 15 49
286 7 17 37
287 7 23 32
288 7 33 25
289 7 36 16
290 7 38 31
291 7 39 33
292 7 41 41
293 7 47 31
294 7 49 6
295 7 57 26
296 7 63 29
297 7 65 12
298 7 71 20
299 7 79 50
300 7 84 43
301 7 89 40
302 7 93 7
303 7 96 48
304 7 103 8
305 7 104 26
306 7 105 46
307 7 112 24
308 7 114 35
309 7 115 42
310 7 116 20
311 7 126 39
312 7 127 18
313 7 128 14
314 7 131 23
315 7 144 39
316 7 146 12
317 7 148 49
318 7 153 14
319 7 156 25
320 7 159 13
321 7 163 47
322 7 168 29
323 7 172 46
324 7 178 26
325 8 9 17
326 8 15 2
327 8 22 2
328 8 24 1
329 8 28 30
330 8 29 44
331 8 32 9
332 8 37 25
333 8 38 17
334 8 39 23
335 8 43 15
336 8 53 10
337 8 56 29
338 8 80 22
339 8 81 14
340 8 87 38
341 8 88 42
342 8 95 10
343 8 97 17
344 8 99 19
345 8 114 21
346 8 115 29
347 8 117 35
348 8 119 23
349 8 122 18
350 8 123 11
351 8 133 7
352 8 134 7
353 8 135 1
354 8 136 15
355 8 142 7
356 8 143 40
357 8 144 41
358 8 152 42
359 8 154 6
360 8 157 45
361 8 166 17
362 8 169 16
363 8 171 30
364 8 175 37
365 8 179 24
366 8 187 9
367 8 197 50
368 8 198 32
369 9 12 43
370 9 14 34
371 9 18 22
372 9 25 7
373 9 41 39
374 9 51 25
375 9 74 21
376 9 77 18
377 9 93 23
378 9 95 30
379 9 99 28
380 9 102 45
381 9 110 39
382 9 112 5
383 9 114 4
384 9 118 48
385 9 119 20
386 9 129 34
387 9 135 16
388 9 138 44
389 9 144 50
390 9 148 46
391 9 153 15
392 9 156 20
393 9 158 33
394 9 160 24
395 9 162 48
396 9 182 6
397 9 186 31
398 9 188 50
399 9 191 24
400 9 197 8
401 10 11 7
402 10 15 13
403 10 20 40
404 10 21 39
405 10 25 10
406 10 26 31
407 10 28 10
408 10 33 50
409 10 51 29
410 10 52 3
411 10 53 12
412 10 55 42
413 10 57 20
414 10 62 11
415 10 64 2
416 10 72 17
417 10 75 47
418 10 83 11
419 10 88 18
420 10 91 14
421 10 96 35
422 10 98 36
423 10 100 14
424 10 106 24
425 10 107 23
426 10 112 6
427 10 113 47
428 10 116 33
429 10 125 13
430 10 129 22
431 10 134 48
432 10 136 35
433 10 143 50
434 10 146 32
435 10 147 37
436 10 149 5
437 10 150 14
438 10 156 8
439 10 157 25
440 10 159 5
441 10 166 29
442 10 168 36
443 10 169 45
444 10 174 18
445 10 189 17
446 10 190 42
447 10 197 35
448 11 14 36
449 11 28 12
450 11 34 3
451 11 43 11
452 11 44 47
453 11 47 34
454 11 49 24
455 11 51 5
456 11 55 40
457 11 60 44
458 11 63 25
459 11 67 30
460 11 74 3
461 11 80 42
462 11 83 12
463 11 85 50
464 11 93 1
465 11 94 14
466 11 97 7
467 11 105 42
468 11 106 33
469 11 108 38
470 11 109 27
471 11 110 4
472 11 111 39
473 11 118 25
474 11 120 17
475 11 123 26
476 11 125 25
477 11 148 44
478 11 153 49
479 11 176 46
480 11 187 40
481 11 192 34
482 12 20 10
483 12 24 50
484 12 28 33
485 12 41 2
486 12 45 4
487 12 52 13
488 12 56 24
489 12 63 49
490 12 67 47
491 12 71 30
492 12 73 41
493 12 77 26
494 12 82 32
495 12 84 28
496 12 85 43
497 12 87 11
498 12 88 44
499 12 100 6
500 12 109 16
501 12 111 23
502 12 113 7
503 12 122 42
504 12 123 38
505 12 128 40
506 12 132 13
507 12 140 4
508 12 142 39
509 12 146 19
510 12 149 40
511 12 152 39
512 12 153 30
513 12 155 28
514 12 157 21
515 12 160 5
516 12 162 45
517 12 164 28
518 12 167 31
519 12 169 35
520 12 172 29
521 12 177 44
522 12 185 1
523 12 188 20
524 13 15 9
525 13 28 1
526 13 30 37
527 13 31 1
528 13 32 12
529 13 34 24
530 13 37 1
531 13 38 45
532 13 54 12
533 13 55 1
534 13 70 20
535 13 73 46
536 13 77 37
537 13 94 16
538 13 96 44
539 13 97 15
540 13 99 37
541 13 115 18
542 13 117 48
543 13 123 12
544 13 126 29
545 13 127 19
546 13 129 11
547 13 130 34
548 13 133 40
549 13 138 34
550 13 142 46
551 13 151 23
552 13 155 24
553 13 159 4
554 13 169 38
555 13 170 18
556 13 176 23
557 13 193 33
558 14 20 23
559 14 24 32
560 14 29 43
561 14 46 24
562 14 52 6
563 14 58 14
564 14 59 17
565 14 71 47
566 14 74 39
567 14 77 6
568 14 79 50
569 14 101 36
570 14 106 17
571 14 110 15
572 14 112 45
573 14 125 11
574 14 129 7
575 14 130 27
576 14 133 50
577 14 134 26
578 14 137 37
579 14 140 1
580 14 143 40
581 14 145 48
582 14 147 15
583 14 153 4
584 14 157 34
585 14 186 49
586 14 187 2
587 14 194 49
588 14 196 26
589 15 18 20
590 15 24 26
591 15 27 28
592 15 44 14
593 15 45 37
594 15 52 14
595 15 65 37
596 15 67 19
597 15 75 21
598 15 76 16
599 15 77 39
600 15 79 11
601 15 87 25
602 15 100 34
603 15 102 38
604 15 103 14
605 15 109 1
606 15 110 33
607 15 112 42
608 15 125 17
609 15 134 35
610 15 140 45
611 15 143 31
612 15 144 4
613 15 146 44
614 15 149 30
615 15 150 44
616 15 162 19
617 15 177 11
618 15 189 22
619 16 20 5
620 16 26 35
621 16 29 6
622 16 32 1
623 16 34 12
624 16 40 28
625 16 46 14
626 16 48 18
627 16 52 9
628 16 58 1
629 16 60 47
630 16 62 9
631 16 72 8
632 16 77 14
633 16 80 15
634 16 81 36
635 16 82 22
636 16 89 18
637 16 92 48
638 16 100 8
639 16 112 36
640 16 116 9
641 16 118 6
642 16 119 12
643 16 122 7
644 16 129 42
645 16 134 33
646 16 146 1
647 16 149 33
648 16 150 26
649 16 151 5
650 16 152 11
651 16 157 9
652 16 161 5
653 16 164 39
654 16 165 45
655 16 166 14
656 16 167 30
657 16 175 45
658 16 176 29
659 16 178 8
660 16 185 11
661 16 186 31
662 16 194 14
663 16 196 28
664 17 28 39
665 17 32 45
666 17 37 3
667 17 49 3
668 17 50 22
669 17 55 38
670 17 58 32
671 17 67 49
672 17 69 7
673 17 73 49
674 17 78 17
675 17 79 9
676 17 80 46
677 17 92 1
678 17 93 9
679 17 98 15
680 17 104 44
681 17 106 46
682 17 108 11
683 17 109 31
684 17 111 40
685 17 113 50
686 17 126 6
687 17 136 33
688 17 150 18
689 17 152 41
690 17 157 13
691 17 165 30
692 17 166 49
693 17 170 13
694 17 176 28
695 17 179 39
696 17 181 7
697 17 183 16
698 17 186 29
699 17 197 37
700 18 20 32
701 18 27 4
702 18 35 41
703 18 37 1
704 18 47 23
705 18 49 23
706 18 52 48
707 18 53 18
708 18 58 40
709 18 66 46
710 18 69 49
711 18 85 15
712 18 87 11
713 18 88 24
714 18 90 39
715 18 114 30
716 18 127 48
717 18 130 23
718 18 133 31
719 18 134 23
720 18 135 28
721 18 137 8
722 18 152 11
723 18 154 12
724 18 158 1
725 18 160 8
726 18 165 35
727 18 169 24
728 18 174 11
729 18 185 13
730 18 187 49
731 18 194 9
732 18 196 1
733 18 199 47
734 19 20 37
735 19 26 20
736 19 27 24
737 19 30 32
738 19 33 1
739 19 36 10
740 19 41 36
741 19 42 4
742 19 46 35
743 19 51 38
744 19 53 6
745 19 66 17
746 19 69 37
747 19 70 24
748 19 74 18
749 19 79 3
750 19 82 22
751 19 86 40
752 19 87 11
753 19 99 46
754 19 104 14
755 19 109 29
756 19 113 19
757 19 115 9
758 19 117 27
759 19 120 1
760 19 131 34
761 19 133 35
762 19 135 10
763 19 137 17
764 19 141 27
765 19 142 37
766 19 143 39
767 19 145 15
768 19 146 44
769 19 151 15
770 19 153 17
771 19 157 32
772 19 163 26
773 19 172 40
774 19 178 8
775 19 190 40
776 19 192 44
777 19 196 28
778 19 198 11
779 20 24 4
780 20 31 31
781 20 32 30
782 20 33 22
783 20 38 7
784 20 43 45
785 20 48 29
786 20 50 44
787 20 51 45
788 20 55 23
789 20 60 20
790 20 63 21
791 20 69 43
792 20 75 14
793 20 77 35
794 20 79 38
795 20 86 39
796 20 101 3
797 20 103 46
798 20 107 50
799 20 113 48
800 20 119 49
801 20 120 13
802 20 127 44
803 20 142 32
804 20 144 31
805 20 145 9
806 20 148 42
807 20 155 21
808 20 160 4
809 20 163 46
810 20 171 30
811 20 172 21
812 20 181 13
813 20 183 20
814 20 193 21
815 21 24 48
816 21 29 2
817 21 33 38
818 21 38 49
819 21 64 48
820 21 72 38
821 21 78 28
822 21 81 44
823 21 86 33
824 21 95 17
825 21 97 13
826 21 99 41
827 21 105 7
828 21 115 25
829 21 116 2
830 21 120 5
831 21 126 44
832 21 127 45
833 21 129 17
834 21 131 22
835 21 138 50
836 21 140 12
837 21 143 11
838 21 145 48
839 21 147 38
840 21 157 32
841 21 158 48
842 21 167 7
843 21 170 28
844 21 173 27
845 21 193 30
846 21 195 1
847 21 198 38
848 21 199 35
849 22 32 36
850 22 34 11
851 22 69 2
852 22 70 7
853 22 73 13
854 22 79 20
855 22 86 9
856 22 95 31
857 22 98 27
858 22 104 2
859 22 110 45
860 22 118 48
861 22 122 50
862 22 144 16
863 22 152 8
864 22 154 12
865 22 155 6
866 22 158 9
867 22 161 50
868 22 164 37
869 22 165 13
870 22 169 20
871 22 172 44
872 22 175 43
873 22 184 46
874 22 193 36
875 22 195 18
876 23 29 38
877 23 31 45
878 23 34 50
879 23 36 24
880 23 43 33
881 23 46 25
882 23 48 30
883 23 49 20
884 23 52 43
885 23 55 31
886 23 57 19
887 23 61 23
888 23 64 3
889 23 71 44
890 23 75 41
891 23 78 25
892 23 95 12
893 23 96 21
894 23 98 36
895 23 99 13
896 23 104 28
897 23 112 26
898 23 114 15
899 23 121 41
900 23 125 29
901 23 126 3
902 23 138 39
903 23 139 20
904 23 140 31
905 23 141 45
906 23 146 27
907 23 153 7
908 23 156 15
909 23 160 29
910 23 167 47
911 23 168 34
912 23 171 35
913 23 173 14
914 23 179 22
915 23 181 24
916 23 185 20
917 23 186 43
918 23 188 3
919 23 190 24
920 23 193 1
921 23 196 50
922 23 198 32
923 24 31 34
924 24 39 48
925 24 40 9
926 24 42 14
927 24 49 44
928 24 53 39
929 24 55 36
930 24 64 39
931 24 66 24
932 24 67 20
933 24 70 16
934 24 72 2
935 24 76 21
936 24 79 8
937 24 89 18
938 24 100 8
939 24 108 4
940 24 114 15
941 24 118 21
942 24 124 15
943 24 126 49
944 24 129 20
945 24 130 9
946 24 136 20
947 24 158 6
948 24 159 29
949 24 166 46
950 24 169 34
951 24 175 35
952 24 181 37
953 24 184 2
954 24 188 10
955 25 27 34
956 25 46 8
957 25 47 35
958 25 49 4
959 25 56 22
960 25 57 22
961 25 58 22
962 25 60 6
963 25 65 40
964 25 67 48
965 25 69 48
966 25 70 26
967 25 73 10
968 25 76 3
969 25 79 19
970 25 80 39
971 25 90 46
972 25 91 2
973 25 93 39
974 25 99 34
975 25 107 22
976 25 128 17
977 25 131 10
978 25 140 32
979 25 143 47
980 25 158 39
981 25 159 31
982 25 164 9
983 25 174 3
984 25 179 49
985 25 184 47
986 25 198 11
987 26 32 8
988 26 37 39
989 26 39 19
990 26 44 29
991 26 64 44
992 26 69 10
993 26 77 48
994 26 80 37
995 26 87 1
996 26 95 23
997 26 97 37
998 26 102 3
999 26 105 42
1000 26 107 43
1001 26 116 27
1002 26 118 29
1003 26 129 19
1004 26 130 10
1005 26 131 35
1006 26 133 3
1007 26 139 22
1008 26 140 42
1009 26 144 42
1010 26 159 18
1011 26 161 10
1012 26 162 40
1013 26 164 11
1014 26 168 32
1015 26 171 18
1016 26 181 14
1017 26 183 19
1018 26 184 27
1019 26 194 27
1020 26 195 11
1021 26 198 5
1022 27 55 17
1023 27 59 35
1024 27 66 18
1025 27 78 19
1026 27 79 48
1027 27 86 33
1028 27 89 31
1029 27 99 23
1030 27 100 33
1031 27 103 30
1032 27 104 46
1033 27 109 32
1034 27 117 22
1035 27 119 6
1036 27 127 2
1037 27 130 21
1038 27 132 41
1039 27 140 40
1040 27 142 43
1041 27 154 1
1042 27 166 14
1043 27 171 30
1044 27 174 8
1045 27 194 10
1046 27 197 36
1047 27 199 44
1048 28 31 33
1049 28 43 20
1050 28 48 21
1051 28 52 40
1052 28 54 11
1053 28 65 31
1054 28 67 34
1055 28 70 8
1056 28 73 10
1057 28 83 15
1058 28 84 16
1059 28 87 42
1060 28 94 2
1061 28 96 11
1062 28 102 17
1063 28 103 6
1064 28 106 10
1065 28 110 36
1066 28 123 16
1067 28 125 13
1068 28 139 31
1069 28 143 15
1070 28 147 49
1071 28 149 32
1072 28 150 43
1073 28 154 10
1074 28 155 48
1075 28 158 35
1076 28 162 3
1077 28 163 23
1078 28 165 19
1079 28 171 41
1080 28 172 40
1081 28 178 46
1082 28 182 44
1083 29 38 46
1084 29 43 26
1085 29 48 30
1086 29 66 42
1087 29 68 35
1088 29 71 50
1089 29 75 39
1090 29 88 11
1091 29 90 47
1092 29 92 8
1093 29 93 4
1094 29 100 4
1095 29 105 36
1096 29 114 21
1097 29 117 16
1098 29 122 19
1099 29 123 25
1100 29 128 47
1101 29 131 24
1102 29 140 8
1103 29 151 30
1104 29 154 40
1105 29 155 34
1106 29 162 32
1107 29 167 19
1108 29 168 13
1109 29 174 33
1110 29 176 49
1111 29 189 2
1112 29 191 31
1113 29 196 13
1114 29 199 47
1115 30 32 11
1116 30 39 33
1117 30 51 26
1118 30 55 1
1119 30 56 37
1120 30 59 2
1121 30 73 15
1122 30 74 29
1123 30 88 14
1124 30 91 1
1125 30 92 22
1126 30 94 17
1127 30 98 31
1128 30 107 31
1129 30 112 39
1130 30 116 42
1131 30 119 21
1132 30 124 34
1133 30 129 13
1134 30 131 4
1135 30 133 17
1136 30 134 46
1137 30 137 22
1138 30 138 16
1139 30 150 25
1140 30 151 18
1141 30 156 26
1142 30 157 2
1143 30 164 47
1144 30 169 20
1145 30 175 4
1146 30 176 3
1147 30 177 42
1148 30 178 17
1149 30 180 27
1150 30 184 9
1151 30 187 19
1152 30 188 49
1153 30 195 24
1154 31 32 42
1155 31 35 11
1156 31 36 28
1157 31 40 25
1158 31 41 49
1159 31 52 19
1160 31 55 33
1161 31 59 13
1162 31 60 42
1163 31 69 34
1164 31 76 42
1165 31 83 24
1166 31 87 5
1167 31 92 21
1168 31 94 36
1169 31 103 31
1170 31 107 6
1171 31 113 39
1172 31 114 45
1173 31 115 13
1174 31 119 2
1175 31 124 35
1176 31 126 37
1177 31 127 29
1178 31 135 48
1179 31 136 2
1180 31 142 30
1181 31 144 37
1182 31 153 37
1183 31 155 41
1184 31 156 42
1185 31 157 43
1186 31 160 1
1187 31 167 38
1188 31 170 48
1189 31 175 36
1190 31 178 23
1191 31 181 48
1192 31 182 29
1193 31 187 2
1194 31 193 38
1195 32 38 8
1196 32 41 35
1197 32 43 40
1198 32 46 35
1199 32 50 48
1200 32 63 45
1201 32 70 37
1202 32 79 5
1203 32 90 31
1204 32 101 17
1205 32 109 14
1206 32 113 4
1207 32 116 28
1208 32 118 13
1209 32 119 29
1210 32 120 39
1211 32 125 13
1212 32 126 3
1213 32 140 1
1214 32 142 27
1215 32 143 31
1216 32 152 26
1217 32 156 26
1218 32 158 17
1219 32 159 30
1220 32 163 12
1221 32 171 13
1222 32 172 38
1223 32 177 28
1224 32 179 49
1225 32 181 1
1226 32 182 2
1227 32 188 49
1228 33 34 34
1229 33 55 21
1230 33 56 49
1231 33 64 28
1232 33 68 8
1233 33 71 32
1234 33 77 16
1235 33 86 2
1236 33 89 3
1237 33 92 38
1238 33 94 18
1239 33 100 15
1240 33 102 18
1241 33 107 23
1242 33 108 41
1243 33 120 5
1244 33 124 35
1245 33 126 10
1246 33 132 19
1247 33 144 43
1248 33 153 47
1249 33 164 34
1250 33 165 30
1251 33 167 24
1252 33 170 34
1253 33 174 9
1254 33 176 7
1255 33 179 39
1256 33 180 6
1257 33 189 46
1258 33 192 18
1259 33 198 34
1260 34 38 10
1261 34 39 4
1262 34 41 1
1263 34 42 33
1264 34 46 25
1265 34 50 27
1266 34 59 39
1267 34 61 15
1268 34 73 9
1269 34 76 30
1270 34 93 23
1271 34 98 40
1272 34 102 34
1273 34 109 11
1274 34 124 23
1275 34 148 44
1276 34 156 49
1277 34 158 25
1278 34 161 23
1279 34 166 6
1280 34 167 48
1281 34 168 6
1282 34 172 11
1283 34 181 43
1284 34 190 14
1285 35 36 8
1286 35 41 43
1287 35 42 46
1288 35 46 6
1289 35 47 42
1290 35 48 49
1291 35 50 31
1292 35 53 32
1293 35 58 48
1294 35 63 49
1295 35 73 17
1296 35 86 35
1297 35 87 21
1298 35 89 26
1299 35 92 24
1300 35 99 41
1301 35 102 47
1302 35 105 2
1303 35 108 34
1304 35 109 43
1305 35 124 18
1306 35 125 39
1307 35 126 30
1308 35 127 2
1309 35 129 10
1310 35 138 19
1311 35 140 40
1312 35 144 15
1313 35 146 29
1314 35 156 27
1315 35 158 21
1316 35 163 28
1317 35 190 17
1318 35 192 44
1319 35 196 20
1320 36 41 13
1321 36 54 2
1322 36 62 49
1323 36 67 10
1324 36 74 47
1325 36 78 46
1326 36 82 6
1327 36 90 11
1328 36 91 10
1329 36 95 7
1330 36 96 27
1331 36 99 13
1332 36 100 17
1333 36 101 30
1334 36 105 44
1335 36 109 3
1336 36 120 15
1337 36 121 48
1338 36 123 14
1339 36 128 23
1340 36 135 25
1341 36 138 49
1342 36 144 21
1343 36 147 2
1344 36 150 36
1345 36 151 45
1346 36 157 26
1347 36 163 3
1348 36 168 33
1349 36 177 36
1350 36 180 4
1351 36 188 34
1352 36 195 46
1353 37 39 12
1354 37 41 11
1355 37 52 33
1356 37 54 46
1357 37 55 42
1358 37 65 37
1359 37 66 42
1360 37 72 41
1361 37 79 29
1362 37 83 20
1363 37 89 47
1364 37 101 31
1365 37 102 50
1366 37 104 44
1367 37 107 40
1368 37 108 31
1369 37 115 34
1370 37 118 41
1371 37 121 22
1372 37 123 33
1373 37 126 5
1374 37 131 16
1375 37 138 35
1376 37 140 32
1377 37 151 31
1378 37 156 30
1379 37 160 45
1380 37 161 35
1381 37 163 9
1382 37 171 45
1383 37 172 5
1384 37 173 15
1385 37 175 40
1386 37 182 30
1387 37 183 44
1388 38 40 19
1389 38 41 32
1390 38 42 39
1391 38 47 46
1392 38 52 27
1393 38 53 22
1394 38 57 24
1395 38 58 44
1396 38 71 50
1397 38 81 29
1398 38 93 29
1399 38 96 47
1400 38 102 32
1401 38 108 26
1402 38 115 37
1403 38 119 42
1404 38 123 15
1405 38 135 47
1406 38 149 5
1407 38 154 33
1408 38 155 9
1409 38 156 20
1410 38 163 40
1411 38 167 43
1412 38 169 12
1413 38 197 6
1414 39 44 21
1415 39 58 11
1416 39 62 39
1417 39 69 39
1418 39 77 48
1419 39 81 27
1420 39 84 28
1421 39 87 42
1422 39 94 30
1423 39 96 31
1424 39 97 30
1425 39 99 38
1426 39 103 46
1427 39 104 18
1428 39 113 12
1429 39 117 12
1430 39 118 11
1431 39 123 27
1432 39 132 20
1433 39 135 20
1434 39 144 42
1435 39 147 17
1436 39 150 41
1437 39 153 21
1438 39 168 34
1439 39 170 11
1440 39 173 41
1441 39 177 25
1442 39 179 12
1443 39 181 30
1444 39 186 8
1445 39 192 22
1446 39 193 44
1447 40 46 3
1448 40 56 3
1449 40 68 32
1450 40 76 3
1451 40 78 49
1452 40 88 46
1453 40 94 11
1454 40 97 24
1455 40 98 44
1456 40 109 28
1457 40 114 26
1458 40 121 44
1459 40 123 36
1460 40 124 41
1461 40 129 28
1462 40 130 10
1463 40 136 13
1464 40 137 21
1465 40 146 17
1466 40 151 32
1467 40 159 14
1468 40 160 6
1469 40 163 21
1470 40 170 1
1471 40 176 28
1472 40 177 23
1473 40 183 18
1474 40 184 34
1475 40 185 43
1476 40 186 8
1477 40 188 15
1478 40 189 2
1479 40 199 27
1480 41 48 24
1481 41 55 19
1482 41 56 38
1483 41 60 8
1484 41 62 19
1485 41 63 12
1486 41 71 42
1487 41 74 17
1488 41 77 10
1489 41 78 47
1490 41 84 41
1491 41 85 34
1492 41 95 9
1493 41 101 48
1494 41 103 8
1495 41 104 24
1496 41 119 44
1497 41 120 26
1498 41 123 8
1499 41 139 31
1500 41 142 38
1501 41 145 12
1502 41 150 12
1503 41 153 27
1504 41 155 32
1505 41 158 46
1506 41 161 42
1507 41 168 17
1508 41 171 4
1509 41 172 44
1510 41 174 7
1511 41 179 24
1512 41 180 3
1513 41 183 38
1514 41 192 11
1515 41 193 36
1516 41 197 3
1517 42 47 37
1518 42 57 34
1519 42 76 17
1520 42 77 32
1521 42 82 25
1522 42 97 37
1523 42 98 41
1524 42 102 42
1525 42 105 25
1526 42 110 8
1527 42 111 34
1528 42 114 14
1529 42 118 49
1530 42 119 37
1531 42 123 48
1532 42 124 6
1533 42 125 12
1534 42 128 7
1535 42 131 42
1536 42 132 29
1537 42 134 43
1538 42 138 12
1539 42 139 47
1540 42 141 16
1541 42 156 44
1542 42 164 16
1543 42 166 19
1544 42 170 23
1545 42 172 3
1546 42 174 2
1547 42 176 34
1548 42 177 23
1549 42 182 9
1550 42 193 15
1551 42 194 15
1552 42 198 24
1553 43 44 21
1554 43 46 49
1555 43 47 7
1556 43 55 26
1557 43 66 19
1558 43 69 48
1559 43 71 18
1560 43 77 28
1561 43 78 32
1562 43 80 20
1563 43 89 23
1564 43 90 10
1565 43 92 2
1566 43 93 48
1567 43 95 39
1568 43 126 17
1569 43 133 11
1570 43 137 5
1571 43 149 5
1572 43 158 2
1573 43 159 23
1574 43 160 28
1575 43 161 25
1576 43 162 39
1577 43 167 43
1578 43 169 27
1579 43 173 23
1580 43 179 21
1581 43 182 18
1582 43 185 14
1583 43 187 42
1584 43 189 5
1585 43 196 14
1586 44 47 47
1587 44 48 41
1588 44 54 36
1589 44 56 50
1590 44 64 25
1591 44 65 41
1592 44 71 22
1593 44 75 22
1594 44 76 1
1595 44 79 49
1596 44 83 40
1597 44 87 1
1598 44 88 25
1599 44 93 5
1600 44 94 41
1601 44 100 8
1602 44 104 36
1603 44 105 21
1604 44 109 37
1605 44 116 40
1606 44 130 34
1607 44 138 32
1608 44 146 29
1609 44 155 34
1610 44 160 28
1611 44 165 6
1612 44 177 35
1613 44 178 37
1614 44 193 31
1615 44 198 34
1616 45 50 33
1617 45 52 49
1618 45 53 21
1619 45 57 49
1620 45 63 26
1621 45 67 42
1622 45 73 23
1623 45 78 28
1624 45 81 34
1625 45 87 2
1626 45 100 22
1627 45 104 39
1628 45 107 30
1629 45 109 36
1630 45 114 49
1631 45 115 48
1632 45 127 5
1633 45 129 5
1634 45 144 5
1635 45 145 12
1636 45 151 6
1637 45 165 20
1638 45 166 47
1639 45 170 46
1640 45 175 48
1641 45 177 13
1642 45 186 4
1643 46 50 25
1644 46 53 45
1645 46 54 8
1646 46 76 9
1647 46 77 43
1648 46 90 29
1649 46 96 12
1650 46 98 17
1651 46 99 39
1652 46 102 5
1653 46 109 10
1654 46 117 41
1655 46 119 37
1656 46 131 8
1657 46 133 43
1658 46 141 40
1659 46 142 29
1660 46 144 26
1661 46 148 49
1662 46 149 32
1663 46 150 11
1664 46 154 13
1665 46 160 7
1666 46 162 44
1667 46 163 1
1668 46 170 38
1669 46 177 3
1670 46 183 40
1671 46 184 25
1672 46 189 6
1673 46 193 32
1674 47 48 46
1675 47 52 21
1676 47 60 22
1677 47 67 23
1678 47 71 35
1679 47 73 11
1680 47 74 49
1681 47 76 12
1682 47 78 17
1683 47 80 4
1684 47 87 4
1685 47 91 9
1686 47 94 11
1687 47 102 14
1688 47 109 11
1689 47 125 44
1690 47 130 41
1691 47 146 25
1692 47 151 11
1693 47 160 9
1694 47 171 25
1695 47 175 45
1696 47 180 46
1697 47 185 37
1698 47 186 7
1699 48 50 35
1700 48 51 11
1701 48 54 6
1702 48 66 37
1703 48 70 40
1704 48 78 10
1705 48 79 20
1706 48 84 45
1707 48 91 37
1708 48 96 39
1709 48 114 24
1710 48 119 20
1711 48 122 32
1712 48 126 4
1713 48 127 6
1714 48 128 1
1715 48 130 5
1716 48 139 2
1717 48 141 5
1718 48 142 13
1719 48 145 37
1720 48 148 48
1721 48 153 29
1722 48 157 20
1723 48 158 50
1724 48 159 2
1725 48 167 41
1726 48 182 38
1727 49 50 7
1728 49 54 27
1729 49 56 2
1730 49 58 50
1731 49 59 6
1732 49 64 38
1733 49 76 18
1734 49 78 28
1735 49 88 28
1736 49 90 19
1737 49 94 6
1738 49 98 16
1739 49 101 15
1740 49 110 46
1741 49 115 24
1742 49 116 19
1743 49 117 37
1744 49 123 38
1745 49 125 7
1746 49 132 34
1747 49 145 7
1748 49 153 4
1749 49 155 49
1750 49 156 37
1751 49 158 15
1752 49 166 40
1753 49 168 42
1754 49 170 35
1755 49 173 22
1756 49 177 18
1757 49 181 45
1758 49 182 35
1759 49 183 5
1760 49 184 48
1761 49 188 24
1762 49 195 30
1763 49 199 35
1764 50 53 31
1765 50 54 49
1766 50 57 19
1767 50 60 39
1768 50 64 1
1769 50 65 30
1770 50 67 9
1771 50 68 8
1772 50 70 36
1773 50 76 28
1774 50 80 22
1775 50 92 20
1776 50 97 31
1777 50 104 13
1778 50 106 36
1779 50 117 44
1780 50 119 9
1781 50 122 26
1782 50 123 23
1783 50 124 26
1784 50 129 27
1785 50 137 14
1786 50 143 26
1787 50 146 45
1788 50 147 39
1789 50 155 18
1790 50 156 37
1791 50 165 42
1792 50 168 35
1793 50 170 10
1794 50 182 24
1795 50 186 10
1796 50 195 36
1797 51 74 10
1798 51 80 29
1799 51 84 32
1800 51 91 11
1801 51 97 6
1802 51 98 11
1803 51 113 24
1804 51 115 18
1805 51 119 42
1806 51 127 33
1807 51 131 39
1808 51 134 49
1809 51 138 9
1810 51 142 22
1811 51 145 50
1812 51 146 48
1813 51 148 47
1814 51 159 11
1815 51 163 29
1816 51 165 3
1817 51 171 8
1818 51 179 14
1819 51 181 39
1820 51 182 37
1821 51 192 24
1822 51 196 7
1823 52 55 49
1824 52 57 7
1825 52 70 31
1826 52 72 37
1827 52 78 36
1828 52 80 7
1829 52 89 14
1830 52 92 9
1831 52 107 23
1832 52 109 24
1833 52 116 35
1834 52 121 5
1835 52 123 44
1836 52 136 44
1837 52 140 35
1838 52 146 37
1839 52 150 6
1840 52 152 21
1841 52 153 1
1842 52 157 15
1843 52 161 3
1844 52 165 34
1845 52 167 5
1846 52 172 15
1847 52 176 35
1848 52 178 40
1849 52 192 25
1850 52 199 41
1851 53 70 5
1852 53 80 41
1853 53 93 45
1854 53 97 50
1855 53 100 23
1856 53 106 7
1857 53 112 24
1858 53 118 16
1859 53 121 41
1860 53 123 12
1861 53 127 41
1862 53 130 7
1863 53 134 28
1864 53 140 17
1865 53 141 29
1866 53 144 25
1867 53 151 14
1868 53 154 8
1869 53 156 39
1870 53 158 39
1871 53 180 47
1872 53 181 19
1873 53 187 47
1874 53 195 37
1875 54 55 22
1876 54 56 46
1877 54 58 45
1878 54 60 33
1879 54 61 33
1880 54 64 31
1881 54 67 42
1882 54 93 3
1883 54 96 19
1884 54 108 22
1885 54 109 40
1886 54 113 21
1887 54 117 27
1888 54 118 2
1889 54 119 13
1890 54 126 49
1891 54 138 29
1892 54 142 37
1893 54 148 28
1894 54 153 30
1895 54 162 22
1896 54 163 36
1897 54 165 34
1898 54 167 10
1899 54 175 12
1900 54 182 2
1901 54 183 34
1902 54 184 21
1903 54 185 33
1904 54 188 15
1905 55 60 34
1906 55 73 47
1907 55 74 38
1908 55 76 24
1909 55 81 2
1910 55 93 4
1911 55 95 40
1912 55 98 40
1913 55 100 15
1914 55 105 28
1915 55 108 19
1916 55 114 6
1917 55 116 8
1918 55 123 46
1919 55 129 24
1920 55 135 31
1921 55 136 14
1922 55 146 19
1923 55 165 16
1924 55 166 32
1925 55 172 28
1926 55 174 23
1927 55 180 48
1928 55 183 45
1929 55 189 28
1930 55 195 6
1931 55 196 29
1932 55 197 25
1933 55 199 44
1934 56 64 19
1935 56 65 43
1936 56 67 15
1937 56 68 15
1938 56 79 34
1939 56 83 4
1940 56 87 32
1941 56 88 48
1942 56 92 39
1943 56 93 35
1944 56 109 47
1945 56 117 45
1946 56 133 28
1947 56 141 16
1948 56 149 38
1949 56 150 12
1950 56 154 4
1951 56 155 50
1952 56 158 44
1953 56 159 36
1954 56 164 8
1955 56 172 36
1956 56 174 16
1957 56 183 18
1958 56 188 19
1959 56 193 40
1960 57 66 31
1961 57 69 3
1962 57 74 3
1963 57 76 31
1964 57 81 30
1965 57 82 43
1966 57 85 4
1967 57 89 12
1968 57 93 33
1969 57 97 34
1970 57 98 34
1971 57 100 22
1972 57 107 46
1973 57 108 18
1974 57 110 20
1975 57 113 8
1976 57 125 10
1977 57 126 28
1978 57 136 10
1979 57 141 14
1980 57 151 30
1981 57 156 7
1982 57 158 11
1983 57 168 29
1984 57 188 13
1985 57 189 46
1986 57 190 4
1987 57 194 33
1988 57 198 30
1989 58 62 32
1990 58 63 50
1991 58 68 31
1992 58 71 16
1993 58 72 23
1994 58 86 22
1995 58 96 42
1996 58 98 44
1997 58 105 4
1998 58 123 34
1999 58 126 2
2000 58 128 46
2001 58 141 3
2002 58 144 27
2003 58 145 48
2004 58 146 35
2005 58 147 15
2006 58 149 14
2007 58 151 20
2008 58 155 13
2009 58 164 47
2010 58 165 39
2011 58 166 17
2012 58 167 1
2013 58 169 39
2014 58 173 1
2015 58 179 19
2016 58 182 48
2017 58 186 8
2018 58 187 27
2019 58 193 2
2020 59 61 42
2021 59 62 12
2022 59 79 12
2023 59 80 12
2024 59 81 23
2025 59 88 21
2026 59 90 10
2027 59 99 50
2028 59 100 1
2029 59 101 43
2030 59 106 42
2031 59 111 41
2032 59 112 38
2033 59 114 21
2034 59 121 23
2035 59 123 40
2036 59 124 45
2037 59 130 34
2038 59 138 18
2039 59 139 45
2040 59 144 16
2041 59 146 26
2042 59 150 22
2043 59 151 27
2044 59 152 7
2045 59 154 31
2046 59 157 7
2047 59 161 35
2048 59 165 13
2049 59 167 23
2050 59 170 10
2051 59 172 49
2052 59 182 45
2053 59 184 44
2054 59 187 22
2055 59 189 1
2056 60 66 1
2057 60 73 9
2058 60 80 14
2059 60 87 43
2060 60 94 2
2061 60 95 3
2062 60 106 20
2063 60 112 48
2064 60 124 27
2065 60 130 12
2066 60 131 43
2067 60 132 38
2068 60 134 20
2069 60 136 3
2070 60 149 8
2071 60 151 34
2072 60 164 25
2073 60 172 36
2074 60 173 17
2075 60 177 49
2076 60 179 39
2077 60 180 48
2078 60 182 10
2079 60 183 41
2080 60 189 9
2081 60 190 27
2082 61 65 27
2083 61 68 35
2084 61 69 40
2085 61 70 49
2086 61 74 41
2087 61 87 40
2088 61 91 26
2089 61 97 12
2090 61 99 14
2091 61 103 12
2092 61 104 13
2093 61 111 25
2094 61 119 41
2095 61 130 8
2096 61 136 27
2097 61 141 50
2098 61 151 36
2099 61 155 17
2100 61 157 6
2101 61 159 30
2102 61 181 5
2103 61 182 21
2104 61 188 14
2105 61 199 10
2106 62 69 23
2107 62 71 26
2108 62 72 33
2109 62 75 13
2110 62 90 29
2111 62 92 5
2112 62 94 21
2113 62 104 11
2114 62 105 3
2115 62 106 23
2116 62 111 10
2117 62 113 43
2118 62 115 19
2119 62 122 49
2120 62 123 4
2121 62 125 27
2122 62 136 35
2123 62 147 34
2124 62 149 30
2125 62 152 10
2126 62 156 29
2127 62 163 42
2128 62 166 8
2129 62 176 26
2130 62 179 1
2131 62 184 45
2132 62 196 24
2133 62 197 47
2134 63 80 6
2135 63 87 33
2136 63 89 35
2137 63 94 45
2138 63 98 40
2139 63 99 27
2140 63 101 20
2141 63 103 33
2142 63 120 25
2143 63 134 25
2144 63 142 36
2145 63 146 44
2146 63 147 4
2147 63 159 27
2148 63 162 22
2149 63 170 8
2150 63 171 5
2151 63 172 23
2152 63 176 39
2153 63 194 20
2154 64 66 12
2155 64 69 17
2156 64 70 38
2157 64 74 4
2158 64 75 6
2159 64 91 7
2160 64 95 10
2161 64 96 25
2162 64 99 7
2163 64 102 17
2164 64 104 35
2165 64 106 7
2166 64 107 48
2167 64 114 28
2168 64 115 6
2169 64 121 36
2170 64 125 47
2171 64 129 7
2172 64 130 22
2173 64 134 43
2174 64 143 9
2175 64 148 37
2176 64 153 4
2177 64 168 45
2178 64 173 36
2179 64 192 28
2180 64 194 49
2181 64 195 27
2182 65 67 4
2183 65 69 22
2184 65 72 16
2185 65 73 46
2186 65 82 14
2187 65 97 38
2188 65 98 17
2189 65 102 46
2190 65 108 14
2191 65 115 18
2192 65 119 35
2193 65 122 13
2194 65 128 13
2195 65 131 38
2196 65 133 1
2197 65 136 1
2198 65 141 35
2199 65 144 21
2200 65 148 27
2201 65 166 24
2202 65 169 21
2203 65 173 6
2204 65 176 22
2205 65 181 25
2206 65 184 34
2207 65 185 29
2208 65 193 2
2209 65 198 48
2210 66 73 10
2211 66 75 27
2212 66 77 24
2213 66 78 24
2214 66 81 32
2215 66 82 37
2216 66 83 22
2217 66 87 4
2218 66 88 40
2219 66 89 10
2220 66 97 33
2221 66 99 17
2222 66 103 30
2223 66 115 36
2224 66 118 19
2225 66 120 27
2226 66 128 13
2227 66 134 40
2228 66 141 32
2229 66 142 23
2230 66 146 23
2231 66 154 44
2232 66 186 12
2233 66 196 44
2234 66 198 16
2235 67 73 23
2236 67 81 23
2237 67 87 29
2238 67 88 17
2239 67 92 7
2240 67 98 20
2241 67 99 22
2242 67 102 21
2243 67 112 22
2244 67 114 22
2245 67 116 19
2246 67 118 25
2247 67 122 39
2248 67 137 36
2249 67 141 30
2250 67 149 31
2251 67 152 13
2252 67 175 20
2253 67 179 30
2254 67 186 11
2255 67 192 43
2256 67 193 15
2257 67 197 28
2258 68 70 28
2259 68 78 12
2260 68 82 46
2261 68 88 32
2262 68 90 4
2263 68 97 5
2264 68 98 39
2265 68 99 23
2266 68 100 11
2267 68 102 19
2268 68 111 39
2269 68 119 42
2270 68 121 43
2271 68 124 37
2272 68 128 35
2273 68 129 10
2274 68 136 44
2275 68 138 21
2276 68 140 34
2277 68 144 33
2278 68 150 15
2279 68 162 25
2280 68 163 33
2281 68 174 29
2282 68 178 44
2283 68 185 7
2284 68 192 4
2285 68 198 7
2286 69 89 18
2287 69 101 47
2288 69 108 27
2289 69 109 4
2290 69 113 38
2291 69 115 45
2292 69 116 15
2293 69 119 41
2294 69 126 46
2295 69 132 23
2296 69 137 48
2297 69 138 1
2298 69 140 41
2299 69 141 43
2300 69 155 26
2301 69 166 36
2302 69 167 21
2303 69 176 12
2304 69 181 39
2305 69 184 28
2306 69 186 14
2307 69 189 4
2308 69 192 36
2309 69 199 43
2310 70 72 22
2311 70 75 6
2312 70 90 3
2313 70 92 12
2314 70 96 3
2315 70 97 37
2316 70 98 18
2317 70 106 2
2318 70 117 3
2319 70 118 6
2320 70 137 2
2321 70 138 40
2322 70 147 11
2323 70 160 21
2324 70 167 3
2325 70 174 5
2326 70 179 10
2327 70 181 9
2328 70 182 7
2329 70 183 23
2330 70 186 25
2331 70 188 14
2332 70 197 10
2333 71 83 41
2334 71 85 1
2335 71 87 17
2336 71 89 5
2337 71 91 18
2338 71 97 3
2339 71 101 31
2340 71 112 25
2341 71 116 8
2342 71 127 48
2343 71 128 4
2344 71 133 45
2345 71 137 14
2346 71 145 1
2347 71 148 28
2348 71 156 33
2349 71 157 11
2350 71 161 10
2351 71 163 17
2352 71 164 10
2353 71 174 11
2354 71 187 19
2355 71 193 30
2356 71 196 10
2357 72 79 39
2358 72 81 6
2359 72 83 25
2360 72 85 35
2361 72 90 44
2362 72 94 35
2363 72 98 5
2364 72 101 29
2365 72 111 42
2366 72 112 18
2367 72 114 30
2368 72 116 27
2369 72 118 9
2370 72 124 47
2371 72 132 23
2372 72 137 3
2373 72 139 9
2374 72 146 19
2375 72 150 21
2376 72 153 20
2377 72 154 6
2378 72 169 12
2379 72 172 50
2380 72 185 37
2381 72 191 16
2382 72 193 7
2383 72 196 25
2384 72 197 38
2385 73 81 28
2386 73 84 23
2387 73 85 37
2388 73 93 18
2389 73 94 23
2390 73 95 35
2391 73 105 47
2392 73 110 38
2393 73 113 6
2394 73 124 5
2395 73 128 3
2396 73 131 22
2397 73 136 33
2398 73 145 40
2399 73 148 40
2400 73 168 24
2401 73 173 39
2402 73 174 39
2403 73 175 30
2404 73 191 23
2405 73 195 47
2406 73 196 18
2407 73 199 6
2408 74 80 45
2409 74 81 44
2410 74 82 33
2411 74 89 14
2412 74 93 3
2413 74 102 2
2414 74 107 14
2415 74 110 30
2416 74 122 23
2417 74 131 44
2418 74 133 19
2419 74 134 8
2420 74 135 1
2421 74 136 29
2422 74 144 44
2423 74 146 28
2424 74 147 21
2425 74 161 48
2426 74 166 30
2427 74 168 10
2428 74 176 49
2429 74 183 31
2430 74 190 32
2431 74 198 30
2432 74 199 40
2433 75 86 3
2434 75 95 11
2435 75 97 10
2436 75 103 40
2437 75 105 32
2438 75 106 37
2439 75 111 31
2440 75 112 40
2441 75 113 46
2442 75 115 40
2443 75 121 23
2444 75 124 23
2445 75 130 23
2446 75 132 46
2447 75 137 36
2448 75 138 40
2449 75 141 43
2450 75 142 8
2451 75 144 10
2452 75 145 40
2453 75 148 46
2454 75 153 26
2455 75 156 48
2456 75 168 10
2457 75 171 28
2458 75 174 36
2459 75 176 27
2460 75 177 22
2461 75 179 4
2462 75 180 27
2463 75 184 34
2464 75 186 6
2465 75 191 30
2466 75 192 38
2467 75 193 14
2468 75 197 23
2469 76 79 39
2470 76 80 6
2471 76 84 33
2472 76 88 12
2473 76 96 32
2474 76 102 25
2475 76 107 3
2476 76 110 49
2477 76 114 30
2478 76 124 35
2479 76 125 30
2480 76 140 10
2481 76 142 46
2482 76 144 10
2483 76 145 36
2484 76 146 46
2485 76 149 30
2486 76 150 32
2487 76 154 43
2488 76 156 17
2489 76 157 15
2490 76 158 46
2491 76 161 42
2492 76 168 22
2493 76 170 45
2494 76 185 30
2495 76 188 4
2496 76 194 2
2497 77 80 15
2498 77 83 23
2499 77 87 27
2500 77 111 32
2501 77 125 19
2502 77 129 10
2503 77 138 30
2504 77 139 49
2505 77 140 34
2506 77 147 35
2507 77 158 7
2508 77 164 30
2509 77 174 41
2510 77 184 50
2511 77 185 5
2512 77 191 10
2513 77 196 6
2514 78 87 4
2515 78 91 2
2516 78 126 37
2517 78 133 5
2518 78 135 10
2519 78 136 36
2520 78 138 13
2521 78 139 23
2522 78 148 35
2523 78 160 42
2524 78 162 14
2525 78 163 35
2526 78 164 1
2527 78 165 21
2528 78 167 39
2529 78 174 40
2530 78 178 1
2531 78 179 22
2532 78 180 49
2533 78 185 44
2534 78 190 4
2535 78 197 22
2536 79 92 44
2537 79 95 1
2538 79 99 23
2539 79 103 46
2540 79 109 50
2541 79 113 49
2542 79 114 22
2543 79 118 46
2544 79 129 46
2545 79 134 47
2546 79 138 1
2547 79 139 5
2548 79 141 20
2549 79 156 30
2550 79 157 14
2551 79 163 13
2552 79 164 33
2553 79 181 28
2554 79 183 20
2555 79 188 45
2556 79 189 34
2557 79 194 34
2558 79 195 6
2559 79 196 36
2560 79 199 16
2561 80 81 44
2562 80 84 24
2563 80 85 48
2564 80 86 41
2565 80 91 10
2566 80 92 27
2567 80 99 40
2568 80 103 11
2569 80 115 9
2570 80 121 43
2571 80 126 25
2572 80 141 48
2573 80 143 13
2574 80 160 28
2575 80 161 48
2576 80 163 24
2577 80 170 24
2578 80 171 7
2579 80 174 1
2580 80 179 6
2581 80 187 13
2582 81 93 34
2583 81 96 45
2584 81 97 44
2585 81 100 15
2586 81 109 16
2587 81 113 37
2588 81 127 37
2589 81 132 2
2590 81 136 18
2591 81 146 36
2592 81 147 20
2593 81 165 13
2594 81 167 32
2595 81 171 34
2596 81 173 48
2597 81 177 43
2598 81 178 18
2599 81 179 7
2600 81 183 38
2601 81 194 9
2602 82 83 33
2603 82 84 43
2604 82 92 33
2605 82 93 11
2606 82 99 35
2607 82 114 35
2608 82 122 39
2609 82 125 26
2610 82 127 21
2611 82 129 13
2612 82 132 18
2613 82 133 14
2614 82 141 5
2615 82 143 34
2616 82 144 49
2617 82 148 17
2618 82 158 2
2619 82 160 19
2620 82 163 1
2621 82 166 9
2622 82 169 24
2623 82 171 33
2624 82 180 37
2625 82 186 9
2626 82 187 12
2627 82 188 41
2628 82 190 16
2629 82 191 46
2630 82 192 36
2631 82 193 33
2632 82 199 46
2633 83 87 39
2634 83 89 7
2635 83 96 11
2636 83 99 3
2637 83 100 32
2638 83 113 41
2639 83 127 6
2640 83 132 47
2641 83 138 45
2642 83 144 30
2643 83 155 25
2644 83 166 5
2645 83 179 32
2646 83 188 48
2647 83 192 23
2648 83 197 8
2649 84 92 50
2650 84 100 42
2651 84 109 37
2652 84 127 28
2653 84 128 31
2654 84 130 19
2655 84 133 2
2656 84 136 7
2657 84 137 35
2658 84 138 4
2659 84 139 22
2660 84 153 1
2661 84 155 22
2662 84 158 23
2663 84 165 6
2664 84 166 7
2665 84 169 26
2666 84 170 4
2667 84 174 4
2668 84 175 40
2669 84 183 32
2670 84 190 18
2671 84 196 50
2672 85 89 24
2673 85 99 5
2674 85 107 20
2675 85 108 28
2676 85 110 32
2677 85 111 13
2678 85 115 37
2679 85 116 32
2680 85 124 37
2681 85 127 18
2682 85 132 43
2683 85 133 27
2684 85 135 33
2685 85 137 17
2686 85 156 34
2687 85 158 33
2688 85 160 11
2689 85 161 41
2690 85 171 18
2691 85 176 43
2692 85 179 1
2693 85 180 38
2694 85 184 11
2695 86 88 16
2696 86 98 1
2697 86 101 38
2698 86 102 24
2699 86 104 47
2700 86 108 48
2701 86 110 18
2702 86 112 28
2703 86 117 39
2704 86 119 31
2705 86 121 25
2706 86 125 44
2707 86 133 32
2708 86 146 20
2709 86 151 17
2710 86 154 16
2711 86 159 4
2712 86 169 34
2713 86 171 45
2714 86 182 7
2715 86 184 35
2716 86 186 14
2717 86 187 4
2718 86 189 48
2719 86 192 22
2720 87 91 33
2721 87 99 12
2722 87 126 15
2723 87 129 6
2724 87 137 25
2725 87 150 3
2726 87 151 9
2727 87 155 7
2728 87 162 41
2729 87 166 44
2730 87 169 38
2731 87 172 28
2732 87 175 45
2733 87 182 12
2734 87 186 30
2735 87 190 20
2736 87 192 23
2737 87 193 21
2738 87 196 45
2739 88 99 13
2740 88 103 26
2741 88 107 36
2742 88 112 30
2743 88 118 39
2744 88 119 47
2745 88 126 42
2746 88 130 39
2747 88 131 9
2748 88 137 10
2749 88 150 30
2750 88 155 13
2751 88 162 10
2752 88 168 48
2753 88 169 42
2754 88 173 17
2755 88 175 16
2756 88 180 46
2757 88 182 18
2758 88 184 28
2759 88 185 35
2760 88 189 48
2761 88 190 44
2762 88 195 24
2763 88 196 18
2764 89 93 22
2765 89 94 8
2766 89 98 30
2767 89 104 16
2768 89 110 41
2769 89 111 9
2770 89 112 33
2771 89 115 5
2772 89 119 17
2773 89 121 12
2774 89 123 26
2775 89 127 45
2776 89 129 41
2777 89 137 16
2778 89 140 41
2779 89 141 44
2780 89 147 35
2781 89 165 27
2782 89 170 49
2783 89 175 36
2784 89 176 42
2785 89 177 9
2786 89 182 3
2787 89 188 17
2788 89 191 5
2789 90 93 25
2790 90 96 28
2791 90 97 7
2792 90 98 41
2793 90 104 40
2794 90 107 22
2795 90 119 8
2796 90 120 35
2797 90 128 21
2798 90 129 44
2799 90 134 50
2800 90 150 50
2801 90 152 5
2802 90 154 20
2803 90 162 48
2804 90 169 18
2805 90 173 26
2806 90 177 25
2807 90 179 23
2808 90 181 10
2809 90 185 33
2810 90 186 7
2811 91 94 5
2812 91 97 41
2813 91 100 40
2814 91 104 3
2815 91 110 49
2816 91 117 1
2817 91 131 8
2818 91 135 38
2819 91 143 7
2820 91 145 47
2821 91 149 5
2822 91 153 49
2823 91 154 42
2824 91 159 10
2825 91 165 17
2826 91 166 15
2827 91 177 5
2828 91 182 1
2829 91 183 4
2830 91 185 12
2831 91 188 39
2832 91 196 29
2833 91 197 30
2834 92 94 38
2835 92 95 13
2836 92 106 38
2837 92 117 25
2838 92 121 10
2839 92 128 33
2840 92 132 37
2841 92 134 6
2842 92 137 10
2843 92 141 16
2844 92 144 35
2845 92 160 37
2846 92 162 35
2847 92 163 26
2848 92 165 33
2849 92 167 16
2850 92 173 46
2851 92 178 7
2852 92 181 27
2853 92 184 41
2854 92 185 15
2855 92 188 10
2856 92 189 46
2857 92 192 16
2858 92 193 12
2859 92 197 23
2860 93 101 17
2861 93 109 39
2862 93 113 31
2863 93 121 12
2864 93 131 41
2865 93 136 1
2866 93 145 2
2867 93 157 50
2868 93 158 39
2869 93 164 30
2870 93 169 17
2871 93 177 37
2872 93 179 3
2873 93 183 29
2874 93 190 13
2875 93 194 40
2876 93 199 3
2877 94 95 48
2878 94 101 14
2879 94 124 12
2880 94 125 14
2881 94 126 29
2882 94 140 18
2883 94 145 9
2884 94 152 37
2885 94 153 23
2886 94 155 9
2887 94 157 23
2888 94 158 38
2889 94 161 39
2890 94 169 19
2891 94 182 45
2892 95 96 1
2893 95 111 47
2894 95 115 33
2895 95 121 13
2896 95 125 41
2897 95 136 17
2898 95 139 32
2899 95 140 49
2900 95 146 43
2901 95 153 49
2902 95 154 31
2903 95 163 35
2904 95 165 40
2905 95 171 44
2906 95 176 17
2907 95 189 23
2908 95 190 39
2909 95 191 4
2910 95 193 16
2911 96 102 12
2912 96 106 31
2913 96 112 50
2914 96 122 47
2915 96 125 6
2916 96 128 15
2917 96 135 44
2918 96 149 47
2919 96 151 14
2920 96 156 26
2921 96 158 46
2922 96 159 7
2923 96 161 45
2924 96 163 42
2925 96 164 34
2926 96 171 3
2927 96 172 18
2928 96 177 32
2929 96 183 9
2930 96 190 48
2931 96 192 19
2932 96 194 11
2933 96 196 48
2934 96 198 2
2935 97 103 32
2936 97 112 48
2937 97 119 37
2938 97 122 7
2939 97 123 4
2940 97 124 5
2941 97 131 18
2942 97 132 6
2943 97 135 11
2944 97 144 26
2945 97 165 30
2946 97 169 19
2947 97 175 41
2948 97 177 8
2949 97 186 17
2950 97 188 6
2951 97 189 4
2952 97 190 21
2953 97 192 20
2954 97 196 18
2955 97 199 9
2956 98 102 25
2957 98 107 15
2958 98 108 19
2959 98 110 43
2960 98 111 38
2961 98 114 7
2962 98 117 17
2963 98 123 47
2964 98 124 15
2965 98 128 13
2966 98 134 17
2967 98 139 1
2968 98 152 9
2969 98 153 49
2970 98 160 29
2971 98 166 38
2972 98 182 37
2973 98 185 23
2974 98 186 34
2975 98 189 19
2976 98 198 30
2977 99 100 16
2978 99 101 39
2979 99 102 45
2980 99 111 46
2981 99 114 18
2982 99 115 19
2983 99 119 27
2984 99 121 18
2985 99 123 37
2986 99 124 48
2987 99 126 27
2988 99 162 5
2989 99 166 25
2990 99 167 23
2991 99 172 15
2992 99 179 7
2993 99 180 40
2994 99 183 34
2995 99 184 26
2996 99 185 3
2997 99 186 13
2998 99 195 28
2999 99 197 17
3000 100 111 48
3001 100 117 16
3002 100 122 48
3003 100 129 49
3004 100 133 46
3005 100 137 49
3006 100 139 21
3007 100 148 43
3008 100 149 19
3009 100 150 12
3010 100 159 35
3011 100 161 3
3012 100 166 38
3013 100 170 21
3014 100 184 12
3015 100 187 43
3016 100 190 10
3017 100 199 4
3018 101 102 49
3019 101 107 49
3020 101 108 46
3021 101 110 22
3022 101 113 8
3023 101 116 18
3024 101 117 4
3025 101 118 26
3026 101 121 15
3027 101 126 34
3028 101 127 43
3029 101 136 10
3030 101 141 10
3031 101 143 50
3032 101 145 44
3033 101 147 19
3034 101 151 47
3035 101 155 18
3036 101 156 4
3037 101 160 20
3038 101 193 10
3039 101 194 29
3040 101 197 6
3041 102 107 5
3042 102 110 41
3043 102 111 4
3044 102 113 5
3045 102 119 12
3046 102 124 4
3047 102 126 28
3048 102 128 1
3049 102 131 34
3050 102 136 31
3051 102 137 5
3052 102 139 2
3053 102 142 23
3054 102 143 41
3055 102 147 30
3056 102 163 47
3057 102 166 48
3058 102 167 36
3059 102 171 7
3060 102 192 12
3061 102 195 49
3062 102 199 1
3063 103 114 23
3064 103 116 3
3065 103 132 30
3066 103 133 13
3067 103 135 18
3068 103 146 10
3069 103 155 20
3070 103 166 50
3071 103 172 33
3072 103 183 6
3073 103 192 50
3074 103 196 48
3075 103 198 6
3076 104 106 36
3077 104 127 49
3078 104 135 47
3079 104 136 25
3080 104 137 28
3081 104 138 36
3082 104 141 32
3083 104 144 50
3084 104 150 48
3085 104 159 31
3086 104 167 14
3087 104 168 43
3088 104 170 8
3089 104 179 29
3090 104 180 30
3091 104 186 11
3092 105 107 43
3093 105 110 28
3094 105 117 42
3095 105 124 31
3096 105 128 12
3097 105 131 14
3098 105 142 39
3099 105 144 9
3100 105 146 49
3101 105 152 45
3102 105 161 37
3103 105 164 47
3104 105 171 45
3105 105 173 21
3106 105 190 21
3107 105 198 28
3108 106 108 23
3109 106 111 40
3110 106 116 41
3111 106 119 12
3112 106 123 38
3113 106 127 5
3114 106 128 5
3115 106 139 48
3116 106 142 32
3117 106 151 38
3118 106 154 9
3119 106 158 7
3120 106 164 21
3121 106 165 1
3122 106 172 32
3123 106 175 27
3124 106 178 41
3125 106 181 45
3126 106 182 15
3127 106 187 43
3128 106 195 9
3129 106 199 7
3130 107 108 4
3131 107 113 14
3132 107 114 2
3133 107 118 6
3134 107 124 23
3135 107 126 8
3136 107 135 29
3137 107 139 3
3138 107 143 36
3139 107 147 35
3140 107 148 36
3141 107 151 3
3142 107 153 41
3143 107 154 49
3144 107 156 38
3145 107 158 44
3146 107 164 6
3147 107 166 34
3148 107 167 18
3149 107 169 46
3150 107 173 50
3151 107 174 43
3152 107 175 32
3153 107 177 28
3154 107 178 42
3155 107 181 8
3156 107 185 1
3157 107 197 40
3158 107 199 27
3159 108 111 25
3160 108 115 43
3161 108 119 49
3162 108 122 10
3163 108 129 1
3164 108 132 2
3165 108 139 7
3166 108 142 27
3167 108 149 48
3168 108 156 4
3169 108 165 29
3170 108 166 18
3171 108 168 44
3172 108 169 50
3173 108 178 24
3174 108 179 21
3175 108 184 43
3176 108 185 6
3177 109 115 17
3178 109 119 12
3179 109 124 11
3180 109 130 2
3181 109 133 47
3182 109 143 46
3183 109 144 12
3184 109 145 16
3185 109 154 12
3186 109 155 41
3187 109 159 37
3188 109 164 36
3189 109 171 33
3190 109 174 20
3191 109 175 30
3192 110 111 18
3193 110 115 13
3194 110 124 3
3195 110 132 47
3196 110 135 15
3197 110 143 8
3198 110 150 23
3199 110 155 14
3200 110 163 39
3201 110 164 35
3202 110 167 20
3203 110 171 39
3204 110 173 10
3205 110 178 21
3206 110 179 17
3207 110 187 8
3208 110 190 32
3209 110 198 29
3210 111 113 42
3211 111 115 7
3212 111 116 2
3213 111 119 43
3214 111 122 19
3215 111 127 11
3216 111 128 30
3217 111 129 45
3218 111 131 37
3219 111 136 13
3220 111 141 12
3221 111 152 14
3222 111 155 33
3223 111 160 20
3224 111 168 26
3225 111 170 3
3226 111 171 32
3227 111 176 25
3228 111 180 21
3229 111 184 28
3230 111 186 4
3231 111 192 21
3232 112 122 5
3233 112 123 35
3234 112 125 44
3235 112 127 11
3236 112 128 3
3237 112 129 16
3238 112 131 11
3239 112 132 35
3240 112 141 27
3241 112 144 47
3242 112 151 40
3243 112 157 40
3244 112 160 30
3245 112 161 8
3246 112 163 37
3247 112 164 36
3248 112 169 24
3249 112 170 13
3250 112 178 20
3251 112 180 13
3252 112 183 47
3253 112 184 12
3254 112 185 32
3255 112 190 30
3256 112 192 28
3257 112 193 7
3258 112 197 27
3259 113 133 50
3260 113 139 40
3261 113 140 48
3262 113 144 35
3263 113 158 38
3264 113 163 19
3265 113 164 1
3266 113 172 23
3267 113 176 20
3268 113 182 17
3269 113 190 37
3270 113 191 48
3271 114 115 48
3272 114 124 12
3273 114 125 35
3274 114 136 40
3275 114 138 17
3276 114 139 48
3277 114 150 36
3278 114 151 31
3279 114 153 7
3280 114 159 36
3281 114 160 1
3282 114 163 48
3283 114 179 35
3284 114 180 8
3285 114 182 11
3286 114 184 4
3287 114 193 13
3288 114 196 13
3289 114 198 4
3290 115 116 2
3291 115 125 2
3292 115 127 37
3293 115 131 47
3294 115 133 29
3295 115 136 9
3296 115 150 15
3297 115 159 50
3298 115 162 32
3299 115 170 14
3300 115 177 26
3301 115 179 17
3302 115 180 9
3303 115 182 29
3304 115 199 2
3305 116 117 33
3306 116 118 43
3307 116 121 19
3308 116 124 31
3309 116 126 17
3310 116 128 30
3311 116 138 36
3312 116 140 22
3313 116 144 28
3314 116 148 37
3315 116 149 40
3316 116 154 43
3317 116 157 50
3318 116 161 1
3319 116 170 49
3320 116 176 21
3321 116 180 19
3322 116 181 1
3323 116 182 3
3324 116 192 9
3325 116 195 5
3326 116 197 39
3327 117 119 2
3328 117 121 17
3329 117 139 41
3330 117 140 38
3331 117 141 28
3332 117 148 25
3333 117 167 43
3334 117 170 24
3335 117 171 23
3336 117 173 27
3337 117 196 6
3338 118 122 49
3339 118 123 4
3340 118 124 14
3341 118 125 26
3342 118 129 6
3343 118 133 3
3344 118 135 9
3345 118 144 29
3346 118 149 9
3347 118 151 49
3348 118 161 19
3349 118 165 28
3350 118 166 32
3351 118 170 25
3352 118 173 9
3353 118 175 7
3354 118 183 14
3355 118 195 32
3356 119 125 16
3357 119 126 27
3358 119 128 45
3359 119 129 39
3360 119 130 7
3361 119 133 20
3362 119 136 24
3363 119 141 44
3364 119 145 39
3365 119 152 34
3366 119 153 34
3367 119 157 13
3368 119 164 43
3369 119 165 5
3370 119 172 9
3371 119 186 35
3372 119 187 20
3373 119 192 31
3374 119 194 14
3375 120 121 6
3376 120 126 39
3377 120 133 27
3378 120 139 29
3379 120 140 12
3380 120 145 35
3381 120 147 12
3382 120 150 20
3383 120 152 25
3384 120 171 8
3385 120 173 1
3386 120 174 27
3387 120 180 14
3388 120 181 38
3389 120 183 29
3390 120 187 49
3391 120 189 15
3392 120 197 29
3393 121 122 14
3394 121 126 33
3395 121 128 4
3396 121 134 50
3397 121 136 14
3398 121 146 9
3399 121 155 16
3400 121 156 15
3401 121 160 29
3402 121 164 24
3403 121 179 41
3404 121 180 17
3405 122 123 40
3406 122 144 16
3407 122 147 45
3408 122 148 21
3409 122 159 20
3410 122 162 33
3411 122 164 12
3412 122 167 14
3413 122 175 46
3414 122 182 45
3415 122 190 16
3416 122 192 38
3417 123 127 2
3418 123 128 32
3419 123 134 22
3420 123 142 6
3421 123 150 17
3422 123 155 47
3423 123 157 25
3424 123 159 44
3425 123 169 36
3426 123 173 39
3427 123 182 12
3428 123 190 25
3429 123 192 42
3430 123 196 38
3431 123 197 39
3432 124 139 5
3433 124 150 6
3434 124 163 36
3435 124 169 26
3436 124 170 49
3437 124 177 1
3438 124 180 17
3439 124 182 21
3440 124 186 36
3441 124 191 38
3442 124 198 17
3443 124 199 37
3444 125 143 14
3445 125 144 46
3446 125 148 1
3447 125 149 15
3448 125 152 11
3449 125 157 2
3450 125 161 21
3451 125 162 1
3452 125 168 19
3453 125 187 28
3454 125 190 27
3455 125 193 28
3456 125 195 50
3457 125 196 50
3458 126 129 30
3459 126 133 10
3460 126 137 38
3461 126 140 27
3462 126 142 15
3463 126 144 22
3464 126 148 19
3465 126 150 30
3466 126 155 9
3467 126 160 13
3468 126 161 35
3469 126 163 14
3470 126 167 46
3471 126 168 3
3472 126 174 31
3473 126 176 12
3474 126 182 14
3475 126 184 42
3476 126 188 12
3477 126 193 10
3478 126 196 12
3479 127 129 49
3480 127 133 19
3481 127 141 25
3482 127 152 47
3483 127 156 18
3484 127 157 37
3485 127 163 24
3486 127 166 42
3487 127 170 9
3488 127 173 20
3489 127 175 31
3490 127 176 21
3491 127 179 25
3492 127 182 27
3493 127 187 46
3494 127 189 30
3495 127 193 47
3496 127 197 23
3497 128 139 28
3498 128 144 22
3499 128 146 1
3500 128 150 24
3501 128 153 1
3502 128 159 26
3503 128 163 36
3504 128 166 5
3505 128 176 33
3506 128 177 45
3507 128 181 5
3508 128 183 2
3509 128 184 29
3510 128 191 15
3511 128 192 7
3512 128 195 15
3513 129 136 45
3514 129 138 6
3515 129 143 12
3516 129 148 6
3517 129 157 3
3518 129 160 18
3519 129 162 35
3520 129 172 49
3521 129 174 28
3522 129 179 21
3523 130 132 17
3524 130 138 49
3525 130 141 39
3526 130 147 47
3527 130 150 45
3528 130 153 8
3529 130 159 49
3530 130 170 21
3531 130 178 36
3532 130 179 28
3533 130 180 42
3534 130 184 28
3535 130 193 10
3536 131 134 25
3537 131 135 2
3538 131 147 39
3539 131 148 14
3540 131 158 24
3541 131 163 16
3542 131 164 48
3543 131 167 12
3544 131 175 26
3545 131 178 43
3546 131 179 49
3547 131 182 47
3548 131 183 49
3549 131 185 38
3550 131 195 15
3551 131 196 2
3552 131 199 37
3553 132 134 22
3554 132 136 39
3555 132 138 47
3556 132 143 12
3557 132 148 5
3558 132 158 33
3559 132 160 39
3560 132 169 29
3561 132 182 30
3562 132 189 44
3563 132 199 18
3564 133 136 9
3565 133 137 13
3566 133 138 15
3567 133 140 38
3568 133 141 25
3569 133 143 30
3570 133 144 11
3571 133 147 4
3572 133 156 36
3573 133 160 40
3574 133 166 31
3575 133 167 45
3576 133 171 21
3577 133 172 45
3578 133 177 33
3579 133 183 39
3580 133 193 19
3581 133 195 33
3582 134 145 11
3583 134 149 42
3584 134 152 10
3585 134 162 3
3586 134 165 49
3587 134 173 8
3588 134 175 42
3589 134 187 36
3590 134 190 32
3591 134 193 30
3592 134 194 37
3593 134 197 31
3594 135 136 9
3595 135 137 35
3596 135 142 18
3597 135 154 6
3598 135 155 19
3599 135 156 49
3600 135 160 14
3601 135 172 27
3602 135 176 43
3603 135 185 41
3604 135 190 21
3605 135 193 45
3606 135 198 13
3607 136 145 13
3608 136 152 44
3609 136 157 27
3610 136 164 50
3611 136 170 7
3612 136 176 11
3613 136 177 27
3614 136 183 37
3615 136 195 9
3616 137 138 29
3617 137 147 28
3618 137 159 15
3619 137 171 10
3620 137 177 6
3621 137 188 23
3622 137 192 25
3623 137 195 3
3624 138 142 2
3625 138 143 27
3626 138 146 28
3627 138 154 10
3628 138 161 30
3629 138 173 29
3630 138 175 22
3631 138 177 25
3632 138 180 24
3633 138 181 41
3634 138 186 30
3635 138 190 34
3636 138 191 38
3637 138 193 25
3638 139 149 29
3639 139 157 40
3640 139 158 13
3641 139 162 46
3642 139 167 34
3643 139 170 25
3644 139 171 8
3645 139 174 42
3646 139 183 4
3647 139 185 41
3648 139 186 13
3649 139 195 9
3650 139 199 36
3651 140 143 45
3652 140 144 23
3653 140 153 33
3654 140 165 23
3655 140 167 44
3656 140 168 4
3657 140 171 49
3658 140 176 40
3659 140 177 50
3660 140 178 20
3661 140 179 33
3662 140 182 33
3663 140 183 29
3664 140 185 4
3665 140 190 21
3666 140 191 42
3667 140 193 16
3668 140 197 36
3669 140 199 11
3670 141 145 2
3671 141 148 35
3672 141 158 4
3673 141 164 11
3674 141 172 36
3675 141 180 22
3676 141 185 42
3677 141 192 36
3678 141 195 6
3679 141 199 7
3680 142 146 26
3681 142 147 42
3682 142 150 47
3683 142 153 1
3684 142 157 27
3685 142 162 13
3686 142 172 30
3687 142 174 14
3688 142 180 12
3689 142 182 34
3690 142 193 15
3691 142 196 25
3692 143 146 6
3693 143 147 42
3694 143 149 3
3695 143 152 39
3696 143 153 22
3697 143 155 49
3698 143 156 32
3699 143 157 16
3700 143 159 24
3701 143 163 26
3702 143 169 42
3703 143 175 24
3704 143 177 40
3705 143 189 46
3706 143 197 43
3707 144 145 42
3708 144 148 32
3709 144 151 48
3710 144 152 10
3711 144 155 5
3712 144 168 15
3713 144 171 18
3714 144 172 48
3715 144 179 27
3716 144 184 40
3717 144 194 33
3718 144 195 45
3719 145 147 34
3720 145 148 13
3721 145 159 12
3722 145 160 29
3723 145 164 40
3724 145 167 20
3725 145 168 6
3726 145 170 15
3727 145 174 33
3728 145 180 10
3729 145 186 49
3730 145 192 48
3731 145 195 49
3732 145 196 4
3733 145 198 25
3734 146 158 36
3735 146 159 6
3736 146 161 12
3737 146 165 30
3738 146 168 50
3739 146 173 17
3740 146 176 6
3741 146 184 48
3742 146 189 46
3743 146 191 23
3744 146 198 45
3745 147 151 6
3746 147 154 4
3747 147 171 39
3748 147 174 49
3749 147 176 2
3750 147 178 41
3751 147 185 45
3752 147 187 17
3753 147 188 14
3754 147 198 28
3755 147 199 13
3756 148 151 39
3757 148 152 18
3758 148 161 11
3759 148 162 11
3760 148 163 2
3761 148 177 44
3762 148 180 50
3763 148 184 13
3764 148 188 25
3765 148 195 17
3766 148 198 21
3767 149 156 12
3768 149 159 20
3769 149 163 34
3770 149 166 26
3771 149 167 29
3772 149 168 3
3773 149 175 26
3774 149 186 49
3775 149 189 5
3776 149 191 33
3777 149 192 16
3778 149 193 19
3779 149 194 48
3780 149 197 42
3781 150 151 33
3782 150 155 20
3783 150 158 11
3784 150 167 27
3785 150 169 36
3786 150 182 32
3787 150 196 21
3788 151 159 45
3789 151 163 15
3790 151 167 21
3791 151 169 31
3792 151 181 21
3793 151 184 44
3794 151 188 10
3795 151 191 36
3796 152 153 8
3797 152 161 10
3798 152 171 33
3799 152 172 41
3800 152 177 38
3801 152 190 19
3802 152 194 4
3803 152 197 47
3804 153 158 11
3805 153 160 36
3806 153 168 36
3807 153 175 10
3808 153 177 17
3809 153 178 40
3810 153 181 29
3811 153 188 43
3812 153 190 5
3813 153 192 11
3814 153 197 6
3815 154 168 15
3816 154 169 31
3817 154 173 10
3818 154 177 11
3819 154 181 7
3820 154 183 32
3821 154 189 8
3822 154 193 34
3823 155 156 47
3824 155 157 38
3825 155 158 49
3826 155 160 9
3827 155 161 21
3828 155 164 17
3829 155 170 27
3830 155 175 16
3831 155 179 38
3832 155 181 22
3833 155 182 37
3834 155 184 34
3835 155 196 31
3836 155 198 12
3837 156 165 25
3838 156 167 49
3839 156 175 25
3840 156 176 47
3841 156 183 46
3842 156 188 2
3843 156 193 16
3844 156 197 20
3845 156 198 46
3846 157 162 14
3847 157 164 5
3848 157 165 26
3849 157 176 37
3850 157 188 39
3851 157 190 11
3852 157 192 43
3853 158 164 40
3854 158 166 9
3855 158 171 16
3856 158 173 43
3857 158 177 20
3858 158 184 43
3859 158 193 22
3860 159 166 50
3861 159 174 29
3862 159 175 33
3863 159 182 26
3864 159 188 22
3865 160 162 37
3866 160 164 32
3867 160 175 22
3868 160 179 8
3869 160 180 46
3870 160 182 21
3871 160 185 31
3872 160 188 41
3873 160 194 15
3874 160 196 10
3875 161 172 48
3876 161 184 28
3877 161 185 41
3878 161 186 9
3879 161 198 1
3880 161 199 18
3881 162 166 46
3882 162 167 11
3883 162 172 14
3884 162 173 24
3885 162 183 42
3886 162 185 26
3887 162 186 29
3888 162 190 10
3889 162 191 39
3890 163 169 19
3891 163 170 20
3892 163 171 4
3893 163 172 45
3894 163 194 22
3895 164 165 43
3896 164 171 5
3897 164 173 8
3898 164 174 21
3899 164 175 33
3900 164 179 46
3901 164 185 40
3902 164 193 36
3903 164 195 33
3904 164 197 15
3905 164 199 43
3906 165 170 32
3907 165 174 42
3908 165 183 10
3909 165 186 44
3910 165 189 47
3911 165 191 28
3912 165 192 47
3913 165 194 38
3914 166 168 1
3915 166 178 33
3916 166 181 30
3917 166 182 27
3918 166 183 38
3919 166 192 45
3920 166 193 13
3921 166 194 6
3922 167 168 14
3923 167 180 29
3924 167 184 6
3925 167 190 24
3926 167 196 26
3927 168 169 2
3928 168 175 35
3929 168 177 29
3930 168 182 8
3931 168 194 40
3932 168 199 18
3933 169 170 41
3934 169 174 42
3935 169 175 40
3936 169 179 32
3937 169 185 37
3938 169 197 24
3939 170 174 30
3940 170 191 26
3941 170 194 16
3942 170 195 36
3943 171 174 45
3944 171 184 7
3945 171 186 22
3946 172 173 43
3947 172 184 40
3948 172 185 33
3949 172 189 17
3950 172 192 8
3951 173 175 38
3952 173 177 23
3953 173 189 5
3954 173 196 23
3955 174 178 13
3956 174 181 40
3957 174 182 46
3958 175 179 37
3959 175 186 11
3960 175 188 13
3961 175 196 31
3962 175 197 29
3963 176 180 24
3964 176 182 2
3965 176 187 39
3966 176 189 27
3967 177 183 43
3968 177 185 50
3969 177 187 37
3970 177 197 29
3971 177 199 16
3972 178 183 33
3973 178 191 32
3974 178 196 41
3975 179 198 11
3976 179 199 18
3977 180 186 1
3978 180 188 33
3979 180 190 30
3980 180 193 41
3981 181 182 37
3982 181 184 37
3983 181 189 2
3984 181 195 17
3985 181 197 48
3986 182 186 18
3987 182 189 22
3988 182 191 20
3989 182 197 9
3990 183 194 35
3991 185 187 25
3992 185 188 40
3993 185 189 20
3994 186 187 29
3995 186 191 29
3996 186 192 25
3997 186 198 21
3998 187 194 21
3999 187 196 33
4000 187 197 39
4001 187 199 46
4002 188 189 15
4003 188 196 41
4004 189 196 28
4005 189 198 6
4006 190 192 16
4007 191 196 9
4008 191 197 37
4009 191 198 29
4010 192 193 10
4011 192 199 48
4012 193 194 44
4013 194 195 45
4014 194 198 50
4015 194 199 47
4016 195 198 36
4017 197 198 28
