200 3864 25 25
0 3
1 2
2 24
3 19
4 20
5 1
6 12
7 10
8 7
9 6
10 6
11 24
12 2
13 24
14 9
15 13
16 6
17 25
18 21
19 17
20 20
21 20
22 5
23 2
24 2
25 12
26 3
27 8
28 13
29 24
30 8
31 22
32 3
33 21
34 3
35 8
36 8
37 15
38 7
39 6
40 24
41 9
42 25
43 21
44 11
45 4
46 2
47 6
48 1
49 15
50 11
51 14
52 10
53 25
54 2
55 2
56 13
57 4
58 7
59 24
60 1
61 25
62 15
63 11
64 18
65 19
66 17
67 24
68 14
69 23
70 21
71 5
72 3
73 7
74 1
75 6
76 15
77 21
78 19
79 20
80 21
81 10
82 6
83 17
84 7
85 9
86 25
87 9
88 13
89 13
90 13
91 18
92 1
93 17
94 22
95 16
96 2
97 5
98 1
99 10
100 10
101 17
102 4
103 7
104 25
105 8
106 8
107 19
108 7
109 9
110 14
111 20
112 14
113 2
114 10
115 22
116 2
117 24
118 13
119 21
120 19
121 20
122 5
123 16
124 16
125 5
126 2
127 18
128 1
129 18
130 16
131 3
132 14
133 12
134 24
135 19
136 11
137 3
138 1
139 21
140 21
141 11
142 19
143 22
144 10
145 21
146 22
147 21
148 22
149 1
150 13
151 14
152 4
153 13
154 23
155 16
156 21
157 23
158 14
159 2
160 13
161 4
162 10
163 12
164 10
165 7
166 12
167 23
168 25
169 16
170 17
171 24
172 3
173 1
174 20
175 20
176 4
177 17
178 10
179 24
180 11
181 2
182 15
183 23
184 1
185 24
186 3
187 3
188 12
189 21
190 25
191 2
192 11
193 4
194 3
195 1
196 14
197 18
198 8
199 19
0 0 7 14
1 0 17 14
2 0 20 1
3 0 22 21
4 0 26 14
5 0 29 1
6 0 37 13
7 0 40 25
8 0 41 20
9 0 43 17
10 0 44 3
11 0 46 11
12 0 53 5
13 0 56 2
14 0 57 6
15 0 81 17
16 0 94 14
17 0 100 4
18 0 103 1
19 0 112 18
20 0 113 6
21 0 117 17
22 0 121 23
23 0 123 9
24 0 125 23
25 0 131 15
26 0 140 21
27 0 153 4
28 0 154 14
29 0 157 6
30 0 162 20
31 0 172 17
32 0 179 10
33 0 186 25
34 0 189 6
35 0 196 12
36 0 197 8
37 0 199 9
38 1 2 5
39 1 3 3
40 1 15 4
41 1 25 10
42 1 32 23
43 1 33 23
44 1 34 10
45 1 62 12
46 1 64 23
47 1 71 17
48 1 76 15
49 1 77 6
50 1 79 13
51 1 88 21
52 1 97 23
53 1 115 22
54 1 119 13
55 1 131 2
56 1 134 11
57 1 141 23
58 1 146 1
59 1 150 3
60 1 154 6
61 1 156 24
62 1 160 10
63 1 178 7
64 1 188 4
65 1 191 7
66 1 199 22
67 2 7 10
68 2 17 8
69 2 23 13
70 2 25 11
71 2 29 9
72 2 43 7
73 2 45 9
74 2 46 12
75 2 49 13
76 2 56 12
77 2 70 16
78 2 75 14
79 2 76 10
80 2 80 10
81 2 87 22
82 2 88 17
83 2 107 19
84 2 120 11
85 2 124 4
86 2 127 21
87 2 133 7
88 2 134 23
89 2 142 12
90 2 145 5
91 2 149 7
92 2 150 14
93 2 155 3
94 2 169 24
95 2 176 5
96 2 179 3
97 2 180 17
98 2 190 2
99 2 194 12
100 3 6 8
101 3 7 3
102 3 9 3
103 3 19 22
104 3 21 14
105 3 29 20
106 3 34 7
107 3 38 3
108 3 39 20
109 3 54 7
110 3 55 20
111 3 60 4
112 3 76 16
113 3 85 21
114 3 91 2
115 3 93 6
116 3 94 1
117 3 95 8
118 3 100 8
119 3 104 21
120 3 114 23
121 3 115 20
122 3 117 2
123 3 119 23
124 3 121 3
125 3 126 25
126 3 139 18
127 3 144 18
128 3 148 6
129 3 156 11
130 3 166 6
131 3 175 21
132 3 177 5
133 3 181 21
134 3 187 12
135 3 189 7
136 3 190 12
137 3 191 7
138 3 196 20
139 3 197 23
140 4 10 8
141 4 15 2
142 4 18 1
143 4 24 10
144 4 26 16
145 4 28 9
146 4 29 12
147 4 30 9
148 4 38 10
149 4 40 24
150 4 61 18
151 4 69 4
152 4 81 19
153 4 91 9
154 4 97 1
155 4 104 20
156 4 111 1
157 4 113 13
158 4 128 12
159 4 132 14
160 4 133 14
161 4 137 3
162 4 140 5
163 4 161 1
164 4 167 25
165 4 168 7
166 4 179 13
167 4 180 18
168 4 195 5
169 4 197 3
170 5 11 11
171 5 14 3
172 5 15 18
173 5 17 14
174 5 25 9
175 5 29 13
176 5 31 16
177 5 37 15
178 5 40 5
179 5 41 13
180 5 42 20
181 5 43 4
182 5 45 14
183 5 46 23
184 5 53 17
185 5 55 8
186 5 70 12
187 5 73 8
188 5 87 3
189 5 90 11
190 5 91 13
191 5 95 23
192 5 101 16
193 5 111 21
194 5 118 9
195 5 121 24
196 5 122 15
197 5 128 13
198 5 132 2
199 5 138 19
200 5 141 21
201 5 142 12
202 5 143 10
203 5 147 16
204 5 171 21
205 5 182 4
206 5 183 4
207 5 189 9
208 5 197 24
209 5 198 7
210 6 7 4
211 6 10 3
212 6 13 17
213 6 18 12
214 6 20 14
215 6 23 22
216 6 29 11
217 6 42 24
218 6 51 6
219 6 67 1
220 6 74 6
221 6 80 15
222 6 93 17
223 6 100 18
224 6 105 5
225 6 109 22
226 6 115 16
227 6 117 16
228 6 127 11
229 6 135 2
230 6 139 9
231 6 147 18
232 6 148 9
233 6 149 16
234 6 153 8
235 6 157 13
236 6 159 13
237 6 161 8
238 6 162 18
239 6 174 15
240 6 176 3
241 6 181 10
242 6 182 4
243 6 183 20
244 7 9 21
245 7 13 2
246 7 22 18
247 7 23 21
248 7 30 25
249 7 34 1
250 7 35 8
251 7 41 4
252 7 57 12
253 7 62 17
254 7 74 1
255 7 77 24
256 7 81 14
257 7 89 5
258 7 90 22
259 7 95 19
260 7 97 18
261 7 105 12
262 7 108 16
263 7 109 22
264 7 110 1
265 7 121 8
266 7 125 6
267 7 126 24
268 7 130 14
269 7 131 23
270 7 140 14
271 7 145 19
272 7 147 4
273 7 150 24
274 7 154 25
275 7 161 25
276 7 163 18
277 7 165 10
278 7 167 1
279 7 171 23
280 7 175 24
281 7 180 21
282 7 181 18
283 7 194 15
284 8 18 14
285 8 24 3
286 8 37 19
287 8 46 9
288 8 49 4
289 8 53 14
290 8 55 25
291 8 56 13
292 8 62 3
293 8 66 11
294 8 67 20
295 8 68 22
296 8 69 14
297 8 71 24
298 8 74 22
299 8 76 6
300 8 77 19
301 8 79 15
302 8 81 10
303 8 82 8
304 8 85 18
305 8 96 4
306 8 100 4
307 8 111 19
308 8 118 18
309 8 120 23
310 8 121 18
311 8 124 20
312 8 125 19
313 8 128 15
314 8 130 7
315 8 131 21
316 8 133 24
317 8 144 17
318 8 153 16
319 8 154 11
320 8 157 3
321 8 171 19
322 8 176 13
323 8 179 25
324 8 189 1
325 8 193 6
326 9 21 14
327 9 25 8
328 9 36 21
329 9 39 14
330 9 40 6
331 9 49 23
332 9 50 8
333 9 61 25
334 9 67 18
335 9 77 12
336 9 78 25
337 9 81 12
338 9 83 22
339 9 101 10
340 9 102 12
341 9 110 22
342 9 114 2
343 9 115 9
344 9 116 1
345 9 122 12
346 9 127 8
347 9 129 1
348 9 146 6
349 9 147 7
350 9 153 19
351 9 159 15
352 9 166 10
353 9 167 11
354 9 173 22
355 9 176 5
356 9 182 18
357 9 183 16
358 9 192 3
359 9 196 20
360 9 199 11
361 10 13 19
362 10 17 11
363 10 18 21
364 10 28 2
365 10 30 3
366 10 36 4
367 10 40 24
368 10 49 22
369 10 51 13
370 10 54 2
371 10 61 24
372 10 62 16
373 10 64 11
374 10 65 2
375 10 72 14
376 10 75 17
377 10 82 5
378 10 83 4
379 10 88 7
380 10 95 3
381 10 104 23
382 10 108 24
383 10 112 9
384 10 120 13
385 10 121 11
386 10 123 22
387 10 125 9
388 10 128 13
389 10 147 20
390 10 149 10
391 10 154 1
392 10 155 4
393 10 167 14
394 10 175 14
395 10 177 15
396 10 181 14
397 10 182 5
398 10 186 1
399 10 187 21
400 10 188 6
401 10 194 10
402 10 199 2
403 11 14 6
404 11 16 22
405 11 21 17
406 11 34 11
407 11 40 22
408 11 42 21
409 11 43 11
410 11 44 16
411 11 49 25
412 11 59 3
413 11 66 17
414 11 70 16
415 11 73 8
416 11 75 3
417 11 77 25
418 11 86 11
419 11 94 13
420 11 103 5
421 11 109 19
422 11 114 8
423 11 122 25
424 11 130 16
425 11 147 24
426 11 149 8
427 11 155 18
428 11 160 14
429 11 161 21
430 11 162 15
431 11 165 21
432 11 168 21
433 11 169 13
434 11 172 25
435 11 182 17
436 11 185 8
437 11 190 15
438 11 194 19
439 11 196 20
440 11 198 22
441 12 22 2
442 12 27 20
443 12 36 12
444 12 41 21
445 12 49 2
446 12 52 1
447 12 61 7
448 12 67 19
449 12 68 11
450 12 76 16
451 12 77 18
452 12 87 14
453 12 88 17
454 12 89 20
455 12 99 5
456 12 109 16
457 12 110 9
458 12 115 7
459 12 118 18
460 12 124 23
461 12 135 15
462 12 152 20
463 12 155 19
464 12 160 4
465 12 164 13
466 12 166 6
467 12 173 24
468 12 181 6
469 12 187 10
470 12 191 15
471 12 193 17
472 12 195 18
473 13 16 23
474 13 20 3
475 13 23 12
476 13 24 19
477 13 29 14
478 13 36 19
479 13 38 16
480 13 39 12
481 13 42 24
482 13 48 9
483 13 62 18
484 13 64 19
485 13 65 3
486 13 77 17
487 13 79 21
488 13 80 25
489 13 81 22
490 13 87 13
491 13 94 24
492 13 102 7
493 13 103 15
494 13 105 9
495 13 107 4
496 13 116 4
497 13 119 10
498 13 126 2
499 13 134 6
500 13 136 5
501 13 152 20
502 13 162 20
503 13 174 1
504 13 177 19
505 13 179 13
506 13 184 4
507 13 186 11
508 13 190 19
509 13 193 14
510 13 195 10
511 13 196 17
512 13 198 3
513 14 20 15
514 14 25 24
515 14 27 21
516 14 28 12
517 14 29 4
518 14 33 15
519 14 34 19
520 14 38 17
521 14 42 24
522 14 47 12
523 14 51 16
524 14 60 13
525 14 63 13
526 14 64 1
527 14 65 19
528 14 67 12
529 14 73 16
530 14 75 6
531 14 76 7
532 14 87 11
533 14 94 16
534 14 95 19
535 14 96 25
536 14 102 2
537 14 122 24
538 14 126 21
539 14 128 19
540 14 155 1
541 14 156 7
542 14 158 6
543 14 160 12
544 14 164 8
545 14 170 12
546 14 171 11
547 14 173 16
548 14 191 9
549 14 195 25
550 14 196 15
551 14 198 15
552 15 21 21
553 15 24 15
554 15 28 6
555 15 38 14
556 15 43 20
557 15 45 7
558 15 52 19
559 15 54 4
560 15 56 25
561 15 70 16
562 15 78 10
563 15 84 10
564 15 93 21
565 15 101 10
566 15 102 13
567 15 103 4
568 15 104 11
569 15 106 7
570 15 111 19
571 15 118 21
572 15 121 25
573 15 122 10
574 15 123 3
575 15 129 23
576 15 135 4
577 15 142 14
578 15 144 14
579 15 146 12
580 15 154 10
581 15 158 1
582 15 167 4
583 15 173 7
584 15 177 6
585 15 185 23
586 15 187 16
587 15 188 17
588 15 189 24
589 16 18 4
590 16 19 14
591 16 25 25
592 16 27 8
593 16 37 15
594 16 43 9
595 16 44 13
596 16 47 1
597 16 54 5
598 16 55 1
599 16 56 10
600 16 62 22
601 16 63 9
602 16 75 6
603 16 93 17
604 16 98 22
605 16 100 18
606 16 101 10
607 16 102 24
608 16 104 7
609 16 106 25
610 16 109 20
611 16 111 19
612 16 131 12
613 16 139 8
614 16 143 14
615 16 154 21
616 16 157 24
617 16 159 16
618 16 161 18
619 16 172 13
620 16 174 3
621 16 181 19
622 16 191 16
623 16 194 16
624 16 195 3
625 16 199 6
626 17 22 18
627 17 23 17
628 17 25 9
629 17 34 4
630 17 35 24
631 17 36 19
632 17 43 5
633 17 44 11
634 17 45 6
635 17 46 20
636 17 49 14
637 17 61 2
638 17 68 3
639 17 69 3
640 17 70 11
641 17 71 23
642 17 75 8
643 17 91 9
644 17 97 4
645 17 102 21
646 17 104 7
647 17 105 11
648 17 110 20
649 17 123 4
650 17 127 5
651 17 130 18
652 17 134 22
653 17 144 12
654 17 148 5
655 17 158 12
656 17 159 16
657 17 167 8
658 17 168 12
659 17 170 5
660 17 174 6
661 17 182 21
662 17 188 1
663 17 190 25
664 17 199 8
665 18 27 17
666 18 31 14
667 18 32 2
668 18 47 11
669 18 51 16
670 18 53 7
671 18 54 1
672 18 57 24
673 18 58 4
674 18 59 4
675 18 61 6
676 18 72 9
677 18 82 13
678 18 95 19
679 18 96 5
680 18 97 24
681 18 108 10
682 18 109 15
683 18 113 8
684 18 114 12
685 18 119 6
686 18 129 5
687 18 135 1
688 18 139 5
689 18 140 19
690 18 141 18
691 18 146 8
692 18 148 20
693 18 151 18
694 18 155 1
695 18 160 7
696 18 168 25
697 18 185 7
698 18 186 24
699 18 193 1
700 19 27 2
701 19 31 3
702 19 33 6
703 19 40 6
704 19 50 2
705 19 56 16
706 19 61 1
707 19 62 25
708 19 63 2
709 19 66 3
710 19 68 19
711 19 71 2
712 19 77 24
713 19 80 17
714 19 83 13
715 19 97 14
716 19 98 9
717 19 104 5
718 19 107 22
719 19 108 23
720 19 112 19
721 19 117 23
722 19 121 20
723 19 125 13
724 19 128 12
725 19 132 20
726 19 137 17
727 19 145 7
728 19 147 24
729 19 148 9
730 19 153 17
731 19 154 9
732 19 155 17
733 19 159 15
734 19 161 22
735 19 166 5
736 19 169 22
737 19 171 4
738 19 177 3
739 19 179 18
740 19 180 17
741 19 181 3
742 19 185 25
743 19 191 14
744 19 197 21
745 20 29 15
746 20 34 18
747 20 39 7
748 20 42 19
749 20 47 2
750 20 60 5
751 20 63 16
752 20 65 24
753 20 66 25
754 20 77 7
755 20 88 4
756 20 90 11
757 20 91 2
758 20 101 22
759 20 111 22
760 20 124 23
761 20 139 10
762 20 145 22
763 20 146 3
764 20 151 7
765 20 152 15
766 20 162 10
767 20 165 15
768 20 184 7
769 20 192 19
770 20 195 25
771 20 198 7
772 21 40 24
773 21 45 9
774 21 54 12
775 21 69 10
776 21 70 20
777 21 73 19
778 21 74 16
779 21 76 14
780 21 77 6
781 21 86 24
782 21 90 22
783 21 91 10
784 21 96 13
785 21 111 12
786 21 114 5
787 21 122 7
788 21 123 25
789 21 125 19
790 21 134 19
791 21 138 13
792 21 140 10
793 21 146 8
794 21 148 9
795 21 150 1
796 21 157 5
797 21 168 12
798 21 173 9
799 21 176 1
800 21 187 12
801 21 189 6
802 21 197 8
803 22 25 16
804 22 33 13
805 22 42 18
806 22 44 12
807 22 47 1
808 22 48 4
809 22 52 25
810 22 53 19
811 22 69 5
812 22 76 16
813 22 84 4
814 22 88 22
815 22 91 16
816 22 108 2
817 22 114 22
818 22 115 4
819 22 118 21
820 22 119 21
821 22 121 14
822 22 123 8
823 22 124 2
824 22 127 14
825 22 131 20
826 22 134 16
827 22 141 17
828 22 143 5
829 22 144 17
830 22 153 11
831 22 157 7
832 22 158 6
833 22 188 17
834 22 193 24
835 22 194 11
836 23 26 17
837 23 27 8
838 23 30 17
839 23 37 11
840 23 38 14
841 23 40 21
842 23 44 1
843 23 49 10
844 23 50 7
845 23 52 18
846 23 56 13
847 23 61 1
848 23 62 24
849 23 65 20
850 23 66 23
851 23 67 17
852 23 68 11
853 23 74 3
854 23 76 11
855 23 80 19
856 23 83 15
857 23 87 21
858 23 93 18
859 23 97 12
860 23 111 8
861 23 112 15
862 23 116 18
863 23 117 16
864 23 123 14
865 23 127 18
866 23 128 13
867 23 131 11
868 23 140 23
869 23 146 16
870 23 147 13
871 23 149 18
872 23 151 8
873 23 154 10
874 23 155 9
875 23 157 22
876 23 164 12
877 23 174 23
878 23 176 17
879 23 191 20
880 23 195 24
881 24 25 19
882 24 27 9
883 24 29 25
884 24 31 18
885 24 36 8
886 24 37 2
887 24 57 7
888 24 65 21
889 24 68 2
890 24 75 18
891 24 78 1
892 24 81 18
893 24 93 24
894 24 94 22
895 24 98 16
896 24 101 6
897 24 106 7
898 24 115 19
899 24 125 22
900 24 130 24
901 24 136 5
902 24 143 12
903 24 145 17
904 24 148 5
905 24 152 9
906 24 158 10
907 24 164 5
908 24 165 22
909 24 168 2
910 24 184 15
911 24 189 21
912 24 196 18
913 25 44 6
914 25 52 22
915 25 55 14
916 25 56 8
917 25 59 8
918 25 60 3
919 25 61 16
920 25 74 8
921 25 86 21
922 25 92 24
923 25 97 13
924 25 102 2
925 25 105 8
926 25 109 10
927 25 118 9
928 25 123 25
929 25 132 21
930 25 162 20
931 25 165 22
932 25 167 10
933 25 184 22
934 25 189 11
935 25 196 17
936 25 198 8
937 26 28 10
938 26 31 9
939 26 33 21
940 26 47 14
941 26 48 16
942 26 56 15
943 26 59 20
944 26 65 2
945 26 66 12
946 26 67 18
947 26 72 2
948 26 89 12
949 26 99 5
950 26 100 11
951 26 106 23
952 26 112 7
953 26 115 15
954 26 125 7
955 26 134 9
956 26 140 8
957 26 145 12
958 26 147 22
959 26 152 9
960 26 153 11
961 26 156 1
962 26 158 3
963 26 166 24
964 26 167 20
965 26 171 23
966 26 174 1
967 26 177 13
968 26 178 6
969 26 193 23
970 26 197 12
971 27 32 15
972 27 34 3
973 27 46 13
974 27 49 11
975 27 50 1
976 27 52 17
977 27 56 15
978 27 61 20
979 27 62 4
980 27 66 23
981 27 67 14
982 27 76 6
983 27 77 1
984 27 85 15
985 27 90 22
986 27 94 19
987 27 105 3
988 27 106 2
989 27 109 17
990 27 111 16
991 27 113 24
992 27 119 11
993 27 122 9
994 27 124 5
995 27 139 4
996 27 142 17
997 27 143 11
998 27 148 17
999 27 152 19
1000 27 157 13
1001 27 158 13
1002 27 160 20
1003 27 161 22
1004 27 162 21
1005 27 169 5
1006 27 173 15
1007 27 174 24
1008 27 175 15
1009 27 176 4
1010 27 180 2
1011 27 187 6
1012 27 190 2
1013 27 193 15
1014 27 198 15
1015 28 30 2
1016 28 33 14
1017 28 52 2
1018 28 63 7
1019 28 64 2
1020 28 66 19
1021 28 73 18
1022 28 78 23
1023 28 82 10
1024 28 86 2
1025 28 95 24
1026 28 96 14
1027 28 98 8
1028 28 105 5
1029 28 107 6
1030 28 120 10
1031 28 123 14
1032 28 126 21
1033 28 127 9
1034 28 128 16
1035 28 129 11
1036 28 132 6
1037 28 134 18
1038 28 139 13
1039 28 140 17
1040 28 143 19
1041 28 147 15
1042 28 150 20
1043 28 151 6
1044 28 153 18
1045 28 165 15
1046 28 168 11
1047 28 176 17
1048 28 180 5
1049 28 188 25
1050 28 195 12
1051 29 30 24
1052 29 32 7
1053 29 34 20
1054 29 35 3
1055 29 50 16
1056 29 52 7
1057 29 57 22
1058 29 67 1
1059 29 89 21
1060 29 95 6
1061 29 99 10
1062 29 109 1
1063 29 114 4
1064 29 138 24
1065 29 139 5
1066 29 140 1
1067 29 152 8
1068 29 153 16
1069 29 156 10
1070 29 169 15
1071 29 170 16
1072 29 172 23
1073 29 176 15
1074 29 178 10
1075 29 179 11
1076 29 180 1
1077 29 190 15
1078 29 194 19
1079 30 40 8
1080 30 45 12
1081 30 56 1
1082 30 60 2
1083 30 61 12
1084 30 66 11
1085 30 68 24
1086 30 76 15
1087 30 80 5
1088 30 89 2
1089 30 99 22
1090 30 101 1
1091 30 102 9
1092 30 109 11
1093 30 110 13
1094 30 120 20
1095 30 121 17
1096 30 131 7
1097 30 133 9
1098 30 138 15
1099 30 147 21
1100 30 154 9
1101 30 159 19
1102 30 161 15
1103 30 163 1
1104 30 169 8
1105 30 173 9
1106 30 177 4
1107 30 178 25
1108 30 179 25
1109 30 181 2
1110 30 186 20
1111 30 189 21
1112 30 191 6
1113 31 42 25
1114 31 46 11
1115 31 47 2
1116 31 50 10
1117 31 56 13
1118 31 61 25
1119 31 62 19
1120 31 67 23
1121 31 83 16
1122 31 91 24
1123 31 100 6
1124 31 120 20
1125 31 124 20
1126 31 127 1
1127 31 131 19
1128 31 133 25
1129 31 153 4
1130 31 157 7
1131 31 158 23
1132 31 159 10
1133 31 162 20
1134 31 163 2
1135 31 164 13
1136 31 167 25
1137 31 168 18
1138 31 169 12
1139 31 171 7
1140 31 184 9
1141 31 196 9
1142 32 42 7
1143 32 49 25
1144 32 56 6
1145 32 60 8
1146 32 78 25
1147 32 81 19
1148 32 96 8
1149 32 98 5
1150 32 132 14
1151 32 134 23
1152 32 138 7
1153 32 139 7
1154 32 144 5
1155 32 149 3
1156 32 151 23
1157 32 158 8
1158 32 160 4
1159 32 162 21
1160 32 163 16
1161 32 168 19
1162 32 172 15
1163 32 175 25
1164 32 181 10
1165 32 187 25
1166 32 189 24
1167 32 199 11
1168 33 38 4
1169 33 45 17
1170 33 49 3
1171 33 52 16
1172 33 65 6
1173 33 68 7
1174 33 70 8
1175 33 79 25
1176 33 80 21
1177 33 92 21
1178 33 95 25
1179 33 100 4
1180 33 101 25
1181 33 103 13
1182 33 111 21
1183 33 114 10
1184 33 121 20
1185 33 130 12
1186 33 133 8
1187 33 136 14
1188 33 145 20
1189 33 152 6
1190 33 154 22
1191 33 157 11
1192 33 162 12
1193 33 165 25
1194 33 179 25
1195 33 180 8
1196 33 181 15
1197 33 183 15
1198 33 188 4
1199 33 192 4
1200 34 35 14
1201 34 51 8
1202 34 54 7
1203 34 60 5
1204 34 62 11
1205 34 64 8
1206 34 65 3
1207 34 70 21
1208 34 74 6
1209 34 75 5
1210 34 94 11
1211 34 98 7
1212 34 101 6
1213 34 107 10
1214 34 114 5
1215 34 118 25
1216 34 120 10
1217 34 131 20
1218 34 133 14
1219 34 136 13
1220 34 153 12
1221 34 186 22
1222 34 188 7
1223 34 192 11
1224 34 198 19
1225 35 39 13
1226 35 47 12
1227 35 49 8
1228 35 51 19
1229 35 61 7
1230 35 83 2
1231 35 93 22
1232 35 94 15
1233 35 96 15
1234 35 97 1
1235 35 98 4
1236 35 111 14
1237 35 115 21
1238 35 120 4
1239 35 121 7
1240 35 125 9
1241 35 128 2
1242 35 130 13
1243 35 135 4
1244 35 136 7
1245 35 139 21
1246 35 147 9
1247 35 158 18
1248 35 161 7
1249 35 167 6
1250 35 173 12
1251 35 183 11
1252 35 184 11
1253 35 190 20
1254 35 195 16
1255 36 38 11
1256 36 43 23
1257 36 44 22
1258 36 50 15
1259 36 51 8
1260 36 52 23
1261 36 61 12
1262 36 79 24
1263 36 83 3
1264 36 86 19
1265 36 87 13
1266 36 91 11
1267 36 94 3
1268 36 99 12
1269 36 104 21
1270 36 117 11
1271 36 121 8
1272 36 124 9
1273 36 127 23
1274 36 128 1
1275 36 135 23
1276 36 137 24
1277 36 141 17
1278 36 145 15
1279 36 154 8
1280 36 164 10
1281 36 170 11
1282 36 173 22
1283 36 176 2
1284 36 179 16
1285 36 181 22
1286 36 188 21
1287 37 42 23
1288 37 65 24
1289 37 77 13
1290 37 90 7
1291 37 91 15
1292 37 92 5
1293 37 93 19
1294 37 100 10
1295 37 108 13
1296 37 110 10
1297 37 115 5
1298 37 116 11
1299 37 118 20
1300 37 128 24
1301 37 129 4
1302 37 131 19
1303 37 136 6
1304 37 138 16
1305 37 141 4
1306 37 143 12
1307 37 149 15
1308 37 150 11
1309 37 151 17
1310 37 152 19
1311 37 155 16
1312 37 157 16
1313 37 160 23
1314 37 168 4
1315 37 172 6
1316 37 177 1
1317 37 180 13
1318 37 182 21
1319 37 184 1
1320 37 187 3
1321 37 194 21
1322 37 199 13
1323 38 40 17
1324 38 42 18
1325 38 43 5
1326 38 48 3
1327 38 49 24
1328 38 54 14
1329 38 58 9
1330 38 61 20
1331 38 72 15
1332 38 73 8
1333 38 84 6
1334 38 86 8
1335 38 89 14
1336 38 95 7
1337 38 100 8
1338 38 103 6
1339 38 104 22
1340 38 108 6
1341 38 111 13
1342 38 121 25
1343 38 132 7
1344 38 141 12
1345 38 149 11
1346 38 151 13
1347 38 159 10
1348 38 160 24
1349 38 162 15
1350 38 173 2
1351 39 48 10
1352 39 50 9
1353 39 61 15
1354 39 63 17
1355 39 65 2
1356 39 74 11
1357 39 75 18
1358 39 76 2
1359 39 88 2
1360 39 92 15
1361 39 96 13
1362 39 100 19
1363 39 103 7
1364 39 122 16
1365 39 123 9
1366 39 132 7
1367 39 140 25
1368 39 141 12
1369 39 153 9
1370 39 156 24
1371 39 161 20
1372 39 162 21
1373 39 164 21
1374 39 176 5
1375 39 191 10
1376 40 42 18
1377 40 44 23
1378 40 56 5
1379 40 61 14
1380 40 66 10
1381 40 77 20
1382 40 80 22
1383 40 84 17
1384 40 91 22
1385 40 96 10
1386 40 98 21
1387 40 101 4
1388 40 103 1
1389 40 108 21
1390 40 110 16
1391 40 111 10
1392 40 116 20
1393 40 141 6
1394 40 146 8
1395 40 157 23
1396 40 160 21
1397 40 162 2
1398 40 164 1
1399 40 167 25
1400 40 175 24
1401 40 177 5
1402 40 183 17
1403 40 186 22
1404 40 190 2
1405 40 195 24
1406 40 196 22
1407 40 197 13
1408 41 42 13
1409 41 54 10
1410 41 60 12
1411 41 63 20
1412 41 69 16
1413 41 92 7
1414 41 93 22
1415 41 94 17
1416 41 109 19
1417 41 113 8
1418 41 127 2
1419 41 137 7
1420 41 139 18
1421 41 148 6
1422 41 151 23
1423 41 153 19
1424 41 157 5
1425 41 160 15
1426 41 163 14
1427 41 169 17
1428 41 178 21
1429 41 181 9
1430 41 182 23
1431 41 193 22
1432 42 43 5
1433 42 46 3
1434 42 47 8
1435 42 48 18
1436 42 53 15
1437 42 54 1
1438 42 56 18
1439 42 60 23
1440 42 63 7
1441 42 64 9
1442 42 67 10
1443 42 69 22
1444 42 76 8
1445 42 78 8
1446 42 81 5
1447 42 86 15
1448 42 98 14
1449 42 102 11
1450 42 111 7
1451 42 119 2
1452 42 125 14
1453 42 128 9
1454 42 142 21
1455 42 144 7
1456 42 148 19
1457 42 162 2
1458 42 169 10
1459 42 176 6
1460 42 183 24
1461 42 184 22
1462 42 189 14
1463 42 198 1
1464 43 47 8
1465 43 77 15
1466 43 81 9
1467 43 82 16
1468 43 84 14
1469 43 85 12
1470 43 99 23
1471 43 101 18
1472 43 103 2
1473 43 115 21
1474 43 124 12
1475 43 125 24
1476 43 128 11
1477 43 139 7
1478 43 141 11
1479 43 153 8
1480 43 161 24
1481 43 162 1
1482 43 178 24
1483 43 193 9
1484 43 195 22
1485 43 196 14
1486 44 52 4
1487 44 53 6
1488 44 54 17
1489 44 62 6
1490 44 64 2
1491 44 66 24
1492 44 73 23
1493 44 80 6
1494 44 82 17
1495 44 90 1
1496 44 96 11
1497 44 105 21
1498 44 116 10
1499 44 132 18
1500 44 137 22
1501 44 146 8
1502 44 156 2
1503 44 157 16
1504 44 159 11
1505 44 165 7
1506 44 168 18
1507 44 173 21
1508 44 190 3
1509 44 192 24
1510 44 194 15
1511 44 198 4
1512 45 47 20
1513 45 52 2
1514 45 54 5
1515 45 62 12
1516 45 63 21
1517 45 64 17
1518 45 75 21
1519 45 80 8
1520 45 95 7
1521 45 97 12
1522 45 114 13
1523 45 123 4
1524 45 125 12
1525 45 132 16
1526 45 134 9
1527 45 145 17
1528 45 156 24
1529 45 161 21
1530 45 162 14
1531 45 164 17
1532 45 168 18
1533 45 175 1
1534 45 176 11
1535 45 179 22
1536 45 183 8
1537 45 195 21
1538 45 197 9
1539 45 198 12
1540 46 47 15
1541 46 56 24
1542 46 58 13
1543 46 60 17
1544 46 61 14
1545 46 67 18
1546 46 73 13
1547 46 75 8
1548 46 79 6
1549 46 96 21
1550 46 103 13
1551 46 104 14
1552 46 107 18
1553 46 118 15
1554 46 127 11
1555 46 129 13
1556 46 136 12
1557 46 143 8
1558 46 145 23
1559 46 157 25
1560 46 160 24
1561 46 161 13
1562 46 170 22
1563 46 175 3
1564 46 181 20
1565 46 187 7
1566 46 189 19
1567 46 190 13
1568 47 48 16
1569 47 50 6
1570 47 54 15
1571 47 55 19
1572 47 65 9
1573 47 66 4
1574 47 73 6
1575 47 78 11
1576 47 79 21
1577 47 82 11
1578 47 84 8
1579 47 87 24
1580 47 88 25
1581 47 92 20
1582 47 104 25
1583 47 106 7
1584 47 108 2
1585 47 121 15
1586 47 126 16
1587 47 142 17
1588 47 144 11
1589 47 146 8
1590 47 148 11
1591 47 153 9
1592 47 155 7
1593 47 161 10
1594 47 163 7
1595 47 164 11
1596 47 167 11
1597 47 173 11
1598 47 175 21
1599 47 178 20
1600 47 180 6
1601 47 183 11
1602 48 55 9
1603 48 56 17
1604 48 57 5
1605 48 62 22
1606 48 65 13
1607 48 67 23
1608 48 71 6
1609 48 76 25
1610 48 78 8
1611 48 89 14
1612 48 103 18
1613 48 108 12
1614 48 115 15
1615 48 133 1
1616 48 137 5
1617 48 139 19
1618 48 141 8
1619 48 153 15
1620 48 156 1
1621 48 166 22
1622 48 168 21
1623 48 169 8
1624 48 172 8
1625 48 176 5
1626 48 178 20
1627 48 181 2
1628 48 182 8
1629 48 185 25
1630 48 190 15
1631 48 192 20
1632 48 197 9
1633 49 51 17
1634 49 52 25
1635 49 59 2
1636 49 60 5
1637 49 67 22
1638 49 68 9
1639 49 73 17
1640 49 76 19
1641 49 81 24
1642 49 82 2
1643 49 95 24
1644 49 101 10
1645 49 108 6
1646 49 110 3
1647 49 111 1
1648 49 119 22
1649 49 130 22
1650 49 133 11
1651 49 134 11
1652 49 140 19
1653 49 148 25
1654 49 149 23
1655 49 151 2
1656 49 154 23
1657 49 174 8
1658 49 184 9
1659 49 187 9
1660 49 190 1
1661 49 191 23
1662 49 193 9
1663 50 54 4
1664 50 64 2
1665 50 76 22
1666 50 77 6
1667 50 78 3
1668 50 93 25
1669 50 99 7
1670 50 102 19
1671 50 111 19
1672 50 114 5
1673 50 123 21
1674 50 128 24
1675 50 134 14
1676 50 142 9
1677 50 146 25
1678 50 151 1
1679 50 152 14
1680 50 153 9
1681 50 158 7
1682 50 164 2
1683 50 165 3
1684 50 169 20
1685 50 172 5
1686 50 176 25
1687 50 179 8
1688 50 180 14
1689 51 52 18
1690 51 58 12
1691 51 87 14
1692 51 111 5
1693 51 113 20
1694 51 118 13
1695 51 124 17
1696 51 131 3
1697 51 140 15
1698 51 145 8
1699 51 149 8
1700 51 161 16
1701 51 167 19
1702 51 181 4
1703 51 185 23
1704 51 189 24
1705 51 191 21
1706 51 194 17
1707 51 195 22
1708 52 59 20
1709 52 61 10
1710 52 67 19
1711 52 68 1
1712 52 69 12
1713 52 89 20
1714 52 97 20
1715 52 99 24
1716 52 107 11
1717 52 115 24
1718 52 117 11
1719 52 118 11
1720 52 122 12
1721 52 124 7
1722 52 130 25
1723 52 133 14
1724 52 138 23
1725 52 146 7
1726 52 149 19
1727 52 158 3
1728 52 162 9
1729 52 163 9
1730 52 165 19
1731 52 167 17
1732 52 168 4
1733 52 172 20
1734 52 176 9
1735 52 179 9
1736 52 180 7
1737 52 198 22
1738 53 57 15
1739 53 61 19
1740 53 64 7
1741 53 68 8
1742 53 69 5
1743 53 70 24
1744 53 79 5
1745 53 81 9
1746 53 97 13
1747 53 104 16
1748 53 109 7
1749 53 114 24
1750 53 115 7
1751 53 116 2
1752 53 125 22
1753 53 131 24
1754 53 138 1
1755 53 140 12
1756 53 153 15
1757 53 154 4
1758 53 166 10
1759 53 167 19
1760 53 174 19
1761 53 180 2
1762 53 192 7
1763 54 56 7
1764 54 58 9
1765 54 59 23
1766 54 60 16
1767 54 75 7
1768 54 80 20
1769 54 81 11
1770 54 82 7
1771 54 85 3
1772 54 89 10
1773 54 90 24
1774 54 94 10
1775 54 109 16
1776 54 111 9
1777 54 115 23
1778 54 116 24
1779 54 118 21
1780 54 119 14
1781 54 124 4
1782 54 125 12
1783 54 127 9
1784 54 132 15
1785 54 139 9
1786 54 148 18
1787 54 152 18
1788 54 153 5
1789 54 158 3
1790 54 167 16
1791 54 169 8
1792 54 175 5
1793 54 180 13
1794 54 182 1
1795 54 184 8
1796 54 192 15
1797 54 194 20
1798 54 198 15
1799 55 63 23
1800 55 68 12
1801 55 78 6
1802 55 79 21
1803 55 82 14
1804 55 85 2
1805 55 88 14
1806 55 101 18
1807 55 102 8
1808 55 105 2
1809 55 110 23
1810 55 115 7
1811 55 126 20
1812 55 132 23
1813 55 144 24
1814 55 145 19
1815 55 148 14
1816 55 155 17
1817 55 171 15
1818 55 173 8
1819 55 176 22
1820 55 177 1
1821 55 182 20
1822 55 184 9
1823 55 185 7
1824 55 198 2
1825 56 64 25
1826 56 70 12
1827 56 75 7
1828 56 85 22
1829 56 95 25
1830 56 97 13
1831 56 105 7
1832 56 107 7
1833 56 111 1
1834 56 112 16
1835 56 115 21
1836 56 118 3
1837 56 123 2
1838 56 131 10
1839 56 141 8
1840 56 142 8
1841 56 147 20
1842 56 153 12
1843 56 158 13
1844 56 160 21
1845 56 177 23
1846 56 183 9
1847 56 184 18
1848 56 192 25
1849 56 194 9
1850 56 197 8
1851 56 198 19
1852 57 58 25
1853 57 59 10
1854 57 70 24
1855 57 77 13
1856 57 85 24
1857 57 88 21
1858 57 95 15
1859 57 108 19
1860 57 110 5
1861 57 119 25
1862 57 123 25
1863 57 125 12
1864 57 131 23
1865 57 134 2
1866 57 139 12
1867 57 143 24
1868 57 146 4
1869 57 153 11
1870 57 160 5
1871 57 168 9
1872 57 181 8
1873 57 183 9
1874 57 185 20
1875 57 188 10
1876 57 192 15
1877 57 198 3
1878 58 60 19
1879 58 63 22
1880 58 66 24
1881 58 76 23
1882 58 93 3
1883 58 106 15
1884 58 107 7
1885 58 108 8
1886 58 115 10
1887 58 118 17
1888 58 120 18
1889 58 125 21
1890 58 133 17
1891 58 135 12
1892 58 138 20
1893 58 139 14
1894 58 158 12
1895 58 160 1
1896 58 161 10
1897 58 162 10
1898 58 165 4
1899 58 172 7
1900 58 174 12
1901 58 180 11
1902 58 186 10
1903 58 191 16
1904 58 193 16
1905 58 196 9
1906 58 197 9
1907 58 199 12
1908 59 64 9
1909 59 71 4
1910 59 72 4
1911 59 74 23
1912 59 79 23
1913 59 83 6
1914 59 85 25
1915 59 87 13
1916 59 93 9
1917 59 103 18
1918 59 106 12
1919 59 107 23
1920 59 119 24
1921 59 121 18
1922 59 126 19
1923 59 128 14
1924 59 135 15
1925 59 150 8
1926 59 173 1
1927 59 186 25
1928 59 188 25
1929 59 197 10
1930 59 198 20
1931 60 69 6
1932 60 72 17
1933 60 78 5
1934 60 82 13
1935 60 86 17
1936 60 97 7
1937 60 101 17
1938 60 109 1
1939 60 114 1
1940 60 119 11
1941 60 132 2
1942 60 134 1
1943 60 135 15
1944 60 139 6
1945 60 143 22
1946 60 145 7
1947 60 148 10
1948 60 163 21
1949 60 167 7
1950 60 170 15
1951 60 174 3
1952 60 176 21
1953 60 194 7
1954 60 198 4
1955 60 199 1
1956 61 67 17
1957 61 71 18
1958 61 77 14
1959 61 78 22
1960 61 80 13
1961 61 96 17
1962 61 102 2
1963 61 109 14
1964 61 129 4
1965 61 130 18
1966 61 131 18
1967 61 137 25
1968 61 138 13
1969 61 139 25
1970 61 141 18
1971 61 148 5
1972 61 154 18
1973 61 159 21
1974 61 163 12
1975 61 164 25
1976 61 173 1
1977 61 182 4
1978 61 184 10
1979 61 185 23
1980 61 189 19
1981 61 197 20
1982 62 66 3
1983 62 73 14
1984 62 75 5
1985 62 79 8
1986 62 89 12
1987 62 91 5
1988 62 92 21
1989 62 96 3
1990 62 97 13
1991 62 110 23
1992 62 111 7
1993 62 112 3
1994 62 114 3
1995 62 117 22
1996 62 119 17
1997 62 122 13
1998 62 131 15
1999 62 133 25
2000 62 136 9
2001 62 137 11
2002 62 138 5
2003 62 140 10
2004 62 142 22
2005 62 150 8
2006 62 153 19
2007 62 155 5
2008 62 167 17
2009 62 170 22
2010 62 171 5
2011 62 172 7
2012 62 184 5
2013 62 185 2
2014 62 193 11
2015 62 199 11
2016 63 65 3
2017 63 69 17
2018 63 76 13
2019 63 83 4
2020 63 84 23
2021 63 86 2
2022 63 89 8
2023 63 101 10
2024 63 102 19
2025 63 118 22
2026 63 125 23
2027 63 126 11
2028 63 127 4
2029 63 136 25
2030 63 142 5
2031 63 146 25
2032 63 148 2
2033 63 154 24
2034 63 158 3
2035 63 169 21
2036 63 171 25
2037 63 174 23
2038 63 180 13
2039 63 184 12
2040 63 188 2
2041 64 69 8
2042 64 71 9
2043 64 78 10
2044 64 81 24
2045 64 84 13
2046 64 87 1
2047 64 99 11
2048 64 102 12
2049 64 104 16
2050 64 106 13
2051 64 110 11
2052 64 119 6
2053 64 122 12
2054 64 128 6
2055 64 129 25
2056 64 136 16
2057 64 140 16
2058 64 142 18
2059 64 144 24
2060 64 152 14
2061 64 155 2
2062 64 159 22
2063 64 160 16
2064 64 163 18
2065 64 175 25
2066 64 176 23
2067 64 177 10
2068 64 181 10
2069 64 187 3
2070 64 192 15
2071 65 69 18
2072 65 72 13
2073 65 77 21
2074 65 79 25
2075 65 99 20
2076 65 105 21
2077 65 137 17
2078 65 148 4
2079 65 156 12
2080 65 158 14
2081 65 159 19
2082 65 162 6
2083 65 166 15
2084 65 167 4
2085 65 175 4
2086 65 176 16
2087 65 179 17
2088 65 181 22
2089 65 183 2
2090 65 190 18
2091 65 195 3
2092 65 198 18
2093 66 78 10
2094 66 83 14
2095 66 92 11
2096 66 96 15
2097 66 102 22
2098 66 107 3
2099 66 113 3
2100 66 119 5
2101 66 122 8
2102 66 128 4
2103 66 136 5
2104 66 142 22
2105 66 160 1
2106 66 167 24
2107 66 169 7
2108 66 174 14
2109 66 175 23
2110 66 177 10
2111 66 179 11
2112 66 182 23
2113 66 188 7
2114 66 196 25
2115 67 72 1
2116 67 73 4
2117 67 82 22
2118 67 90 20
2119 67 92 10
2120 67 95 4
2121 67 100 8
2122 67 103 12
2123 67 104 18
2124 67 112 4
2125 67 116 4
2126 67 120 11
2127 67 124 4
2128 67 125 23
2129 67 128 20
2130 67 130 25
2131 67 132 11
2132 67 137 25
2133 67 138 21
2134 67 139 8
2135 67 145 14
2136 67 146 23
2137 67 158 21
2138 67 159 14
2139 67 175 8
2140 67 176 15
2141 67 178 5
2142 67 182 1
2143 67 183 10
2144 67 187 14
2145 67 188 10
2146 67 198 14
2147 67 199 17
2148 68 73 2
2149 68 74 14
2150 68 78 8
2151 68 81 24
2152 68 83 6
2153 68 84 1
2154 68 85 16
2155 68 86 7
2156 68 94 24
2157 68 102 4
2158 68 113 25
2159 68 115 12
2160 68 116 18
2161 68 120 12
2162 68 121 17
2163 68 126 3
2164 68 127 1
2165 68 133 24
2166 68 136 16
2167 68 137 18
2168 68 147 1
2169 68 148 19
2170 68 167 4
2171 68 172 2
2172 68 174 10
2173 68 175 9
2174 68 179 6
2175 68 180 4
2176 68 187 8
2177 68 188 18
2178 68 191 15
2179 68 196 15
2180 68 198 8
2181 69 72 7
2182 69 75 16
2183 69 86 10
2184 69 89 12
2185 69 90 4
2186 69 93 24
2187 69 105 4
2188 69 111 21
2189 69 113 10
2190 69 116 18
2191 69 118 5
2192 69 119 6
2193 69 121 7
2194 69 124 9
2195 69 125 9
2196 69 133 10
2197 69 134 22
2198 69 135 12
2199 69 150 12
2200 69 154 24
2201 69 165 7
2202 69 167 18
2203 69 170 6
2204 69 181 8
2205 69 184 21
2206 69 185 23
2207 69 187 25
2208 70 71 1
2209 70 74 1
2210 70 81 22
2211 70 86 14
2212 70 93 6
2213 70 94 14
2214 70 99 1
2215 70 101 15
2216 70 104 3
2217 70 108 2
2218 70 130 8
2219 70 132 15
2220 70 134 13
2221 70 138 22
2222 70 143 8
2223 70 158 16
2224 70 165 19
2225 70 175 5
2226 70 176 23
2227 70 184 10
2228 70 187 1
2229 70 195 2
2230 70 198 14
2231 71 73 12
2232 71 76 3
2233 71 77 20
2234 71 79 22
2235 71 81 12
2236 71 90 6
2237 71 91 3
2238 71 96 23
2239 71 101 6
2240 71 104 4
2241 71 108 13
2242 71 109 11
2243 71 110 24
2244 71 112 3
2245 71 114 6
2246 71 115 6
2247 71 118 10
2248 71 121 11
2249 71 133 12
2250 71 135 25
2251 71 137 15
2252 71 139 9
2253 71 153 24
2254 71 161 1
2255 71 166 18
2256 71 173 6
2257 71 176 6
2258 71 180 11
2259 71 181 19
2260 71 182 21
2261 71 187 12
2262 72 73 23
2263 72 74 18
2264 72 75 8
2265 72 83 24
2266 72 86 11
2267 72 93 20
2268 72 99 16
2269 72 101 13
2270 72 110 16
2271 72 112 24
2272 72 115 25
2273 72 120 14
2274 72 123 12
2275 72 124 16
2276 72 126 23
2277 72 127 24
2278 72 134 9
2279 72 135 15
2280 72 136 19
2281 72 138 9
2282 72 141 2
2283 72 142 15
2284 72 147 10
2285 72 150 23
2286 72 152 13
2287 72 156 23
2288 72 159 5
2289 72 166 12
2290 72 169 24
2291 72 178 21
2292 72 183 20
2293 72 188 10
2294 72 195 5
2295 72 197 8
2296 72 199 22
2297 73 75 4
2298 73 76 6
2299 73 81 13
2300 73 83 4
2301 73 90 9
2302 73 91 25
2303 73 93 19
2304 73 95 5
2305 73 101 4
2306 73 104 16
2307 73 108 20
2308 73 113 25
2309 73 117 18
2310 73 118 9
2311 73 121 21
2312 73 126 20
2313 73 128 5
2314 73 129 14
2315 73 142 4
2316 73 145 12
2317 73 147 17
2318 73 149 2
2319 73 152 23
2320 73 156 8
2321 73 161 17
2322 73 162 23
2323 73 163 15
2324 73 164 6
2325 73 166 10
2326 73 170 18
2327 73 171 18
2328 73 173 2
2329 73 186 7
2330 73 189 5
2331 73 191 2
2332 73 199 4
2333 74 84 17
2334 74 85 19
2335 74 87 8
2336 74 100 21
2337 74 101 4
2338 74 109 12
2339 74 110 2
2340 74 113 22
2341 74 115 22
2342 74 121 8
2343 74 124 5
2344 74 132 5
2345 74 138 18
2346 74 144 9
2347 74 146 2
2348 74 154 4
2349 74 157 4
2350 74 162 19
2351 74 169 25
2352 74 173 6
2353 74 174 5
2354 74 175 13
2355 74 181 12
2356 74 188 15
2357 75 80 18
2358 75 84 17
2359 75 98 2
2360 75 100 23
2361 75 116 13
2362 75 117 19
2363 75 122 14
2364 75 130 24
2365 75 139 6
2366 75 148 5
2367 75 152 25
2368 75 153 8
2369 75 160 2
2370 75 163 10
2371 75 165 10
2372 75 166 5
2373 75 168 22
2374 75 183 3
2375 75 188 2
2376 75 193 3
2377 75 196 11
2378 75 199 16
2379 76 82 24
2380 76 86 9
2381 76 87 22
2382 76 108 16
2383 76 114 4
2384 76 126 17
2385 76 130 19
2386 76 150 2
2387 76 151 18
2388 76 152 7
2389 76 156 13
2390 76 158 20
2391 76 163 24
2392 76 164 1
2393 76 166 10
2394 76 175 5
2395 76 180 24
2396 76 183 8
2397 76 184 7
2398 76 187 2
2399 76 190 14
2400 76 191 4
2401 76 193 5
2402 76 194 14
2403 76 196 16
2404 77 85 7
2405 77 104 13
2406 77 109 2
2407 77 112 2
2408 77 115 24
2409 77 122 3
2410 77 127 16
2411 77 131 16
2412 77 133 2
2413 77 134 25
2414 77 141 12
2415 77 151 23
2416 77 156 20
2417 77 157 24
2418 77 162 25
2419 77 164 1
2420 77 181 7
2421 77 188 4
2422 77 190 23
2423 77 193 21
2424 78 86 13
2425 78 95 16
2426 78 99 10
2427 78 103 23
2428 78 114 10
2429 78 122 23
2430 78 129 18
2431 78 135 11
2432 78 152 8
2433 78 153 1
2434 78 154 2
2435 78 160 20
2436 78 162 8
2437 78 174 19
2438 78 178 19
2439 79 81 9
2440 79 85 4
2441 79 91 4
2442 79 95 9
2443 79 107 23
2444 79 111 23
2445 79 118 25
2446 79 124 14
2447 79 130 15
2448 79 132 15
2449 79 134 25
2450 79 138 21
2451 79 140 24
2452 79 148 20
2453 79 156 3
2454 79 162 6
2455 79 163 23
2456 79 165 8
2457 79 166 15
2458 79 169 14
2459 79 186 17
2460 79 187 23
2461 79 194 14
2462 80 81 22
2463 80 84 17
2464 80 86 24
2465 80 87 7
2466 80 89 3
2467 80 97 5
2468 80 100 16
2469 80 106 13
2470 80 108 20
2471 80 112 21
2472 80 113 3
2473 80 114 3
2474 80 117 2
2475 80 128 11
2476 80 133 14
2477 80 138 8
2478 80 143 22
2479 80 145 22
2480 80 148 19
2481 80 149 7
2482 80 152 1
2483 80 154 6
2484 80 157 1
2485 80 158 1
2486 80 160 2
2487 80 162 16
2488 80 176 10
2489 80 179 8
2490 80 184 2
2491 80 198 1
2492 81 95 21
2493 81 98 19
2494 81 104 22
2495 81 105 3
2496 81 107 10
2497 81 113 9
2498 81 130 8
2499 81 142 5
2500 81 145 18
2501 81 152 12
2502 81 155 15
2503 81 158 13
2504 81 167 20
2505 81 168 11
2506 81 173 9
2507 81 177 25
2508 81 179 19
2509 81 182 18
2510 81 186 24
2511 81 191 4
2512 81 193 7
2513 81 195 8
2514 81 198 23
2515 82 83 19
2516 82 86 7
2517 82 87 15
2518 82 91 3
2519 82 96 22
2520 82 98 18
2521 82 99 3
2522 82 114 18
2523 82 116 12
2524 82 121 13
2525 82 129 21
2526 82 138 19
2527 82 140 23
2528 82 144 2
2529 82 152 23
2530 82 154 2
2531 82 158 5
2532 82 170 10
2533 82 182 14
2534 82 189 1
2535 82 194 21
2536 82 197 7
2537 83 88 16
2538 83 92 12
2539 83 95 14
2540 83 99 11
2541 83 106 5
2542 83 113 5
2543 83 116 1
2544 83 127 25
2545 83 128 8
2546 83 136 12
2547 83 147 25
2548 83 152 12
2549 83 155 17
2550 83 158 1
2551 83 160 18
2552 83 169 5
2553 83 172 24
2554 83 173 4
2555 83 175 7
2556 83 177 14
2557 83 193 20
2558 84 90 18
2559 84 110 1
2560 84 113 23
2561 84 122 13
2562 84 126 6
2563 84 129 9
2564 84 130 13
2565 84 136 3
2566 84 137 6
2567 84 139 23
2568 84 143 12
2569 84 152 13
2570 84 160 21
2571 84 180 4
2572 84 182 14
2573 84 187 16
2574 84 193 3
2575 84 194 24
2576 84 195 9
2577 85 86 19
2578 85 87 9
2579 85 91 25
2580 85 95 17
2581 85 96 14
2582 85 103 16
2583 85 108 20
2584 85 128 14
2585 85 129 3
2586 85 132 15
2587 85 142 3
2588 85 152 16
2589 85 160 19
2590 85 171 4
2591 85 176 8
2592 85 181 12
2593 85 195 1
2594 86 93 23
2595 86 95 16
2596 86 101 19
2597 86 109 2
2598 86 116 13
2599 86 120 24
2600 86 125 15
2601 86 126 2
2602 86 128 12
2603 86 131 18
2604 86 135 21
2605 86 137 7
2606 86 139 25
2607 86 145 20
2608 86 146 24
2609 86 155 4
2610 86 160 9
2611 86 163 6
2612 86 164 19
2613 86 165 4
2614 86 173 20
2615 86 174 23
2616 87 90 2
2617 87 97 25
2618 87 98 19
2619 87 121 6
2620 87 122 19
2621 87 138 2
2622 87 145 23
2623 87 161 2
2624 87 162 10
2625 87 165 1
2626 87 166 8
2627 87 172 5
2628 87 180 23
2629 87 183 3
2630 87 184 21
2631 87 188 18
2632 87 192 5
2633 88 89 8
2634 88 90 9
2635 88 93 21
2636 88 100 6
2637 88 102 18
2638 88 106 9
2639 88 114 23
2640 88 116 17
2641 88 119 22
2642 88 123 17
2643 88 131 20
2644 88 132 7
2645 88 136 18
2646 88 137 12
2647 88 140 5
2648 88 151 16
2649 88 152 11
2650 88 165 25
2651 88 166 7
2652 88 168 1
2653 88 171 16
2654 88 179 6
2655 88 183 23
2656 88 194 11
2657 89 90 12
2658 89 103 7
2659 89 105 22
2660 89 109 21
2661 89 111 11
2662 89 121 12
2663 89 126 13
2664 89 133 20
2665 89 139 22
2666 89 140 20
2667 89 142 5
2668 89 152 5
2669 89 153 20
2670 89 158 18
2671 89 161 7
2672 89 172 17
2673 89 175 22
2674 89 181 6
2675 90 97 8
2676 90 101 16
2677 90 105 7
2678 90 112 9
2679 90 113 9
2680 90 120 18
2681 90 122 15
2682 90 139 3
2683 90 142 17
2684 90 146 8
2685 90 148 14
2686 90 152 15
2687 90 154 3
2688 90 156 24
2689 90 159 24
2690 90 161 23
2691 90 162 4
2692 90 166 11
2693 90 171 3
2694 90 177 24
2695 90 178 8
2696 90 183 15
2697 90 185 16
2698 90 192 23
2699 90 197 23
2700 91 100 15
2701 91 112 11
2702 91 116 17
2703 91 128 12
2704 91 132 11
2705 91 136 12
2706 91 139 16
2707 91 146 14
2708 91 147 23
2709 91 151 8
2710 91 160 9
2711 91 162 21
2712 91 169 22
2713 91 171 10
2714 91 175 20
2715 91 184 4
2716 91 185 1
2717 92 93 3
2718 92 94 25
2719 92 95 5
2720 92 119 25
2721 92 121 18
2722 92 130 16
2723 92 132 17
2724 92 133 4
2725 92 146 2
2726 92 149 2
2727 92 150 17
2728 92 156 17
2729 92 160 17
2730 92 164 22
2731 92 178 5
2732 92 186 17
2733 92 191 8
2734 92 195 20
2735 93 100 6
2736 93 106 20
2737 93 117 16
2738 93 120 16
2739 93 122 12
2740 93 123 1
2741 93 125 5
2742 93 133 22
2743 93 135 24
2744 93 139 23
2745 93 157 21
2746 93 159 25
2747 93 166 9
2748 93 169 13
2749 93 176 10
2750 93 180 13
2751 93 182 23
2752 93 185 17
2753 93 190 4
2754 94 97 21
2755 94 102 1
2756 94 103 15
2757 94 107 4
2758 94 117 9
2759 94 118 12
2760 94 135 5
2761 94 142 5
2762 94 143 6
2763 94 149 20
2764 94 150 11
2765 94 155 3
2766 94 157 23
2767 94 163 14
2768 94 165 11
2769 94 172 16
2770 94 179 12
2771 94 185 18
2772 94 186 23
2773 94 191 23
2774 95 103 8
2775 95 104 20
2776 95 125 16
2777 95 127 13
2778 95 129 17
2779 95 133 24
2780 95 139 3
2781 95 141 10
2782 95 150 2
2783 95 158 18
2784 95 159 13
2785 95 160 9
2786 95 165 8
2787 95 174 8
2788 95 186 3
2789 95 188 18
2790 95 191 23
2791 95 192 1
2792 95 195 7
2793 95 199 2
2794 96 98 4
2795 96 104 18
2796 96 111 11
2797 96 114 25
2798 96 115 3
2799 96 122 4
2800 96 124 24
2801 96 131 4
2802 96 132 1
2803 96 142 14
2804 96 143 7
2805 96 146 19
2806 96 149 22
2807 96 152 10
2808 96 163 14
2809 96 167 10
2810 96 171 19
2811 96 176 11
2812 96 178 5
2813 96 180 21
2814 96 183 22
2815 96 187 17
2816 96 194 25
2817 96 195 21
2818 96 196 11
2819 96 197 19
2820 97 99 2
2821 97 103 7
2822 97 106 15
2823 97 111 3
2824 97 118 7
2825 97 119 6
2826 97 121 15
2827 97 125 14
2828 97 130 15
2829 97 138 18
2830 97 186 15
2831 97 197 11
2832 98 99 4
2833 98 100 17
2834 98 106 20
2835 98 109 2
2836 98 117 5
2837 98 119 10
2838 98 128 18
2839 98 136 23
2840 98 146 13
2841 98 148 19
2842 98 159 11
2843 98 161 14
2844 98 162 23
2845 98 163 14
2846 98 166 12
2847 98 169 19
2848 98 179 10
2849 98 180 11
2850 98 189 17
2851 98 194 23
2852 98 198 11
2853 99 105 10
2854 99 116 24
2855 99 120 20
2856 99 124 6
2857 99 126 15
2858 99 127 1
2859 99 129 8
2860 99 130 21
2861 99 133 12
2862 99 135 11
2863 99 138 5
2864 99 139 12
2865 99 141 20
2866 99 143 17
2867 99 144 10
2868 99 145 3
2869 99 153 4
2870 99 157 24
2871 99 159 22
2872 99 164 19
2873 99 176 23
2874 99 182 21
2875 99 183 4
2876 99 185 24
2877 99 188 6
2878 99 197 18
2879 100 101 20
2880 100 103 3
2881 100 127 19
2882 100 130 6
2883 100 131 12
2884 100 139 1
2885 100 140 20
2886 100 151 4
2887 100 154 9
2888 100 158 2
2889 100 160 19
2890 100 172 12
2891 100 181 7
2892 100 182 6
2893 100 188 10
2894 100 195 15
2895 101 116 12
2896 101 122 6
2897 101 138 21
2898 101 152 11
2899 101 154 16
2900 101 157 16
2901 101 158 17
2902 101 160 5
2903 101 170 10
2904 101 171 4
2905 101 176 13
2906 101 191 3
2907 101 196 7
2908 102 105 16
2909 102 120 16
2910 102 125 8
2911 102 126 8
2912 102 132 1
2913 102 139 23
2914 102 140 5
2915 102 152 23
2916 102 155 4
2917 102 157 22
2918 102 158 9
2919 102 167 13
2920 102 168 9
2921 102 171 2
2922 102 172 19
2923 102 174 13
2924 102 175 9
2925 102 185 13
2926 102 187 22
2927 102 198 13
2928 102 199 24
2929 103 105 5
2930 103 107 25
2931 103 112 5
2932 103 115 8
2933 103 128 11
2934 103 129 22
2935 103 132 11
2936 103 141 18
2937 103 150 20
2938 103 155 12
2939 103 164 15
2940 103 165 20
2941 103 169 20
2942 103 184 11
2943 103 188 1
2944 103 191 15
2945 103 194 25
2946 103 197 13
2947 103 198 25
2948 104 112 25
2949 104 114 13
2950 104 119 8
2951 104 123 5
2952 104 131 17
2953 104 133 1
2954 104 139 4
2955 104 146 22
2956 104 147 9
2957 104 150 9
2958 104 155 7
2959 104 175 5
2960 104 178 10
2961 104 179 24
2962 104 181 22
2963 104 190 17
2964 105 109 25
2965 105 115 7
2966 105 117 13
2967 105 122 6
2968 105 123 23
2969 105 129 24
2970 105 132 2
2971 105 134 5
2972 105 135 20
2973 105 139 15
2974 105 154 14
2975 105 156 4
2976 105 158 18
2977 105 159 1
2978 105 163 14
2979 105 164 21
2980 105 167 20
2981 105 170 6
2982 105 172 21
2983 105 183 21
2984 105 186 10
2985 105 187 24
2986 105 195 1
2987 106 113 1
2988 106 116 24
2989 106 117 17
2990 106 119 16
2991 106 120 12
2992 106 122 15
2993 106 125 22
2994 106 138 20
2995 106 144 10
2996 106 147 6
2997 106 150 21
2998 106 151 10
2999 106 153 23
3000 106 154 15
3001 106 156 18
3002 106 160 7
3003 106 164 13
3004 106 177 7
3005 106 179 17
3006 106 185 12
3007 106 188 1
3008 106 189 4
3009 107 115 4
3010 107 129 15
3011 107 139 8
3012 107 140 5
3013 107 142 16
3014 107 146 23
3015 107 148 21
3016 107 150 5
3017 107 151 17
3018 107 155 5
3019 107 158 21
3020 107 159 9
3021 107 162 5
3022 107 164 17
3023 107 168 7
3024 107 169 6
3025 107 184 19
3026 107 188 22
3027 107 193 13
3028 107 194 20
3029 107 199 11
3030 108 114 3
3031 108 118 6
3032 108 123 8
3033 108 128 18
3034 108 131 17
3035 108 134 6
3036 108 135 17
3037 108 138 12
3038 108 141 6
3039 108 144 16
3040 108 155 23
3041 108 156 7
3042 108 166 24
3043 108 172 19
3044 108 178 5
3045 108 180 5
3046 108 183 9
3047 108 193 2
3048 109 110 8
3049 109 113 6
3050 109 114 6
3051 109 116 1
3052 109 117 3
3053 109 131 19
3054 109 134 1
3055 109 142 20
3056 109 148 8
3057 109 156 20
3058 109 161 17
3059 109 162 14
3060 109 163 22
3061 109 165 9
3062 109 167 20
3063 109 173 12
3064 109 175 19
3065 109 182 5
3066 109 184 19
3067 109 185 10
3068 109 188 8
3069 109 193 21
3070 109 196 13
3071 110 116 24
3072 110 119 24
3073 110 123 8
3074 110 124 9
3075 110 127 2
3076 110 131 9
3077 110 132 8
3078 110 138 21
3079 110 139 3
3080 110 140 13
3081 110 149 3
3082 110 150 18
3083 110 163 18
3084 110 180 16
3085 110 183 13
3086 110 190 12
3087 110 191 10
3088 111 122 8
3089 111 124 7
3090 111 156 25
3091 111 162 3
3092 111 165 6
3093 111 170 2
3094 111 171 20
3095 111 179 15
3096 111 180 16
3097 111 182 21
3098 111 186 8
3099 111 192 22
3100 111 195 3
3101 111 196 12
3102 111 199 21
3103 112 118 1
3104 112 119 11
3105 112 121 6
3106 112 141 6
3107 112 147 11
3108 112 149 4
3109 112 151 20
3110 112 155 24
3111 112 158 7
3112 112 160 18
3113 112 163 10
3114 112 172 1
3115 112 176 9
3116 112 180 1
3117 112 186 11
3118 112 189 22
3119 112 195 9
3120 112 199 9
3121 113 120 18
3122 113 124 19
3123 113 126 12
3124 113 130 20
3125 113 133 5
3126 113 137 24
3127 113 140 14
3128 113 151 11
3129 113 155 19
3130 113 161 19
3131 113 170 15
3132 113 172 3
3133 113 180 6
3134 113 182 18
3135 113 185 3
3136 113 186 13
3137 113 191 22
3138 113 198 8
3139 114 122 2
3140 114 126 16
3141 114 129 4
3142 114 161 6
3143 114 163 23
3144 114 164 18
3145 114 169 23
3146 114 170 4
3147 114 172 20
3148 114 175 3
3149 114 195 21
3150 114 198 20
3151 115 121 23
3152 115 122 19
3153 115 128 2
3154 115 135 23
3155 115 140 6
3156 115 141 12
3157 115 142 3
3158 115 158 21
3159 115 160 3
3160 115 165 10
3161 115 172 6
3162 115 174 1
3163 115 183 1
3164 115 192 11
3165 115 195 18
3166 116 118 9
3167 116 120 8
3168 116 122 12
3169 116 130 20
3170 116 152 14
3171 116 154 25
3172 116 158 17
3173 116 160 9
3174 116 163 15
3175 116 166 19
3176 116 175 22
3177 116 183 13
3178 116 184 20
3179 116 188 20
3180 116 189 14
3181 116 191 11
3182 116 192 11
3183 117 132 5
3184 117 141 5
3185 117 143 17
3186 117 145 16
3187 117 146 13
3188 117 148 17
3189 117 149 13
3190 117 161 15
3191 117 181 7
3192 117 188 15
3193 117 192 16
3194 117 197 23
3195 118 119 19
3196 118 123 1
3197 118 126 25
3198 118 127 5
3199 118 128 21
3200 118 129 19
3201 118 130 23
3202 118 139 18
3203 118 141 8
3204 118 142 9
3205 118 143 11
3206 118 154 9
3207 118 157 14
3208 118 168 2
3209 118 178 22
3210 118 179 17
3211 118 181 5
3212 118 182 25
3213 118 183 3
3214 118 191 3
3215 118 193 23
3216 118 195 19
3217 118 198 19
3218 119 124 25
3219 119 129 16
3220 119 136 11
3221 119 137 15
3222 119 139 7
3223 119 145 14
3224 119 149 22
3225 119 150 17
3226 119 160 10
3227 119 163 17
3228 119 165 17
3229 119 172 7
3230 119 178 21
3231 119 184 9
3232 119 185 20
3233 119 186 10
3234 119 191 5
3235 119 194 4
3236 119 197 10
3237 120 127 2
3238 120 130 13
3239 120 139 13
3240 120 143 12
3241 120 147 1
3242 120 149 5
3243 120 152 18
3244 120 157 9
3245 120 165 3
3246 120 166 17
3247 120 173 10
3248 120 177 12
3249 120 178 10
3250 120 186 18
3251 120 187 12
3252 120 194 7
3253 120 195 16
3254 120 198 1
3255 121 126 18
3256 121 127 5
3257 121 128 1
3258 121 140 14
3259 121 150 24
3260 121 152 21
3261 121 155 21
3262 121 158 22
3263 121 161 17
3264 121 168 21
3265 121 172 5
3266 121 177 22
3267 121 181 9
3268 121 188 6
3269 121 191 3
3270 122 128 2
3271 122 129 18
3272 122 133 23
3273 122 144 2
3274 122 149 1
3275 122 155 25
3276 122 156 16
3277 122 161 2
3278 122 167 5
3279 122 169 15
3280 122 170 18
3281 122 173 1
3282 122 179 23
3283 122 181 24
3284 122 183 9
3285 122 184 16
3286 122 188 13
3287 122 190 16
3288 122 191 5
3289 122 193 22
3290 123 124 10
3291 123 130 11
3292 123 132 15
3293 123 138 1
3294 123 143 24
3295 123 151 16
3296 123 156 15
3297 123 158 9
3298 123 162 24
3299 123 163 11
3300 123 165 4
3301 123 170 8
3302 123 172 2
3303 123 182 1
3304 123 187 11
3305 123 189 20
3306 123 192 20
3307 123 194 3
3308 124 128 3
3309 124 131 7
3310 124 142 9
3311 124 148 11
3312 124 151 23
3313 124 156 14
3314 124 170 16
3315 124 174 15
3316 124 190 19
3317 124 191 1
3318 124 199 8
3319 125 137 21
3320 125 143 25
3321 125 146 25
3322 125 147 11
3323 125 150 14
3324 125 156 8
3325 125 164 11
3326 125 172 11
3327 125 177 5
3328 125 183 22
3329 125 188 15
3330 125 193 25
3331 125 194 23
3332 125 196 3
3333 125 197 24
3334 125 199 21
3335 126 127 3
3336 126 128 25
3337 126 130 6
3338 126 134 8
3339 126 137 18
3340 126 142 12
3341 126 143 15
3342 126 154 7
3343 126 173 9
3344 126 181 8
3345 126 183 11
3346 126 189 18
3347 126 195 6
3348 126 198 19
3349 127 131 14
3350 127 149 23
3351 127 155 17
3352 127 179 4
3353 127 185 17
3354 127 188 2
3355 127 191 16
3356 128 129 11
3357 128 140 13
3358 128 142 24
3359 128 143 24
3360 128 150 13
3361 128 154 18
3362 128 164 25
3363 128 165 2
3364 128 168 22
3365 128 170 22
3366 128 173 10
3367 128 174 18
3368 128 175 2
3369 128 178 4
3370 128 183 24
3371 128 184 19
3372 128 186 5
3373 128 187 23
3374 128 188 13
3375 128 192 15
3376 128 195 8
3377 128 199 2
3378 129 133 23
3379 129 134 20
3380 129 135 24
3381 129 138 7
3382 129 145 20
3383 129 149 1
3384 129 152 4
3385 129 154 15
3386 129 164 16
3387 129 170 18
3388 129 171 20
3389 129 183 19
3390 129 187 21
3391 130 132 12
3392 130 138 18
3393 130 152 6
3394 130 168 2
3395 130 172 24
3396 130 180 18
3397 130 183 9
3398 130 185 10
3399 131 132 16
3400 131 137 1
3401 131 143 21
3402 131 150 22
3403 131 155 22
3404 131 165 10
3405 131 170 13
3406 131 173 1
3407 131 175 24
3408 131 177 17
3409 131 181 13
3410 131 182 12
3411 131 184 18
3412 131 187 21
3413 132 141 16
3414 132 144 15
3415 132 152 10
3416 132 153 23
3417 132 155 17
3418 132 158 12
3419 132 167 5
3420 132 171 22
3421 132 173 19
3422 132 175 19
3423 132 177 15
3424 132 180 7
3425 132 186 9
3426 132 190 16
3427 132 195 18
3428 132 197 10
3429 133 134 17
3430 133 137 10
3431 133 138 5
3432 133 141 2
3433 133 142 19
3434 133 148 24
3435 133 161 13
3436 133 162 19
3437 133 165 23
3438 133 167 15
3439 133 172 23
3440 133 175 7
3441 133 181 16
3442 133 184 19
3443 133 188 2
3444 133 190 4
3445 134 135 5
3446 134 149 13
3447 134 155 21
3448 134 168 13
3449 134 172 21
3450 134 174 14
3451 134 175 3
3452 134 178 4
3453 134 181 14
3454 134 190 19
3455 134 193 6
3456 134 195 8
3457 135 139 23
3458 135 141 8
3459 135 158 25
3460 135 164 15
3461 135 167 20
3462 135 184 16
3463 135 187 8
3464 135 189 22
3465 135 191 7
3466 135 195 12
3467 135 196 19
3468 135 199 5
3469 136 143 14
3470 136 149 17
3471 136 151 4
3472 136 156 20
3473 136 159 7
3474 136 163 2
3475 136 164 11
3476 136 166 17
3477 136 177 20
3478 136 179 14
3479 136 183 15
3480 136 193 19
3481 136 197 17
3482 136 198 15
3483 137 140 6
3484 137 147 12
3485 137 166 22
3486 137 170 21
3487 137 175 17
3488 137 179 15
3489 137 182 16
3490 137 184 9
3491 137 186 21
3492 137 192 16
3493 137 193 18
3494 137 197 1
3495 137 198 5
3496 138 141 1
3497 138 144 13
3498 138 165 7
3499 138 166 22
3500 138 168 3
3501 138 172 12
3502 138 179 15
3503 138 184 9
3504 138 185 23
3505 138 188 2
3506 138 196 22
3507 139 141 16
3508 139 143 16
3509 139 147 8
3510 139 151 24
3511 139 153 9
3512 139 156 12
3513 139 161 23
3514 139 165 9
3515 139 177 2
3516 139 182 22
3517 139 184 14
3518 139 186 23
3519 139 192 15
3520 139 198 10
3521 140 142 18
3522 140 143 2
3523 140 149 11
3524 140 183 18
3525 140 184 19
3526 140 191 4
3527 140 198 1
3528 140 199 16
3529 141 148 13
3530 141 154 13
3531 141 158 12
3532 141 160 6
3533 141 162 19
3534 141 163 5
3535 141 164 3
3536 141 169 25
3537 141 170 12
3538 141 178 12
3539 141 180 3
3540 141 190 14
3541 141 194 12
3542 141 195 8
3543 141 197 2
3544 142 143 2
3545 142 149 20
3546 142 151 6
3547 142 155 11
3548 142 170 5
3549 142 171 2
3550 142 179 25
3551 142 186 5
3552 142 193 20
3553 142 194 15
3554 143 146 9
3555 143 147 1
3556 143 150 13
3557 143 151 21
3558 143 152 15
3559 143 162 15
3560 143 170 25
3561 143 172 4
3562 143 176 5
3563 143 178 1
3564 143 182 16
3565 144 145 19
3566 144 155 1
3567 144 162 9
3568 144 166 20
3569 144 167 12
3570 144 171 2
3571 144 179 4
3572 144 182 20
3573 144 198 15
3574 145 151 9
3575 145 156 10
3576 145 159 7
3577 145 163 9
3578 145 169 5
3579 145 170 14
3580 145 173 4
3581 145 189 16
3582 145 193 5
3583 146 150 22
3584 146 151 9
3585 146 177 20
3586 146 184 25
3587 146 186 23
3588 146 188 1
3589 146 192 25
3590 146 199 2
3591 147 155 22
3592 147 164 4
3593 147 171 25
3594 147 178 10
3595 147 184 18
3596 148 152 20
3597 148 158 20
3598 148 162 18
3599 148 166 22
3600 148 167 24
3601 148 189 14
3602 148 191 21
3603 148 192 9
3604 148 198 15
3605 149 164 22
3606 149 166 6
3607 149 176 6
3608 149 179 14
3609 149 182 3
3610 149 183 7
3611 149 184 3
3612 149 192 9
3613 149 197 19
3614 150 155 24
3615 150 156 15
3616 150 159 19
3617 150 162 7
3618 150 167 2
3619 150 168 22
3620 150 176 14
3621 150 178 16
3622 150 191 16
3623 150 193 9
3624 150 197 8
3625 150 198 7
3626 151 155 13
3627 151 165 9
3628 151 166 7
3629 151 169 11
3630 151 171 3
3631 151 176 24
3632 151 177 7
3633 151 183 8
3634 151 186 22
3635 151 187 25
3636 151 191 13
3637 151 193 24
3638 152 153 19
3639 152 160 1
3640 152 164 22
3641 152 178 18
3642 152 187 23
3643 152 188 17
3644 152 196 17
3645 152 199 15
3646 153 160 13
3647 153 166 23
3648 153 169 2
3649 153 177 6
3650 153 180 5
3651 153 181 17
3652 153 182 18
3653 153 183 5
3654 153 188 7
3655 153 189 22
3656 154 157 23
3657 154 168 4
3658 154 176 6
3659 154 179 16
3660 154 186 25
3661 154 191 10
3662 154 196 9
3663 155 156 12
3664 155 158 13
3665 155 169 20
3666 155 171 14
3667 155 180 8
3668 155 183 25
3669 155 186 6
3670 155 188 12
3671 155 192 11
3672 155 193 9
3673 155 195 2
3674 155 198 21
3675 156 172 4
3676 156 173 8
3677 156 177 18
3678 156 183 16
3679 156 184 19
3680 156 187 23
3681 156 188 11
3682 156 194 3
3683 156 196 2
3684 157 163 10
3685 157 166 3
3686 157 171 14
3687 157 174 11
3688 157 177 16
3689 157 180 10
3690 157 183 4
3691 157 185 9
3692 157 189 15
3693 157 194 20
3694 157 195 17
3695 157 198 22
3696 157 199 12
3697 158 170 8
3698 158 176 5
3699 158 177 25
3700 158 180 14
3701 159 162 4
3702 159 165 2
3703 159 168 22
3704 159 177 22
3705 159 183 1
3706 159 190 4
3707 160 161 3
3708 160 162 24
3709 160 166 6
3710 160 167 16
3711 160 170 9
3712 160 171 24
3713 160 173 25
3714 160 183 17
3715 160 185 1
3716 160 188 8
3717 160 189 22
3718 160 194 23
3719 160 196 18
3720 161 163 3
3721 161 169 20
3722 161 176 21
3723 161 178 1
3724 161 184 22
3725 161 196 5
3726 162 163 1
3727 162 175 24
3728 162 177 8
3729 162 184 11
3730 162 185 7
3731 162 191 18
3732 162 193 3
3733 162 194 16
3734 163 173 16
3735 163 177 10
3736 163 194 14
3737 163 198 13
3738 163 199 1
3739 164 165 12
3740 164 167 14
3741 164 168 24
3742 164 169 7
3743 164 175 18
3744 164 178 14
3745 164 180 10
3746 164 187 8
3747 164 189 4
3748 164 193 5
3749 165 175 2
3750 165 189 15
3751 165 190 25
3752 165 198 13
3753 165 199 22
3754 166 168 2
3755 166 169 24
3756 166 170 19
3757 166 173 17
3758 166 183 15
3759 166 188 17
3760 166 198 10
3761 167 169 13
3762 167 170 18
3763 167 180 12
3764 167 182 4
3765 167 185 5
3766 167 186 11
3767 167 190 12
3768 167 194 16
3769 168 169 17
3770 168 177 3
3771 168 180 13
3772 168 192 25
3773 168 193 20
3774 169 177 20
3775 169 178 17
3776 169 183 22
3777 169 189 22
3778 170 178 21
3779 170 179 21
3780 170 181 25
3781 170 185 5
3782 170 198 6
3783 170 199 7
3784 171 177 6
3785 171 180 4
3786 171 192 10
3787 171 197 5
3788 172 176 7
3789 172 192 25
3790 172 198 25
3791 173 175 9
3792 173 178 25
3793 173 197 4
3794 174 193 4
3795 174 194 2
3796 175 176 14
3797 175 177 11
3798 175 181 1
3799 175 184 8
3800 176 178 4
3801 177 184 14
3802 177 188 9
3803 177 191 13
3804 177 194 1
3805 177 195 5
3806 177 198 1
3807 178 184 10
3808 178 192 15
3809 178 194 20
3810 178 198 15
3811 179 182 14
3812 179 183 7
3813 179 184 4
3814 179 191 6
3815 180 184 18
3816 180 191 4
3817 180 196 16
3818 181 191 24
3819 182 188 7
3820 182 193 16
3821 182 194 6
3822 182 196 4
3823 183 184 9
3824 183 185 7
3825 183 187 15
3826 183 188 1
3827 183 192 13
3828 183 194 9
3829 183 198 22
3830 184 185 11
3831 184 186 18
3832 184 189 17
3833 184 190 8
3834 184 191 18
3835 184 193 18
3836 184 194 1
3837 184 196 14
3838 184 198 10
3839 185 190 22
3840 185 191 3
3841 185 193 3
3842 185 197 24
3843 186 189 12
3844 187 191 16
3845 187 193 16
3846 187 197 22
3847 188 193 7
3848 188 196 9
3849 188 197 11
3850 189 190 9
3851 189 196 22
3852 190 194 9
3853 191 192 23
3854 191 199 6
3855 192 195 19
3856 192 198 2
3857 192 199 6
3858 193 195 24
3859 193 196 11
3860 193 197 2
3861 194 199 17
3862 197 198 13
3863 197 199 3
