200 4043 50 10
0 5
1 5
2 9
3 5
4 5
5 7
6 4
7 2
8 2
9 10
10 8
11 7
12 10
13 4
14 3
15 5
16 4
17 10
18 10
19 4
20 2
21 2
22 9
23 6
24 4
25 5
26 6
27 5
28 10
29 4
30 8
31 1
32 7
33 2
34 3
35 7
36 4
37 6
38 9
39 10
40 2
41 4
42 7
43 6
44 10
45 9
46 1
47 4
48 1
49 3
50 3
51 3
52 8
53 9
54 3
55 2
56 6
57 10
58 3
59 2
60 7
61 4
62 9
63 2
64 7
65 7
66 8
67 7
68 2
69 5
70 6
71 9
72 10
73 2
74 9
75 4
76 4
77 9
78 5
79 2
80 4
81 4
82 7
83 7
84 1
85 10
86 6
87 8
88 7
89 4
90 2
91 10
92 4
93 5
94 1
95 6
96 10
97 9
98 10
99 2
100 4
101 2
102 5
103 5
104 4
105 8
106 7
107 9
108 9
109 2
110 10
111 10
112 4
113 5
114 10
115 10
116 5
117 4
118 7
119 8
120 1
121 8
122 1
123 5
124 6
125 8
126 4
127 2
128 8
129 6
130 2
131 5
132 5
133 8
134 9
135 1
136 5
137 7
138 4
139 3
140 4
141 5
142 7
143 3
144 8
145 6
146 4
147 2
148 8
149 1
150 8
151 3
152 8
153 4
154 2
155 2
156 1
157 2
158 5
159 7
160 3
161 7
162 1
163 5
164 10
165 2
166 2
167 3
168 2
169 10
170 1
171 4
172 5
173 3
174 6
175 7
176 4
177 2
178 6
179 7
180 7
181 10
182 1
183 7
184 5
185 2
186 8
187 7
188 1
189 5
190 8
191 4
192 7
193 6
194 9
195 2
196 6
197 8
198 2
199 1
0 0 8 33
1 0 9 44
2 0 16 40
3 0 18 12
4 0 23 46
5 0 25 25
6 0 26 3
7 0 31 3
8 0 41 24
9 0 45 11
10 0 52 18
11 0 62 5
12 0 67 20
13 0 71 28
14 0 77 35
15 0 82 24
16 0 86 12
17 0 87 43
18 0 95 2
19 0 99 43
20 0 104 4
21 0 109 13
22 0 113 41
23 0 115 30
24 0 116 38
25 0 126 38
26 0 127 18
27 0 135 49
28 0 138 49
29 0 140 44
30 0 144 15
31 0 148 3
32 0 150 36
33 0 161 2
34 0 168 1
35 0 172 21
36 0 174 8
37 0 181 24
38 0 186 29
39 0 187 2
40 1 3 32
41 1 4 13
42 1 15 50
43 1 20 33
44 1 22 1
45 1 45 16
46 1 51 27
47 1 58 13
48 1 61 8
49 1 66 13
50 1 67 9
51 1 74 11
52 1 78 2
53 1 86 6
54 1 91 7
55 1 99 49
56 1 104 31
57 1 105 4
58 1 111 50
59 1 116 14
60 1 122 50
61 1 123 49
62 1 124 37
63 1 136 13
64 1 139 22
65 1 143 39
66 1 149 29
67 1 153 28
68 1 160 28
69 1 173 33
70 1 178 34
71 2 3 44
72 2 11 14
73 2 17 27
74 2 18 30
75 2 19 1
76 2 21 40
77 2 29 32
78 2 37 43
79 2 39 3
80 2 42 50
81 2 48 3
82 2 49 6
83 2 50 48
84 2 52 18
85 2 53 7
86 2 54 49
87 2 63 43
88 2 70 44
89 2 74 4
90 2 78 11
91 2 79 7
92 2 80 40
93 2 86 27
94 2 87 46
95 2 88 38
96 2 91 5
97 2 98 9
98 2 109 4
99 2 110 19
100 2 129 34
101 2 130 48
102 2 136 44
103 2 137 2
104 2 138 31
105 2 139 3
106 2 144 38
107 2 145 9
108 2 146 32
109 2 155 27
110 2 158 3
111 2 159 8
112 2 170 15
113 2 180 20
114 2 181 28
115 2 191 24
116 2 197 23
117 3 8 46
118 3 10 32
119 3 14 34
120 3 15 35
121 3 21 34
122 3 27 33
123 3 28 30
124 3 29 13
125 3 33 1
126 3 34 6
127 3 35 20
128 3 37 37
129 3 39 50
130 3 42 20
131 3 43 2
132 3 51 40
133 3 53 28
134 3 65 38
135 3 66 21
136 3 69 46
137 3 75 21
138 3 81 19
139 3 89 42
140 3 90 42
141 3 93 34
142 3 97 44
143 3 99 22
144 3 103 28
145 3 107 25
146 3 114 15
147 3 117 45
148 3 119 43
149 3 130 36
150 3 133 27
151 3 154 16
152 3 156 38
153 3 160 13
154 3 166 19
155 3 168 12
156 3 169 20
157 3 170 31
158 3 171 7
159 3 176 5
160 3 178 42
161 3 179 23
162 3 184 1
163 3 187 41
164 3 193 32
165 3 194 17
166 3 196 31
167 3 198 33
168 4 7 29
169 4 14 36
170 4 19 26
171 4 23 12
172 4 25 9
173 4 38 2
174 4 44 21
175 4 46 45
176 4 51 22
177 4 57 39
178 4 59 27
179 4 62 41
180 4 63 10
181 4 70 43
182 4 73 26
183 4 76 31
184 4 80 35
185 4 83 20
186 4 91 25
187 4 97 25
188 4 100 34
189 4 101 3
190 4 102 32
191 4 105 5
192 4 108 18
193 4 110 27
194 4 113 48
195 4 115 1
196 4 116 46
197 4 119 48
198 4 125 12
199 4 128 5
200 4 138 37
201 4 141 33
202 4 142 11
203 4 147 37
204 4 148 4
205 4 160 12
206 4 163 29
207 4 168 26
208 4 174 26
209 4 175 15
210 4 176 50
211 4 180 26
212 4 182 49
213 4 186 16
214 4 191 14
215 4 192 7
216 4 194 4
217 5 6 43
218 5 9 37
219 5 12 16
220 5 29 33
221 5 33 3
222 5 38 43
223 5 43 10
224 5 51 19
225 5 54 33
226 5 57 48
227 5 63 4
228 5 67 39
229 5 69 10
230 5 76 11
231 5 87 35
232 5 88 42
233 5 103 7
234 5 104 8
235 5 118 3
236 5 125 35
237 5 127 39
238 5 135 19
239 5 136 7
240 5 141 48
241 5 142 26
242 5 144 41
243 5 154 39
244 5 167 8
245 5 168 5
246 5 172 23
247 5 181 46
248 5 195 22
249 5 197 29
250 6 8 42
251 6 9 39
252 6 12 23
253 6 13 45
254 6 16 31
255 6 21 30
256 6 24 40
257 6 39 20
258 6 40 13
259 6 48 4
260 6 50 38
261 6 55 34
262 6 61 1
263 6 62 15
264 6 67 45
265 6 74 5
266 6 75 9
267 6 93 9
268 6 98 18
269 6 101 41
270 6 110 27
271 6 116 2
272 6 125 32
273 6 129 17
274 6 135 40
275 6 136 2
276 6 143 27
277 6 144 33
278 6 151 5
279 6 158 46
280 6 166 13
281 6 167 19
282 6 168 13
283 6 177 28
284 6 184 35
285 6 190 9
286 6 194 45
287 6 199 45
288 7 8 34
289 7 9 45
290 7 10 17
291 7 13 1
292 7 16 49
293 7 17 8
294 7 25 44
295 7 41 34
296 7 49 40
297 7 50 2
298 7 59 50
299 7 60 31
300 7 65 27
301 7 68 18
302 7 73 18
303 7 74 34
304 7 75 2
305 7 77 10
306 7 80 29
307 7 85 13
308 7 93 42
309 7 94 14
310 7 100 8
311 7 112 10
312 7 114 12
313 7 117 21
314 7 120 36
315 7 122 25
316 7 123 44
317 7 129 47
318 7 130 20
319 7 133 49
320 7 135 29
321 7 160 14
322 7 162 24
323 7 163 42
324 7 167 18
325 7 170 8
326 7 173 50
327 7 176 34
328 7 178 4
329 7 180 31
330 7 183 38
331 7 188 25
332 7 195 33
333 8 10 50
334 8 14 23
335 8 16 10
336 8 18 40
337 8 25 3
338 8 37 2
339 8 44 39
340 8 50 25
341 8 53 27
342 8 57 32
343 8 62 48
344 8 65 50
345 8 84 24
346 8 90 4
347 8 101 25
348 8 114 49
349 8 122 33
350 8 124 3
351 8 141 5
352 8 142 30
353 8 144 14
354 8 155 30
355 8 158 21
356 8 162 3
357 8 171 23
358 8 172 24
359 8 174 13
360 8 179 42
361 8 183 9
362 8 192 18
363 9 10 32
364 9 14 10
365 9 17 12
366 9 18 7
367 9 21 7
368 9 27 17
369 9 29 17
370 9 39 49
371 9 40 24
372 9 44 35
373 9 45 39
374 9 51 10
375 9 54 48
376 9 69 20
377 9 71 19
378 9 75 38
379 9 77 27
380 9 81 50
381 9 83 34
382 9 85 45
383 9 87 25
384 9 88 18
385 9 90 15
386 9 91 30
387 9 95 35
388 9 102 26
389 9 104 45
390 9 121 35
391 9 122 50
392 9 123 16
393 9 124 22
394 9 149 34
395 9 150 19
396 9 156 8
397 9 157 22
398 9 162 31
399 9 170 8
400 9 174 45
401 9 175 20
402 9 176 32
403 9 177 45
404 9 179 31
405 9 182 50
406 9 186 4
407 9 192 33
408 10 16 40
409 10 17 8
410 10 18 27
411 10 26 46
412 10 29 30
413 10 32 20
414 10 48 14
415 10 51 30
416 10 56 38
417 10 57 33
418 10 58 37
419 10 59 19
420 10 60 1
421 10 61 38
422 10 62 30
423 10 67 27
424 10 85 43
425 10 88 30
426 10 93 24
427 10 94 41
428 10 95 27
429 10 100 12
430 10 101 40
431 10 107 14
432 10 108 37
433 10 112 40
434 10 119 33
435 10 123 40
436 10 126 46
437 10 131 38
438 10 132 9
439 10 133 4
440 10 135 8
441 10 138 23
442 10 143 12
443 10 149 37
444 10 151 8
445 10 159 7
446 10 160 47
447 10 164 35
448 10 169 25
449 10 172 20
450 10 174 39
451 10 175 29
452 10 176 27
453 10 184 38
454 10 187 1
455 10 197 6
456 11 14 43
457 11 15 20
458 11 19 3
459 11 20 50
460 11 21 2
461 11 23 28
462 11 26 40
463 11 27 26
464 11 30 35
465 11 31 12
466 11 37 24
467 11 44 24
468 11 45 19
469 11 48 24
470 11 52 7
471 11 55 42
472 11 60 43
473 11 71 12
474 11 74 22
475 11 85 27
476 11 88 41
477 11 90 38
478 11 91 14
479 11 94 34
480 11 101 25
481 11 102 23
482 11 109 21
483 11 119 45
484 11 121 22
485 11 122 2
486 11 126 39
487 11 131 36
488 11 134 40
489 11 140 29
490 11 148 10
491 11 160 29
492 11 165 18
493 11 171 44
494 11 175 25
495 11 178 41
496 11 182 41
497 11 189 2
498 11 191 37
499 11 196 22
500 12 16 1
501 12 17 31
502 12 35 28
503 12 40 32
504 12 41 1
505 12 47 1
506 12 52 8
507 12 53 37
508 12 63 29
509 12 64 25
510 12 70 5
511 12 72 46
512 12 78 19
513 12 80 40
514 12 87 41
515 12 98 13
516 12 100 22
517 12 102 23
518 12 108 24
519 12 112 32
520 12 114 40
521 12 115 27
522 12 124 4
523 12 125 41
524 12 128 11
525 12 131 7
526 12 150 12
527 12 151 7
528 12 152 30
529 12 157 33
530 12 160 1
531 12 167 21
532 12 175 19
533 12 177 37
534 12 179 12
535 12 181 18
536 12 183 34
537 12 185 44
538 12 193 50
539 12 194 19
540 12 198 6
541 13 19 41
542 13 20 10
543 13 21 46
544 13 25 31
545 13 31 27
546 13 32 9
547 13 33 26
548 13 34 2
549 13 39 50
550 13 62 4
551 13 63 9
552 13 67 20
553 13 69 4
554 13 70 11
555 13 73 48
556 13 94 47
557 13 95 35
558 13 96 44
559 13 101 34
560 13 105 41
561 13 110 16
562 13 121 47
563 13 123 27
564 13 127 49
565 13 137 43
566 13 142 4
567 13 153 39
568 13 156 43
569 13 159 27
570 13 161 14
571 13 172 9
572 13 173 37
573 13 174 1
574 13 176 39
575 13 177 27
576 13 183 17
577 13 195 20
578 14 15 20
579 14 16 14
580 14 28 38
581 14 32 23
582 14 35 50
583 14 37 14
584 14 45 8
585 14 46 40
586 14 50 20
587 14 52 49
588 14 59 36
589 14 69 36
590 14 71 32
591 14 79 50
592 14 82 45
593 14 91 7
594 14 97 33
595 14 99 31
596 14 100 29
597 14 102 4
598 14 103 26
599 14 114 13
600 14 115 28
601 14 121 39
602 14 124 23
603 14 126 33
604 14 128 28
605 14 130 3
606 14 132 33
607 14 133 43
608 14 134 8
609 14 139 27
610 14 141 18
611 14 157 49
612 14 161 43
613 14 171 13
614 14 191 29
615 15 16 38
616 15 19 16
617 15 20 3
618 15 21 9
619 15 25 17
620 15 26 7
621 15 35 11
622 15 47 46
623 15 49 48
624 15 52 11
625 15 57 50
626 15 61 10
627 15 66 41
628 15 67 19
629 15 80 18
630 15 82 42
631 15 93 49
632 15 94 29
633 15 95 7
634 15 99 30
635 15 101 15
636 15 106 19
637 15 107 42
638 15 123 28
639 15 124 45
640 15 125 38
641 15 131 26
642 15 140 49
643 15 143 26
644 15 144 13
645 15 146 33
646 15 148 20
647 15 151 49
648 15 159 34
649 15 170 20
650 15 171 50
651 15 173 37
652 15 179 26
653 15 191 31
654 15 198 9
655 16 17 28
656 16 21 40
657 16 29 13
658 16 33 38
659 16 43 41
660 16 46 27
661 16 57 4
662 16 71 27
663 16 77 4
664 16 82 43
665 16 83 39
666 16 96 19
667 16 98 12
668 16 101 47
669 16 107 26
670 16 110 42
671 16 116 28
672 16 124 13
673 16 132 37
674 16 141 3
675 16 144 45
676 16 156 21
677 16 158 3
678 16 167 16
679 16 175 44
680 16 185 16
681 16 187 15
682 16 193 44
683 16 195 30
684 16 198 2
685 17 20 6
686 17 23 30
687 17 30 28
688 17 33 38
689 17 42 4
690 17 47 50
691 17 49 40
692 17 50 13
693 17 54 16
694 17 56 12
695 17 57 36
696 17 61 36
697 17 62 4
698 17 68 43
699 17 71 2
700 17 72 2
701 17 79 28
702 17 89 50
703 17 90 17
704 17 98 48
705 17 101 41
706 17 102 8
707 17 106 29
708 17 107 28
709 17 109 28
710 17 111 36
711 17 130 8
712 17 134 30
713 17 137 3
714 17 139 20
715 17 140 35
716 17 145 5
717 17 157 17
718 17 161 39
719 17 162 13
720 17 168 19
721 17 180 5
722 17 182 6
723 17 190 27
724 17 193 9
725 18 20 26
726 18 32 44
727 18 39 13
728 18 43 31
729 18 68 1
730 18 73 2
731 18 77 4
732 18 85 15
733 18 88 7
734 18 89 40
735 18 96 29
736 18 102 4
737 18 107 1
738 18 108 50
739 18 111 23
740 18 114 39
741 18 116 20
742 18 118 1
743 18 127 39
744 18 128 50
745 18 130 36
746 18 131 26
747 18 133 8
748 18 134 39
749 18 136 14
750 18 138 12
751 18 141 28
752 18 142 32
753 18 147 17
754 18 152 43
755 18 153 39
756 18 157 27
757 18 159 12
758 18 166 22
759 18 167 41
760 18 168 23
761 18 169 41
762 18 170 16
763 18 175 34
764 18 180 46
765 18 184 1
766 18 187 43
767 19 22 1
768 19 24 14
769 19 25 40
770 19 31 42
771 19 36 46
772 19 44 19
773 19 55 43
774 19 62 1
775 19 63 45
776 19 64 35
777 19 72 5
778 19 73 36
779 19 78 28
780 19 81 10
781 19 82 23
782 19 83 15
783 19 102 45
784 19 106 18
785 19 107 45
786 19 110 24
787 19 114 42
788 19 116 19
789 19 117 27
790 19 120 13
791 19 124 10
792 19 141 39
793 19 146 49
794 19 148 34
795 19 155 2
796 19 158 11
797 19 163 21
798 19 179 46
799 19 199 28
800 20 22 50
801 20 54 14
802 20 63 5
803 20 64 49
804 20 66 6
805 20 72 12
806 20 78 44
807 20 80 1
808 20 85 26
809 20 90 14
810 20 92 42
811 20 94 2
812 20 98 22
813 20 102 41
814 20 103 37
815 20 105 10
816 20 109 5
817 20 110 45
818 20 115 18
819 20 116 24
820 20 118 13
821 20 133 48
822 20 145 9
823 20 151 19
824 20 154 32
825 20 168 6
826 20 171 49
827 20 179 34
828 20 184 48
829 20 185 35
830 20 188 31
831 20 189 47
832 21 27 8
833 21 30 16
834 21 35 45
835 21 40 18
836 21 45 14
837 21 50 28
838 21 54 27
839 21 56 32
840 21 68 25
841 21 72 9
842 21 75 45
843 21 78 44
844 21 81 48
845 21 86 26
846 21 88 41
847 21 89 38
848 21 94 18
849 21 96 17
850 21 97 33
851 21 98 33
852 21 105 36
853 21 119 40
854 21 124 16
855 21 125 23
856 21 129 46
857 21 132 27
858 21 141 10
859 21 143 35
860 21 145 38
861 21 156 46
862 21 157 9
863 21 158 40
864 21 164 24
865 21 169 14
866 21 170 38
867 21 174 11
868 21 182 27
869 21 196 2
870 22 24 11
871 22 30 26
872 22 31 48
873 22 35 43
874 22 36 20
875 22 38 49
876 22 39 15
877 22 41 32
878 22 50 31
879 22 55 20
880 22 60 32
881 22 61 29
882 22 73 17
883 22 94 17
884 22 99 39
885 22 102 28
886 22 109 42
887 22 125 18
888 22 128 34
889 22 132 13
890 22 136 25
891 22 139 15
892 22 144 38
893 22 145 47
894 22 151 6
895 22 157 12
896 22 158 17
897 22 160 36
898 22 162 19
899 22 164 19
900 22 168 23
901 22 172 47
902 22 191 48
903 23 32 48
904 23 39 10
905 23 45 19
906 23 53 21
907 23 54 5
908 23 56 47
909 23 58 48
910 23 59 42
911 23 60 6
912 23 71 11
913 23 76 9
914 23 90 31
915 23 92 34
916 23 95 33
917 23 114 3
918 23 116 32
919 23 120 25
920 23 125 28
921 23 132 23
922 23 135 35
923 23 147 34
924 23 151 48
925 23 154 11
926 23 158 34
927 23 167 10
928 23 168 43
929 23 176 9
930 23 179 34
931 23 180 13
932 23 181 12
933 23 188 39
934 23 197 1
935 24 28 9
936 24 37 49
937 24 41 14
938 24 42 47
939 24 45 44
940 24 47 39
941 24 66 39
942 24 73 39
943 24 75 29
944 24 81 5
945 24 84 10
946 24 88 5
947 24 89 27
948 24 94 34
949 24 99 32
950 24 108 9
951 24 116 43
952 24 118 38
953 24 127 6
954 24 136 50
955 24 137 10
956 24 138 7
957 24 144 37
958 24 145 24
959 24 148 35
960 24 150 15
961 24 152 44
962 24 155 26
963 24 158 45
964 24 160 36
965 24 163 15
966 24 164 42
967 24 165 47
968 24 166 36
969 24 171 20
970 24 179 3
971 24 184 28
972 25 41 7
973 25 58 2
974 25 78 21
975 25 89 36
976 25 91 36
977 25 95 20
978 25 96 23
979 25 103 22
980 25 104 1
981 25 112 8
982 25 116 29
983 25 118 32
984 25 126 7
985 25 128 34
986 25 141 45
987 25 144 25
988 25 147 2
989 25 152 18
990 25 154 14
991 25 157 15
992 25 162 13
993 25 167 27
994 25 184 11
995 25 190 9
996 26 28 1
997 26 31 42
998 26 36 46
999 26 40 1
1000 26 51 26
1001 26 56 32
1002 26 58 48
1003 26 59 1
1004 26 62 32
1005 26 65 35
1006 26 66 45
1007 26 72 37
1008 26 74 12
1009 26 85 28
1010 26 88 41
1011 26 96 47
1012 26 98 29
1013 26 105 6
1014 26 106 10
1015 26 121 31
1016 26 127 44
1017 26 130 36
1018 26 131 22
1019 26 135 19
1020 26 140 4
1021 26 144 18
1022 26 146 32
1023 26 151 50
1024 26 157 13
1025 26 160 27
1026 26 161 40
1027 26 173 37
1028 26 176 33
1029 26 178 39
1030 26 182 26
1031 26 186 42
1032 26 190 21
1033 26 193 37
1034 27 28 37
1035 27 31 22
1036 27 32 12
1037 27 42 25
1038 27 45 3
1039 27 47 12
1040 27 48 28
1041 27 49 43
1042 27 52 4
1043 27 54 29
1044 27 56 14
1045 27 62 46
1046 27 64 8
1047 27 68 17
1048 27 73 50
1049 27 80 26
1050 27 86 49
1051 27 99 43
1052 27 106 34
1053 27 109 13
1054 27 113 18
1055 27 117 49
1056 27 125 42
1057 27 128 19
1058 27 133 15
1059 27 145 8
1060 27 159 33
1061 27 167 5
1062 27 182 49
1063 27 188 45
1064 27 191 7
1065 28 38 3
1066 28 40 47
1067 28 43 20
1068 28 44 10
1069 28 49 16
1070 28 55 45
1071 28 56 45
1072 28 57 26
1073 28 62 6
1074 28 66 15
1075 28 81 29
1076 28 83 32
1077 28 91 16
1078 28 96 36
1079 28 107 49
1080 28 109 35
1081 28 110 23
1082 28 116 12
1083 28 127 9
1084 28 129 50
1085 28 132 3
1086 28 135 21
1087 28 137 45
1088 28 140 23
1089 28 146 10
1090 28 156 48
1091 28 162 36
1092 28 163 27
1093 28 174 38
1094 28 179 8
1095 28 182 49
1096 28 185 2
1097 28 195 37
1098 28 196 17
1099 29 31 42
1100 29 32 43
1101 29 39 34
1102 29 59 41
1103 29 70 24
1104 29 73 46
1105 29 74 31
1106 29 81 16
1107 29 84 9
1108 29 86 46
1109 29 94 39
1110 29 101 9
1111 29 103 12
1112 29 104 42
1113 29 105 1
1114 29 110 3
1115 29 111 9
1116 29 113 11
1117 29 116 21
1118 29 118 22
1119 29 121 1
1120 29 134 19
1121 29 135 42
1122 29 144 39
1123 29 178 40
1124 29 192 44
1125 30 32 13
1126 30 47 12
1127 30 50 37
1128 30 53 27
1129 30 54 50
1130 30 59 40
1131 30 75 3
1132 30 77 34
1133 30 84 3
1134 30 85 44
1135 30 91 1
1136 30 93 37
1137 30 95 29
1138 30 100 8
1139 30 102 12
1140 30 104 11
1141 30 105 32
1142 30 111 34
1143 30 113 47
1144 30 118 36
1145 30 129 14
1146 30 132 5
1147 30 134 8
1148 30 137 39
1149 30 154 6
1150 30 155 1
1151 30 156 35
1152 30 157 32
1153 30 160 48
1154 30 161 13
1155 30 165 20
1156 30 166 14
1157 30 173 7
1158 30 174 48
1159 30 175 50
1160 30 184 35
1161 30 193 10
1162 30 195 21
1163 31 32 24
1164 31 38 28
1165 31 41 24
1166 31 48 45
1167 31 51 21
1168 31 53 42
1169 31 57 18
1170 31 61 45
1171 31 62 20
1172 31 66 2
1173 31 73 30
1174 31 74 32
1175 31 76 7
1176 31 78 48
1177 31 99 49
1178 31 107 6
1179 31 109 44
1180 31 113 11
1181 31 122 35
1182 31 123 31
1183 31 128 10
1184 31 130 9
1185 31 136 32
1186 31 149 37
1187 31 152 42
1188 31 161 11
1189 31 163 28
1190 31 165 2
1191 31 173 50
1192 31 185 2
1193 31 192 15
1194 31 195 30
1195 31 198 23
1196 32 33 16
1197 32 36 15
1198 32 42 21
1199 32 44 35
1200 32 61 3
1201 32 70 8
1202 32 71 32
1203 32 74 48
1204 32 77 41
1205 32 82 21
1206 32 83 49
1207 32 91 34
1208 32 95 6
1209 32 96 26
1210 32 99 10
1211 32 103 38
1212 32 104 16
1213 32 110 31
1214 32 117 19
1215 32 120 21
1216 32 121 44
1217 32 122 15
1218 32 129 48
1219 32 130 30
1220 32 136 32
1221 32 137 44
1222 32 139 42
1223 32 146 50
1224 32 150 9
1225 32 152 20
1226 32 154 34
1227 32 155 8
1228 32 156 9
1229 32 163 21
1230 32 168 23
1231 32 169 46
1232 32 170 17
1233 32 175 39
1234 32 179 10
1235 32 183 32
1236 32 185 11
1237 32 189 5
1238 32 192 35
1239 32 196 9
1240 33 34 19
1241 33 35 5
1242 33 39 14
1243 33 45 39
1244 33 52 40
1245 33 56 6
1246 33 59 23
1247 33 66 23
1248 33 73 29
1249 33 75 41
1250 33 84 42
1251 33 89 26
1252 33 96 27
1253 33 101 42
1254 33 102 3
1255 33 108 32
1256 33 115 23
1257 33 118 33
1258 33 122 17
1259 33 124 44
1260 33 130 33
1261 33 137 19
1262 33 142 6
1263 33 149 6
1264 33 159 28
1265 33 161 13
1266 33 166 37
1267 33 179 15
1268 33 181 31
1269 33 187 6
1270 34 47 40
1271 34 54 19
1272 34 61 50
1273 34 69 41
1274 34 76 15
1275 34 83 15
1276 34 84 17
1277 34 90 11
1278 34 96 30
1279 34 98 39
1280 34 99 48
1281 34 101 45
1282 34 103 12
1283 34 108 31
1284 34 110 26
1285 34 114 26
1286 34 115 34
1287 34 121 27
1288 34 129 3
1289 34 134 38
1290 34 141 11
1291 34 148 16
1292 34 153 18
1293 34 156 2
1294 34 157 36
1295 34 164 36
1296 34 171 2
1297 34 180 44
1298 34 183 16
1299 34 186 32
1300 34 193 39
1301 35 38 33
1302 35 45 41
1303 35 49 6
1304 35 52 26
1305 35 77 3
1306 35 78 12
1307 35 83 25
1308 35 87 39
1309 35 91 9
1310 35 92 45
1311 35 100 25
1312 35 101 16
1313 35 104 41
1314 35 105 19
1315 35 112 47
1316 35 114 27
1317 35 117 44
1318 35 120 37
1319 35 122 41
1320 35 123 3
1321 35 128 18
1322 35 134 13
1323 35 135 45
1324 35 145 37
1325 35 147 21
1326 35 149 37
1327 35 156 8
1328 35 170 23
1329 35 172 6
1330 35 183 18
1331 35 185 36
1332 35 188 9
1333 35 189 33
1334 35 191 28
1335 35 197 13
1336 36 48 32
1337 36 51 11
1338 36 56 37
1339 36 66 14
1340 36 70 35
1341 36 87 21
1342 36 90 43
1343 36 92 24
1344 36 101 6
1345 36 102 5
1346 36 106 8
1347 36 115 35
1348 36 118 7
1349 36 120 5
1350 36 122 12
1351 36 125 12
1352 36 130 26
1353 36 139 45
1354 36 140 25
1355 36 142 3
1356 36 154 29
1357 36 164 9
1358 36 172 30
1359 36 179 31
1360 36 180 49
1361 36 181 6
1362 36 182 12
1363 36 183 17
1364 36 190 35
1365 36 196 17
1366 36 198 7
1367 36 199 7
1368 37 38 17
1369 37 39 31
1370 37 53 20
1371 37 55 49
1372 37 56 45
1373 37 69 15
1374 37 78 35
1375 37 100 12
1376 37 107 39
1377 37 110 43
1378 37 115 35
1379 37 117 16
1380 37 118 33
1381 37 119 28
1382 37 127 15
1383 37 129 45
1384 37 131 42
1385 37 134 29
1386 37 151 30
1387 37 155 31
1388 37 162 32
1389 37 166 29
1390 37 167 28
1391 37 170 50
1392 37 175 4
1393 37 176 33
1394 37 179 29
1395 37 192 14
1396 37 195 8
1397 37 199 31
1398 38 51 22
1399 38 56 46
1400 38 58 1
1401 38 66 45
1402 38 68 8
1403 38 77 14
1404 38 87 8
1405 38 92 33
1406 38 105 27
1407 38 116 10
1408 38 127 18
1409 38 129 43
1410 38 135 15
1411 38 140 48
1412 38 141 28
1413 38 149 49
1414 38 161 39
1415 38 163 1
1416 38 169 48
1417 38 170 45
1418 38 173 13
1419 38 177 22
1420 38 180 44
1421 38 182 48
1422 38 192 34
1423 39 44 27
1424 39 47 47
1425 39 48 8
1426 39 50 41
1427 39 51 13
1428 39 52 43
1429 39 55 43
1430 39 57 34
1431 39 60 16
1432 39 64 46
1433 39 67 14
1434 39 73 20
1435 39 75 45
1436 39 77 28
1437 39 84 46
1438 39 86 3
1439 39 101 5
1440 39 124 8
1441 39 127 48
1442 39 131 48
1443 39 132 22
1444 39 140 41
1445 39 144 27
1446 39 147 21
1447 39 148 24
1448 39 151 25
1449 39 155 26
1450 39 158 46
1451 39 185 34
1452 39 189 1
1453 39 191 34
1454 39 198 1
1455 40 44 22
1456 40 59 22
1457 40 60 26
1458 40 61 1
1459 40 62 48
1460 40 68 5
1461 40 81 27
1462 40 90 10
1463 40 92 7
1464 40 97 44
1465 40 109 39
1466 40 112 20
1467 40 113 6
1468 40 115 6
1469 40 120 16
1470 40 131 25
1471 40 135 3
1472 40 144 49
1473 40 146 18
1474 40 151 9
1475 40 155 31
1476 40 158 18
1477 40 161 29
1478 40 189 40
1479 40 196 48
1480 41 42 40
1481 41 44 10
1482 41 46 44
1483 41 52 17
1484 41 55 41
1485 41 57 18
1486 41 62 7
1487 41 65 11
1488 41 68 46
1489 41 70 3
1490 41 71 16
1491 41 77 14
1492 41 80 43
1493 41 91 36
1494 41 95 48
1495 41 96 7
1496 41 97 9
1497 41 98 39
1498 41 99 5
1499 41 104 30
1500 41 108 46
1501 41 114 16
1502 41 121 47
1503 41 125 13
1504 41 130 41
1505 41 134 34
1506 41 137 42
1507 41 138 38
1508 41 139 11
1509 41 147 34
1510 41 156 35
1511 41 161 9
1512 41 164 20
1513 41 169 38
1514 41 177 50
1515 41 179 33
1516 42 43 36
1517 42 58 5
1518 42 76 7
1519 42 85 19
1520 42 86 8
1521 42 93 31
1522 42 96 21
1523 42 98 15
1524 42 105 28
1525 42 107 30
1526 42 112 5
1527 42 115 48
1528 42 124 42
1529 42 129 32
1530 42 140 7
1531 42 141 24
1532 42 143 30
1533 42 145 15
1534 42 147 20
1535 42 148 34
1536 42 150 39
1537 42 152 5
1538 42 154 45
1539 42 157 33
1540 42 158 15
1541 42 159 14
1542 42 161 32
1543 42 166 35
1544 42 175 18
1545 42 187 6
1546 42 189 33
1547 42 191 11
1548 42 192 15
1549 42 198 47
1550 43 46 48
1551 43 57 11
1552 43 60 22
1553 43 64 48
1554 43 67 9
1555 43 71 43
1556 43 72 28
1557 43 75 37
1558 43 78 43
1559 43 84 7
1560 43 89 19
1561 43 92 50
1562 43 110 22
1563 43 118 24
1564 43 120 28
1565 43 130 45
1566 43 137 24
1567 43 143 7
1568 43 146 32
1569 43 147 14
1570 43 151 7
1571 43 158 8
1572 43 162 22
1573 43 174 41
1574 43 176 1
1575 43 179 34
1576 43 182 25
1577 43 184 15
1578 43 186 16
1579 43 187 43
1580 43 190 11
1581 43 194 39
1582 44 47 42
1583 44 49 16
1584 44 60 46
1585 44 62 6
1586 44 70 45
1587 44 73 21
1588 44 78 41
1589 44 95 42
1590 44 96 20
1591 44 106 49
1592 44 110 33
1593 44 118 11
1594 44 124 17
1595 44 126 12
1596 44 132 43
1597 44 145 16
1598 44 147 28
1599 44 153 32
1600 44 155 45
1601 44 164 3
1602 44 168 21
1603 44 169 34
1604 44 171 10
1605 44 175 5
1606 44 182 12
1607 44 184 49
1608 44 189 49
1609 44 192 11
1610 44 194 14
1611 45 57 25
1612 45 61 40
1613 45 65 30
1614 45 75 33
1615 45 87 18
1616 45 91 11
1617 45 92 7
1618 45 96 37
1619 45 99 17
1620 45 104 6
1621 45 110 23
1622 45 112 16
1623 45 116 43
1624 45 117 7
1625 45 119 20
1626 45 125 36
1627 45 127 42
1628 45 128 36
1629 45 133 20
1630 45 151 23
1631 45 153 15
1632 45 171 1
1633 45 172 9
1634 45 181 50
1635 45 182 13
1636 45 185 38
1637 45 198 30
1638 45 199 38
1639 46 47 3
1640 46 54 42
1641 46 56 45
1642 46 60 7
1643 46 71 44
1644 46 74 28
1645 46 80 19
1646 46 85 37
1647 46 89 12
1648 46 95 12
1649 46 96 34
1650 46 97 35
1651 46 109 1
1652 46 122 38
1653 46 126 36
1654 46 136 26
1655 46 141 31
1656 46 148 26
1657 46 150 23
1658 46 156 19
1659 46 157 7
1660 46 167 14
1661 46 179 15
1662 46 192 31
1663 47 48 3
1664 47 49 6
1665 47 59 39
1666 47 61 43
1667 47 63 47
1668 47 67 12
1669 47 68 30
1670 47 86 33
1671 47 97 7
1672 47 118 29
1673 47 132 40
1674 47 135 48
1675 47 139 8
1676 47 141 18
1677 47 147 33
1678 47 150 26
1679 47 151 26
1680 47 154 30
1681 47 158 14
1682 47 162 34
1683 47 168 45
1684 47 169 5
1685 47 180 45
1686 47 185 43
1687 47 194 33
1688 48 53 21
1689 48 59 38
1690 48 60 48
1691 48 61 6
1692 48 64 6
1693 48 65 25
1694 48 73 42
1695 48 74 2
1696 48 78 31
1697 48 79 26
1698 48 87 35
1699 48 90 27
1700 48 92 2
1701 48 93 30
1702 48 97 11
1703 48 101 30
1704 48 105 24
1705 48 106 45
1706 48 109 27
1707 48 112 45
1708 48 126 5
1709 48 131 35
1710 48 133 10
1711 48 136 20
1712 48 143 20
1713 48 144 19
1714 48 154 17
1715 48 166 48
1716 48 170 19
1717 48 182 50
1718 48 187 27
1719 48 193 2
1720 49 66 18
1721 49 83 13
1722 49 85 22
1723 49 89 32
1724 49 96 40
1725 49 103 26
1726 49 104 45
1727 49 114 31
1728 49 117 47
1729 49 118 13
1730 49 120 29
1731 49 124 26
1732 49 128 27
1733 49 135 14
1734 49 138 41
1735 49 144 13
1736 49 146 46
1737 49 150 43
1738 49 151 30
1739 49 159 22
1740 49 172 3
1741 49 178 35
1742 49 192 26
1743 49 198 43
1744 50 51 1
1745 50 57 4
1746 50 58 3
1747 50 64 45
1748 50 65 26
1749 50 71 36
1750 50 72 22
1751 50 83 43
1752 50 86 20
1753 50 99 14
1754 50 103 34
1755 50 104 14
1756 50 105 26
1757 50 111 15
1758 50 121 5
1759 50 134 35
1760 50 138 43
1761 50 142 6
1762 50 150 41
1763 50 152 20
1764 50 156 23
1765 50 158 33
1766 50 160 26
1767 50 162 49
1768 50 167 39
1769 50 171 18
1770 50 173 12
1771 50 176 24
1772 50 177 41
1773 50 181 29
1774 50 186 24
1775 50 188 28
1776 50 192 29
1777 51 53 26
1778 51 59 18
1779 51 60 37
1780 51 62 8
1781 51 70 25
1782 51 75 39
1783 51 79 6
1784 51 80 40
1785 51 83 31
1786 51 87 6
1787 51 89 41
1788 51 95 17
1789 51 98 5
1790 51 100 9
1791 51 105 5
1792 51 108 11
1793 51 125 3
1794 51 132 46
1795 51 135 2
1796 51 139 44
1797 51 140 48
1798 51 149 9
1799 51 158 39
1800 51 160 25
1801 51 164 30
1802 51 166 11
1803 51 167 8
1804 51 177 45
1805 51 181 15
1806 51 186 15
1807 51 190 24
1808 51 192 17
1809 51 195 39
1810 51 196 29
1811 52 57 23
1812 52 60 35
1813 52 72 29
1814 52 79 33
1815 52 84 8
1816 52 86 50
1817 52 88 41
1818 52 92 24
1819 52 101 29
1820 52 103 32
1821 52 104 8
1822 52 107 48
1823 52 118 49
1824 52 127 8
1825 52 129 12
1826 52 131 25
1827 52 132 48
1828 52 141 48
1829 52 147 21
1830 52 154 5
1831 52 173 47
1832 52 176 43
1833 52 177 2
1834 52 185 7
1835 52 187 27
1836 52 189 18
1837 52 192 18
1838 52 195 26
1839 52 199 25
1840 53 56 31
1841 53 58 5
1842 53 60 22
1843 53 69 23
1844 53 71 40
1845 53 72 2
1846 53 75 31
1847 53 78 50
1848 53 84 48
1849 53 86 29
1850 53 93 36
1851 53 94 48
1852 53 98 40
1853 53 110 24
1854 53 111 11
1855 53 121 33
1856 53 125 49
1857 53 126 7
1858 53 127 2
1859 53 130 47
1860 53 132 45
1861 53 137 26
1862 53 150 24
1863 53 151 6
1864 53 159 35
1865 53 165 33
1866 53 166 13
1867 53 171 45
1868 53 172 48
1869 53 176 16
1870 53 198 22
1871 54 55 2
1872 54 66 36
1873 54 78 34
1874 54 90 12
1875 54 95 30
1876 54 100 39
1877 54 109 15
1878 54 123 16
1879 54 125 12
1880 54 128 7
1881 54 133 40
1882 54 135 30
1883 54 138 49
1884 54 139 10
1885 54 141 39
1886 54 144 28
1887 54 154 40
1888 54 158 5
1889 54 159 31
1890 54 167 26
1891 54 171 46
1892 54 178 20
1893 54 181 49
1894 54 183 6
1895 54 187 2
1896 54 189 50
1897 54 192 32
1898 54 197 13
1899 55 63 46
1900 55 69 7
1901 55 71 22
1902 55 77 34
1903 55 80 30
1904 55 82 11
1905 55 85 48
1906 55 95 21
1907 55 101 9
1908 55 103 8
1909 55 108 41
1910 55 111 15
1911 55 113 11
1912 55 129 36
1913 55 134 11
1914 55 138 42
1915 55 145 43
1916 55 146 38
1917 55 150 8
1918 55 154 7
1919 55 155 30
1920 55 158 37
1921 55 160 13
1922 55 162 14
1923 55 163 39
1924 55 171 18
1925 55 173 26
1926 55 182 13
1927 55 190 34
1928 55 196 46
1929 56 59 49
1930 56 64 33
1931 56 65 48
1932 56 73 42
1933 56 75 18
1934 56 86 48
1935 56 87 12
1936 56 89 25
1937 56 94 30
1938 56 95 1
1939 56 97 23
1940 56 99 23
1941 56 101 35
1942 56 105 23
1943 56 110 45
1944 56 114 25
1945 56 123 9
1946 56 124 48
1947 56 125 13
1948 56 131 9
1949 56 134 13
1950 56 139 48
1951 56 140 20
1952 56 141 23
1953 56 145 24
1954 56 147 12
1955 56 148 30
1956 56 167 20
1957 56 168 22
1958 56 170 15
1959 56 178 45
1960 56 189 1
1961 56 192 25
1962 57 59 45
1963 57 70 13
1964 57 84 38
1965 57 85 7
1966 57 87 23
1967 57 99 40
1968 57 101 24
1969 57 108 47
1970 57 109 22
1971 57 115 49
1972 57 118 39
1973 57 122 48
1974 57 128 26
1975 57 129 41
1976 57 132 50
1977 57 138 28
1978 57 153 4
1979 57 158 31
1980 57 159 48
1981 57 160 19
1982 57 170 36
1983 57 173 46
1984 57 178 6
1985 57 187 10
1986 57 188 45
1987 58 59 13
1988 58 62 49
1989 58 65 31
1990 58 66 11
1991 58 68 41
1992 58 75 21
1993 58 82 50
1994 58 89 23
1995 58 94 10
1996 58 99 49
1997 58 111 7
1998 58 116 41
1999 58 117 32
2000 58 118 13
2001 58 120 36
2002 58 128 1
2003 58 131 36
2004 58 133 8
2005 58 134 22
2006 58 135 3
2007 58 136 39
2008 58 145 27
2009 58 149 15
2010 58 153 37
2011 58 162 37
2012 58 166 16
2013 58 168 2
2014 58 179 17
2015 58 186 18
2016 58 187 2
2017 58 189 21
2018 58 199 6
2019 59 62 9
2020 59 63 32
2021 59 76 29
2022 59 80 35
2023 59 81 42
2024 59 83 38
2025 59 85 4
2026 59 86 5
2027 59 94 43
2028 59 100 26
2029 59 102 26
2030 59 105 27
2031 59 108 30
2032 59 109 29
2033 59 111 28
2034 59 115 25
2035 59 119 42
2036 59 121 31
2037 59 123 2
2038 59 125 25
2039 59 137 4
2040 59 145 23
2041 59 151 29
2042 59 155 16
2043 59 166 29
2044 59 185 18
2045 59 189 4
2046 59 194 22
2047 59 197 26
2048 60 63 24
2049 60 68 11
2050 60 81 50
2051 60 84 41
2052 60 93 25
2053 60 96 32
2054 60 97 39
2055 60 117 15
2056 60 133 22
2057 60 135 30
2058 60 139 8
2059 60 143 12
2060 60 146 44
2061 60 150 31
2062 60 152 8
2063 60 162 27
2064 60 169 16
2065 60 177 48
2066 60 185 7
2067 60 189 9
2068 60 190 40
2069 60 195 7
2070 61 63 3
2071 61 65 22
2072 61 71 33
2073 61 72 1
2074 61 85 25
2075 61 101 49
2076 61 105 33
2077 61 106 25
2078 61 108 36
2079 61 113 33
2080 61 123 50
2081 61 127 47
2082 61 136 33
2083 61 146 29
2084 61 149 32
2085 61 150 7
2086 61 156 47
2087 61 159 43
2088 61 176 25
2089 61 177 2
2090 61 181 16
2091 61 189 14
2092 61 193 20
2093 62 66 47
2094 62 67 49
2095 62 68 8
2096 62 71 16
2097 62 76 34
2098 62 92 48
2099 62 94 30
2100 62 106 36
2101 62 111 16
2102 62 115 11
2103 62 121 27
2104 62 128 32
2105 62 132 10
2106 62 139 33
2107 62 162 43
2108 62 163 34
2109 62 166 41
2110 62 177 45
2111 62 184 13
2112 62 192 23
2113 63 68 7
2114 63 69 35
2115 63 70 37
2116 63 73 12
2117 63 75 2
2118 63 77 39
2119 63 84 41
2120 63 87 17
2121 63 88 29
2122 63 90 37
2123 63 97 32
2124 63 98 9
2125 63 99 31
2126 63 100 29
2127 63 101 33
2128 63 123 6
2129 63 125 42
2130 63 127 7
2131 63 128 12
2132 63 129 11
2133 63 132 7
2134 63 142 15
2135 63 145 7
2136 63 155 23
2137 63 157 37
2138 63 158 25
2139 63 168 36
2140 63 174 6
2141 63 178 30
2142 63 190 44
2143 63 192 47
2144 63 197 1
2145 63 199 44
2146 64 67 37
2147 64 69 12
2148 64 81 41
2149 64 88 14
2150 64 95 21
2151 64 100 31
2152 64 103 46
2153 64 111 39
2154 64 117 42
2155 64 128 13
2156 64 129 19
2157 64 133 28
2158 64 139 4
2159 64 143 34
2160 64 157 21
2161 64 163 9
2162 64 175 21
2163 64 189 1
2164 64 196 5
2165 65 68 40
2166 65 84 31
2167 65 95 3
2168 65 99 27
2169 65 102 4
2170 65 103 47
2171 65 108 10
2172 65 113 1
2173 65 150 7
2174 65 153 35
2175 65 157 17
2176 65 161 33
2177 65 166 5
2178 65 174 42
2179 65 178 26
2180 65 185 10
2181 65 187 46
2182 65 193 21
2183 66 70 6
2184 66 75 36
2185 66 82 3
2186 66 95 13
2187 66 103 12
2188 66 110 27
2189 66 112 31
2190 66 118 30
2191 66 137 31
2192 66 140 3
2193 66 150 5
2194 66 153 27
2195 66 157 39
2196 66 161 45
2197 66 165 35
2198 66 168 21
2199 66 172 22
2200 66 173 40
2201 66 174 9
2202 66 180 50
2203 66 181 38
2204 66 182 13
2205 66 183 22
2206 66 185 36
2207 67 70 14
2208 67 71 43
2209 67 74 50
2210 67 85 42
2211 67 89 15
2212 67 95 6
2213 67 104 19
2214 67 106 1
2215 67 108 39
2216 67 111 34
2217 67 115 44
2218 67 119 25
2219 67 126 19
2220 67 127 34
2221 67 128 18
2222 67 146 3
2223 67 148 16
2224 67 152 39
2225 67 156 45
2226 67 159 43
2227 67 165 33
2228 67 169 20
2229 67 171 2
2230 67 174 31
2231 67 186 40
2232 67 191 13
2233 67 195 34
2234 67 198 43
2235 68 72 6
2236 68 76 44
2237 68 81 24
2238 68 83 41
2239 68 91 17
2240 68 97 39
2241 68 102 21
2242 68 113 40
2243 68 119 39
2244 68 123 15
2245 68 124 16
2246 68 126 26
2247 68 127 47
2248 68 132 30
2249 68 139 48
2250 68 140 21
2251 68 143 42
2252 68 149 16
2253 68 152 34
2254 68 154 17
2255 68 155 46
2256 68 163 50
2257 68 172 3
2258 68 173 2
2259 68 186 14
2260 68 189 40
2261 68 190 29
2262 68 191 41
2263 68 198 11
2264 69 71 26
2265 69 72 40
2266 69 78 38
2267 69 79 15
2268 69 88 34
2269 69 92 31
2270 69 96 45
2271 69 112 10
2272 69 122 36
2273 69 123 48
2274 69 131 12
2275 69 135 15
2276 69 140 39
2277 69 147 10
2278 69 153 42
2279 69 154 43
2280 69 156 20
2281 69 164 3
2282 69 174 45
2283 69 176 22
2284 69 177 38
2285 69 179 8
2286 69 185 1
2287 69 188 20
2288 69 197 37
2289 70 73 9
2290 70 87 1
2291 70 91 23
2292 70 93 6
2293 70 95 37
2294 70 103 6
2295 70 106 25
2296 70 107 24
2297 70 110 25
2298 70 113 9
2299 70 114 5
2300 70 119 37
2301 70 120 11
2302 70 123 43
2303 70 126 27
2304 70 141 41
2305 70 152 5
2306 70 157 10
2307 70 165 38
2308 70 169 27
2309 70 175 28
2310 70 191 32
2311 70 193 32
2312 70 195 45
2313 71 79 23
2314 71 83 13
2315 71 99 14
2316 71 101 26
2317 71 104 3
2318 71 106 21
2319 71 108 11
2320 71 115 3
2321 71 133 16
2322 71 134 34
2323 71 135 34
2324 71 144 19
2325 71 146 43
2326 71 147 23
2327 71 151 33
2328 71 152 2
2329 71 153 33
2330 71 156 4
2331 71 162 38
2332 71 166 26
2333 71 172 49
2334 71 173 15
2335 71 175 46
2336 71 189 46
2337 71 190 36
2338 71 191 42
2339 71 195 20
2340 72 75 26
2341 72 76 45
2342 72 89 21
2343 72 99 25
2344 72 102 48
2345 72 119 16
2346 72 121 26
2347 72 123 4
2348 72 127 5
2349 72 128 38
2350 72 130 28
2351 72 132 40
2352 72 133 24
2353 72 134 37
2354 72 136 45
2355 72 139 17
2356 72 143 21
2357 72 147 27
2358 72 151 29
2359 72 153 15
2360 72 157 38
2361 72 172 49
2362 72 177 33
2363 72 179 37
2364 72 182 47
2365 72 185 29
2366 72 186 38
2367 72 189 44
2368 72 192 6
2369 73 80 14
2370 73 89 48
2371 73 93 49
2372 73 97 32
2373 73 105 23
2374 73 106 45
2375 73 108 1
2376 73 110 11
2377 73 126 34
2378 73 130 24
2379 73 135 22
2380 73 140 31
2381 73 142 30
2382 73 145 39
2383 73 146 40
2384 73 149 48
2385 73 150 29
2386 73 152 11
2387 73 153 49
2388 73 159 40
2389 73 163 33
2390 73 165 23
2391 73 177 8
2392 73 184 48
2393 73 191 33
2394 73 193 12
2395 74 78 33
2396 74 99 50
2397 74 110 18
2398 74 118 33
2399 74 119 41
2400 74 126 39
2401 74 129 2
2402 74 137 46
2403 74 142 13
2404 74 151 4
2405 74 152 24
2406 74 154 38
2407 74 156 41
2408 74 158 20
2409 74 168 9
2410 74 175 17
2411 74 178 45
2412 74 179 46
2413 74 184 48
2414 75 78 21
2415 75 80 42
2416 75 81 44
2417 75 82 16
2418 75 85 11
2419 75 88 10
2420 75 89 18
2421 75 93 40
2422 75 96 48
2423 75 104 38
2424 75 107 37
2425 75 111 47
2426 75 127 8
2427 75 128 36
2428 75 131 37
2429 75 132 2
2430 75 135 19
2431 75 140 28
2432 75 146 16
2433 75 153 11
2434 75 154 25
2435 75 161 18
2436 75 162 13
2437 75 167 12
2438 75 169 49
2439 75 178 40
2440 75 182 17
2441 75 186 20
2442 75 191 18
2443 75 193 20
2444 75 194 23
2445 75 199 17
2446 76 78 19
2447 76 79 29
2448 76 86 40
2449 76 90 19
2450 76 91 5
2451 76 94 25
2452 76 103 34
2453 76 106 7
2454 76 115 44
2455 76 116 10
2456 76 123 21
2457 76 126 41
2458 76 127 39
2459 76 129 45
2460 76 131 38
2461 76 134 11
2462 76 147 23
2463 76 154 26
2464 76 155 11
2465 76 159 47
2466 76 160 30
2467 76 164 21
2468 76 169 20
2469 76 175 34
2470 76 181 48
2471 76 196 18
2472 77 78 38
2473 77 83 12
2474 77 84 36
2475 77 90 50
2476 77 106 31
2477 77 117 23
2478 77 119 24
2479 77 154 40
2480 77 159 30
2481 77 161 4
2482 77 172 32
2483 77 174 17
2484 77 175 20
2485 77 180 21
2486 77 196 13
2487 78 81 9
2488 78 89 27
2489 78 91 31
2490 78 96 16
2491 78 97 21
2492 78 104 2
2493 78 107 39
2494 78 108 46
2495 78 111 30
2496 78 113 44
2497 78 117 44
2498 78 119 3
2499 78 128 6
2500 78 134 21
2501 78 136 3
2502 78 138 27
2503 78 139 49
2504 78 141 17
2505 78 143 9
2506 78 155 36
2507 78 159 32
2508 78 160 43
2509 78 162 21
2510 78 164 44
2511 78 166 6
2512 78 180 46
2513 78 183 46
2514 78 187 32
2515 78 190 49
2516 78 191 37
2517 78 192 40
2518 78 199 22
2519 79 82 46
2520 79 89 32
2521 79 91 49
2522 79 92 50
2523 79 93 40
2524 79 97 50
2525 79 100 14
2526 79 104 11
2527 79 114 33
2528 79 117 30
2529 79 126 16
2530 79 127 42
2531 79 130 44
2532 79 134 38
2533 79 135 7
2534 79 137 18
2535 79 144 39
2536 79 150 29
2537 79 153 19
2538 79 160 41
2539 79 161 38
2540 79 162 33
2541 79 164 3
2542 79 166 27
2543 79 167 41
2544 79 171 10
2545 79 173 16
2546 79 175 32
2547 79 177 37
2548 79 178 8
2549 79 187 22
2550 79 188 2
2551 79 189 4
2552 79 194 9
2553 79 195 41
2554 80 87 27
2555 80 95 15
2556 80 104 46
2557 80 117 40
2558 80 121 6
2559 80 132 21
2560 80 135 29
2561 80 143 46
2562 80 145 12
2563 80 148 21
2564 80 150 47
2565 80 172 34
2566 80 174 30
2567 80 183 13
2568 80 189 16
2569 80 195 39
2570 81 83 19
2571 81 85 8
2572 81 90 25
2573 81 91 47
2574 81 93 16
2575 81 94 49
2576 81 97 48
2577 81 113 45
2578 81 117 38
2579 81 120 4
2580 81 122 18
2581 81 123 25
2582 81 134 19
2583 81 136 22
2584 81 138 35
2585 81 142 5
2586 81 143 29
2587 81 145 43
2588 81 148 22
2589 81 161 8
2590 81 163 15
2591 81 166 29
2592 81 168 37
2593 81 169 18
2594 81 173 36
2595 81 177 24
2596 81 185 17
2597 81 190 37
2598 81 191 37
2599 81 197 39
2600 82 83 21
2601 82 88 37
2602 82 89 30
2603 82 90 19
2604 82 91 50
2605 82 96 6
2606 82 104 20
2607 82 106 6
2608 82 108 17
2609 82 110 8
2610 82 112 1
2611 82 113 33
2612 82 115 18
2613 82 119 33
2614 82 120 39
2615 82 121 35
2616 82 122 23
2617 82 143 37
2618 82 146 30
2619 82 151 4
2620 82 153 35
2621 82 155 26
2622 82 163 47
2623 82 166 22
2624 82 172 49
2625 82 173 12
2626 82 178 39
2627 82 182 16
2628 82 188 14
2629 82 196 14
2630 82 198 33
2631 83 91 7
2632 83 92 1
2633 83 97 19
2634 83 99 7
2635 83 105 48
2636 83 109 43
2637 83 116 7
2638 83 120 5
2639 83 131 34
2640 83 133 35
2641 83 134 15
2642 83 145 37
2643 83 148 50
2644 83 153 19
2645 83 160 47
2646 83 166 30
2647 83 169 7
2648 83 175 35
2649 83 176 23
2650 83 180 30
2651 83 187 16
2652 83 195 24
2653 83 196 31
2654 83 197 13
2655 84 90 12
2656 84 91 27
2657 84 93 48
2658 84 109 14
2659 84 110 39
2660 84 118 9
2661 84 119 26
2662 84 128 9
2663 84 130 25
2664 84 131 26
2665 84 132 34
2666 84 135 37
2667 84 139 11
2668 84 140 41
2669 84 145 34
2670 84 158 30
2671 84 159 12
2672 84 163 20
2673 84 173 50
2674 84 174 10
2675 84 186 23
2676 84 193 25
2677 84 198 1
2678 85 86 14
2679 85 104 13
2680 85 114 50
2681 85 121 30
2682 85 124 1
2683 85 129 38
2684 85 130 19
2685 85 131 41
2686 85 133 2
2687 85 136 39
2688 85 139 17
2689 85 142 37
2690 85 143 28
2691 85 146 20
2692 85 149 6
2693 85 155 7
2694 85 157 36
2695 85 159 18
2696 85 164 17
2697 85 165 27
2698 85 172 40
2699 85 177 10
2700 85 179 43
2701 85 185 37
2702 85 197 48
2703 86 90 32
2704 86 91 49
2705 86 93 15
2706 86 98 46
2707 86 101 45
2708 86 109 34
2709 86 114 2
2710 86 116 22
2711 86 118 36
2712 86 128 35
2713 86 129 32
2714 86 138 33
2715 86 142 22
2716 86 151 48
2717 86 152 41
2718 86 165 35
2719 86 166 16
2720 86 167 8
2721 86 168 5
2722 86 169 42
2723 86 173 44
2724 86 180 1
2725 86 185 46
2726 86 188 11
2727 86 189 21
2728 86 190 18
2729 87 92 33
2730 87 95 37
2731 87 97 38
2732 87 99 26
2733 87 103 20
2734 87 107 21
2735 87 110 17
2736 87 120 7
2737 87 123 40
2738 87 130 14
2739 87 133 29
2740 87 134 20
2741 87 135 20
2742 87 140 30
2743 87 152 12
2744 87 158 49
2745 87 162 21
2746 87 166 1
2747 87 171 37
2748 87 172 44
2749 87 190 31
2750 87 196 32
2751 88 103 22
2752 88 126 40
2753 88 129 47
2754 88 131 23
2755 88 135 24
2756 88 143 20
2757 88 144 2
2758 88 145 48
2759 88 147 30
2760 88 153 41
2761 88 156 2
2762 88 160 20
2763 88 161 26
2764 88 166 36
2765 88 169 38
2766 88 174 14
2767 88 184 40
2768 88 192 43
2769 88 193 15
2770 89 97 46
2771 89 106 15
2772 89 108 6
2773 89 109 24
2774 89 114 30
2775 89 120 1
2776 89 122 40
2777 89 124 40
2778 89 125 9
2779 89 128 11
2780 89 134 16
2781 89 135 16
2782 89 137 18
2783 89 147 46
2784 89 152 35
2785 89 157 19
2786 89 159 36
2787 89 161 38
2788 89 165 22
2789 89 169 40
2790 89 170 20
2791 89 171 1
2792 89 174 21
2793 89 176 32
2794 89 181 6
2795 89 182 4
2796 89 188 37
2797 89 192 40
2798 89 196 27
2799 89 197 40
2800 89 198 42
2801 90 93 41
2802 90 96 19
2803 90 104 36
2804 90 110 22
2805 90 121 13
2806 90 123 2
2807 90 128 38
2808 90 131 21
2809 90 133 46
2810 90 137 50
2811 90 151 36
2812 90 152 8
2813 90 153 20
2814 90 154 46
2815 90 155 41
2816 90 157 33
2817 90 161 48
2818 90 162 47
2819 90 165 3
2820 90 175 41
2821 90 176 34
2822 90 177 20
2823 90 178 28
2824 90 179 45
2825 90 180 18
2826 90 187 41
2827 90 193 33
2828 90 196 10
2829 90 198 13
2830 91 93 29
2831 91 94 43
2832 91 101 28
2833 91 102 25
2834 91 103 10
2835 91 105 45
2836 91 108 1
2837 91 111 47
2838 91 128 25
2839 91 131 45
2840 91 140 18
2841 91 143 43
2842 91 145 3
2843 91 148 38
2844 91 153 33
2845 91 157 4
2846 91 171 42
2847 91 174 46
2848 91 175 8
2849 91 177 31
2850 91 180 32
2851 91 181 6
2852 91 184 3
2853 91 186 2
2854 91 190 18
2855 91 195 43
2856 92 103 12
2857 92 106 4
2858 92 110 42
2859 92 115 37
2860 92 116 44
2861 92 118 33
2862 92 119 11
2863 92 127 26
2864 92 145 9
2865 92 153 14
2866 92 166 45
2867 92 168 3
2868 92 191 14
2869 93 96 3
2870 93 102 19
2871 93 105 10
2872 93 106 38
2873 93 120 2
2874 93 132 5
2875 93 137 9
2876 93 141 46
2877 93 142 4
2878 93 145 39
2879 93 148 39
2880 93 160 50
2881 93 171 17
2882 93 175 37
2883 93 179 7
2884 93 182 34
2885 93 184 48
2886 93 186 39
2887 93 187 44
2888 93 188 22
2889 93 189 34
2890 94 101 1
2891 94 106 9
2892 94 115 24
2893 94 120 23
2894 94 123 30
2895 94 128 46
2896 94 131 5
2897 94 132 38
2898 94 135 12
2899 94 136 31
2900 94 141 49
2901 94 142 28
2902 94 149 45
2903 94 152 24
2904 94 162 44
2905 94 166 9
2906 94 169 36
2907 94 170 27
2908 94 176 26
2909 94 185 22
2910 94 189 15
2911 94 194 23
2912 94 195 18
2913 94 199 39
2914 95 101 49
2915 95 112 12
2916 95 114 46
2917 95 117 32
2918 95 129 7
2919 95 140 11
2920 95 141 25
2921 95 142 12
2922 95 144 13
2923 95 147 23
2924 95 161 11
2925 95 162 13
2926 95 163 4
2927 95 170 24
2928 95 176 40
2929 95 177 44
2930 95 178 41
2931 95 185 23
2932 95 186 30
2933 95 190 43
2934 95 192 34
2935 95 195 47
2936 95 197 6
2937 96 102 6
2938 96 114 19
2939 96 126 34
2940 96 128 13
2941 96 132 47
2942 96 134 14
2943 96 136 5
2944 96 142 40
2945 96 146 48
2946 96 154 39
2947 96 155 6
2948 96 165 22
2949 96 177 28
2950 96 179 5
2951 96 181 18
2952 96 183 31
2953 96 187 16
2954 96 196 6
2955 96 198 27
2956 97 100 26
2957 97 101 49
2958 97 105 38
2959 97 106 5
2960 97 107 37
2961 97 112 22
2962 97 119 17
2963 97 121 34
2964 97 123 18
2965 97 125 29
2966 97 137 47
2967 97 143 46
2968 97 145 6
2969 97 150 38
2970 97 157 26
2971 97 175 4
2972 97 176 7
2973 97 177 31
2974 97 179 29
2975 97 181 4
2976 97 187 33
2977 97 195 46
2978 97 197 45
2979 98 101 31
2980 98 108 8
2981 98 111 3
2982 98 114 45
2983 98 129 20
2984 98 130 33
2985 98 133 50
2986 98 140 45
2987 98 152 30
2988 98 154 48
2989 98 161 43
2990 98 170 14
2991 98 175 14
2992 98 177 7
2993 98 180 11
2994 98 188 17
2995 98 190 31
2996 98 192 34
2997 98 196 10
2998 98 198 49
2999 99 100 15
3000 99 102 7
3001 99 104 2
3002 99 111 48
3003 99 114 32
3004 99 122 25
3005 99 141 46
3006 99 143 31
3007 99 148 43
3008 99 149 34
3009 99 154 22
3010 99 158 50
3011 99 159 49
3012 99 160 47
3013 99 187 6
3014 99 193 18
3015 99 195 33
3016 100 105 27
3017 100 115 3
3018 100 119 23
3019 100 123 42
3020 100 125 25
3021 100 126 32
3022 100 127 35
3023 100 128 48
3024 100 129 15
3025 100 131 10
3026 100 136 32
3027 100 139 16
3028 100 140 20
3029 100 141 37
3030 100 142 24
3031 100 150 25
3032 100 152 10
3033 100 158 35
3034 100 178 4
3035 100 184 46
3036 100 187 23
3037 100 188 37
3038 100 195 2
3039 100 196 34
3040 100 197 35
3041 101 104 37
3042 101 106 28
3043 101 109 23
3044 101 114 2
3045 101 115 23
3046 101 116 49
3047 101 120 44
3048 101 125 32
3049 101 129 34
3050 101 130 45
3051 101 135 34
3052 101 137 43
3053 101 142 50
3054 101 148 40
3055 101 151 44
3056 101 156 1
3057 101 158 20
3058 101 161 47
3059 101 176 6
3060 101 192 25
3061 102 108 10
3062 102 115 10
3063 102 118 44
3064 102 122 46
3065 102 130 1
3066 102 134 32
3067 102 136 35
3068 102 137 43
3069 102 145 9
3070 102 148 18
3071 102 151 1
3072 102 153 13
3073 102 163 28
3074 102 164 26
3075 102 167 38
3076 102 168 29
3077 102 170 50
3078 102 174 4
3079 102 175 38
3080 102 176 27
3081 102 190 9
3082 102 191 6
3083 103 109 24
3084 103 123 9
3085 103 131 17
3086 103 135 43
3087 103 136 43
3088 103 137 18
3089 103 151 23
3090 103 152 50
3091 103 159 23
3092 103 160 28
3093 103 161 40
3094 103 175 16
3095 103 192 6
3096 103 193 43
3097 103 197 37
3098 104 110 30
3099 104 111 25
3100 104 112 1
3101 104 124 11
3102 104 127 38
3103 104 131 35
3104 104 135 15
3105 104 142 8
3106 104 149 23
3107 104 157 18
3108 104 163 9
3109 104 170 7
3110 104 185 50
3111 104 189 12
3112 104 191 5
3113 104 195 40
3114 104 196 39
3115 104 199 26
3116 105 111 5
3117 105 113 5
3118 105 114 10
3119 105 129 19
3120 105 130 42
3121 105 133 37
3122 105 134 10
3123 105 143 1
3124 105 150 30
3125 105 154 15
3126 105 173 27
3127 105 190 27
3128 106 118 8
3129 106 121 20
3130 106 142 37
3131 106 154 36
3132 106 159 46
3133 106 161 6
3134 106 164 40
3135 106 169 18
3136 106 170 38
3137 106 172 39
3138 106 180 27
3139 106 185 10
3140 106 186 34
3141 106 190 23
3142 106 193 13
3143 106 196 1
3144 107 111 16
3145 107 112 33
3146 107 119 30
3147 107 122 19
3148 107 125 33
3149 107 128 11
3150 107 130 24
3151 107 132 3
3152 107 134 29
3153 107 139 18
3154 107 141 23
3155 107 143 8
3156 107 152 33
3157 107 159 3
3158 107 163 45
3159 107 170 35
3160 107 178 3
3161 107 179 35
3162 107 187 23
3163 107 189 34
3164 107 195 48
3165 108 116 2
3166 108 118 29
3167 108 128 34
3168 108 134 14
3169 108 141 47
3170 108 147 37
3171 108 152 37
3172 108 157 9
3173 108 169 26
3174 108 173 31
3175 108 180 15
3176 108 189 5
3177 108 193 48
3178 108 199 27
3179 109 110 36
3180 109 111 17
3181 109 112 34
3182 109 114 12
3183 109 117 39
3184 109 122 47
3185 109 124 10
3186 109 133 6
3187 109 139 24
3188 109 140 41
3189 109 142 23
3190 109 162 33
3191 109 168 42
3192 109 177 8
3193 109 178 11
3194 109 180 43
3195 109 184 8
3196 109 187 39
3197 109 188 35
3198 109 190 6
3199 109 192 24
3200 110 114 24
3201 110 121 1
3202 110 122 24
3203 110 130 13
3204 110 139 10
3205 110 153 18
3206 110 158 43
3207 110 161 22
3208 110 174 7
3209 110 175 32
3210 110 181 14
3211 110 194 43
3212 110 198 16
3213 110 199 44
3214 111 112 2
3215 111 113 46
3216 111 115 4
3217 111 116 37
3218 111 117 20
3219 111 121 24
3220 111 122 49
3221 111 135 45
3222 111 137 9
3223 111 144 2
3224 111 145 29
3225 111 148 34
3226 111 163 34
3227 111 170 5
3228 111 190 10
3229 111 195 21
3230 112 114 49
3231 112 121 43
3232 112 126 31
3233 112 135 3
3234 112 136 31
3235 112 139 35
3236 112 143 17
3237 112 148 12
3238 112 149 6
3239 112 150 41
3240 112 154 17
3241 112 155 47
3242 112 158 40
3243 112 159 34
3244 112 160 6
3245 112 165 15
3246 112 166 25
3247 112 183 15
3248 112 184 35
3249 113 121 48
3250 113 128 47
3251 113 130 9
3252 113 139 26
3253 113 140 44
3254 113 142 46
3255 113 143 21
3256 113 147 29
3257 113 149 25
3258 113 153 29
3259 113 158 39
3260 113 159 45
3261 113 167 42
3262 113 170 24
3263 113 172 21
3264 113 179 47
3265 113 189 41
3266 113 192 39
3267 113 193 50
3268 113 196 17
3269 114 118 39
3270 114 126 29
3271 114 129 18
3272 114 131 11
3273 114 141 16
3274 114 148 48
3275 114 152 10
3276 114 153 18
3277 114 154 29
3278 114 159 38
3279 114 161 15
3280 114 163 22
3281 114 170 24
3282 114 175 21
3283 114 176 4
3284 114 178 37
3285 114 183 28
3286 114 187 26
3287 114 190 46
3288 114 192 23
3289 114 194 8
3290 114 197 49
3291 114 198 21
3292 115 117 21
3293 115 120 13
3294 115 122 19
3295 115 124 41
3296 115 126 47
3297 115 127 43
3298 115 129 43
3299 115 132 23
3300 115 142 34
3301 115 143 21
3302 115 148 5
3303 115 164 31
3304 115 167 32
3305 115 170 4
3306 115 176 31
3307 115 179 5
3308 115 191 11
3309 116 117 14
3310 116 119 30
3311 116 124 32
3312 116 125 32
3313 116 130 23
3314 116 145 25
3315 116 146 27
3316 116 153 41
3317 116 156 4
3318 116 158 38
3319 116 159 13
3320 116 160 10
3321 116 161 42
3322 116 171 50
3323 116 175 11
3324 116 177 16
3325 116 188 19
3326 116 191 41
3327 116 192 1
3328 116 194 13
3329 116 196 3
3330 117 118 12
3331 117 128 3
3332 117 142 44
3333 117 147 37
3334 117 149 23
3335 117 151 31
3336 117 153 20
3337 117 156 39
3338 117 158 6
3339 117 163 19
3340 117 167 40
3341 117 182 12
3342 117 183 3
3343 117 187 41
3344 117 193 4
3345 117 198 20
3346 118 121 39
3347 118 123 34
3348 118 125 36
3349 118 137 48
3350 118 138 5
3351 118 159 4
3352 118 162 22
3353 118 165 2
3354 118 169 38
3355 118 171 28
3356 118 175 34
3357 118 176 50
3358 118 178 40
3359 118 180 11
3360 118 190 3
3361 118 194 22
3362 118 197 9
3363 118 199 27
3364 119 128 40
3365 119 131 36
3366 119 132 20
3367 119 133 12
3368 119 137 13
3369 119 144 30
3370 119 146 30
3371 119 151 49
3372 119 153 32
3373 119 155 33
3374 119 156 41
3375 119 158 28
3376 119 160 47
3377 119 171 41
3378 119 172 42
3379 119 179 28
3380 119 188 22
3381 119 189 16
3382 119 199 17
3383 120 128 29
3384 120 132 27
3385 120 135 9
3386 120 159 2
3387 120 164 33
3388 120 167 6
3389 120 178 19
3390 120 195 32
3391 120 198 41
3392 121 123 43
3393 121 125 46
3394 121 132 44
3395 121 133 17
3396 121 137 7
3397 121 140 27
3398 121 147 24
3399 121 158 25
3400 121 159 39
3401 121 160 2
3402 121 161 28
3403 121 164 6
3404 121 174 16
3405 121 186 31
3406 122 130 12
3407 122 133 26
3408 122 134 32
3409 122 140 7
3410 122 144 24
3411 122 151 36
3412 122 155 18
3413 122 156 35
3414 122 171 13
3415 122 174 37
3416 122 177 16
3417 122 189 4
3418 122 192 36
3419 122 195 47
3420 122 199 37
3421 123 124 39
3422 123 126 39
3423 123 131 2
3424 123 140 45
3425 123 141 10
3426 123 146 12
3427 123 151 33
3428 123 157 14
3429 123 159 38
3430 123 168 37
3431 123 176 36
3432 123 178 44
3433 123 184 7
3434 123 188 27
3435 123 190 40
3436 123 192 20
3437 123 196 26
3438 123 198 10
3439 124 129 17
3440 124 130 1
3441 124 133 31
3442 124 135 19
3443 124 137 10
3444 124 140 22
3445 124 141 26
3446 124 142 1
3447 124 151 8
3448 124 157 11
3449 124 160 36
3450 124 162 11
3451 124 165 23
3452 124 170 28
3453 124 176 20
3454 124 177 16
3455 124 183 16
3456 124 185 47
3457 124 195 19
3458 125 128 39
3459 125 129 46
3460 125 132 6
3461 125 135 15
3462 125 137 16
3463 125 138 29
3464 125 156 20
3465 125 158 38
3466 125 163 16
3467 125 170 43
3468 125 171 20
3469 125 173 1
3470 125 176 27
3471 125 182 18
3472 125 185 50
3473 125 186 46
3474 125 194 32
3475 126 127 14
3476 126 131 48
3477 126 138 6
3478 126 141 45
3479 126 143 20
3480 126 147 1
3481 126 151 16
3482 126 154 21
3483 126 164 19
3484 126 174 28
3485 126 183 21
3486 126 186 20
3487 126 188 14
3488 126 198 25
3489 127 128 35
3490 127 132 27
3491 127 139 23
3492 127 144 7
3493 127 147 29
3494 127 148 34
3495 127 156 27
3496 127 170 48
3497 127 173 45
3498 127 175 40
3499 127 182 29
3500 127 187 39
3501 127 193 12
3502 127 194 32
3503 127 195 14
3504 128 148 17
3505 128 150 21
3506 128 155 41
3507 128 175 30
3508 128 177 15
3509 128 179 30
3510 128 188 24
3511 128 192 38
3512 128 193 33
3513 128 196 43
3514 128 199 27
3515 129 132 48
3516 129 133 32
3517 129 146 10
3518 129 156 30
3519 129 163 28
3520 129 168 10
3521 129 170 23
3522 129 173 46
3523 129 179 6
3524 129 182 36
3525 129 188 39
3526 129 193 36
3527 129 199 4
3528 130 138 39
3529 130 139 39
3530 130 148 11
3531 130 149 8
3532 130 150 1
3533 130 151 6
3534 130 162 13
3535 130 163 7
3536 130 165 17
3537 130 167 3
3538 130 176 50
3539 130 189 37
3540 130 193 11
3541 130 199 10
3542 131 134 7
3543 131 140 20
3544 131 141 10
3545 131 147 25
3546 131 154 43
3547 131 156 48
3548 131 160 15
3549 131 162 17
3550 131 168 28
3551 131 169 24
3552 131 173 6
3553 131 186 26
3554 131 191 22
3555 131 197 30
3556 132 133 16
3557 132 135 16
3558 132 136 41
3559 132 147 23
3560 132 151 17
3561 132 161 39
3562 132 166 18
3563 132 168 3
3564 132 169 8
3565 132 171 37
3566 132 172 33
3567 132 177 29
3568 132 178 19
3569 132 179 33
3570 132 183 4
3571 132 190 46
3572 132 192 4
3573 132 199 18
3574 133 139 31
3575 133 140 11
3576 133 145 22
3577 133 148 5
3578 133 152 9
3579 133 155 7
3580 133 156 48
3581 133 160 41
3582 133 161 20
3583 133 166 38
3584 133 174 11
3585 133 178 26
3586 133 181 8
3587 133 184 12
3588 133 190 4
3589 133 191 2
3590 133 192 32
3591 133 196 7
3592 133 197 18
3593 134 135 30
3594 134 141 37
3595 134 146 39
3596 134 153 22
3597 134 154 39
3598 134 156 49
3599 134 163 17
3600 134 169 47
3601 134 176 31
3602 134 177 5
3603 134 178 32
3604 134 181 47
3605 134 186 25
3606 134 191 30
3607 134 192 36
3608 135 141 22
3609 135 144 33
3610 135 145 39
3611 135 147 6
3612 135 155 20
3613 135 163 45
3614 135 170 27
3615 135 176 17
3616 135 177 1
3617 135 180 5
3618 135 182 45
3619 135 183 24
3620 135 184 26
3621 135 186 45
3622 135 191 38
3623 135 192 9
3624 135 193 26
3625 135 195 37
3626 136 139 26
3627 136 142 45
3628 136 145 37
3629 136 147 41
3630 136 149 5
3631 136 153 15
3632 136 159 10
3633 136 161 15
3634 136 172 5
3635 136 183 33
3636 136 187 25
3637 136 195 11
3638 136 197 17
3639 137 151 43
3640 137 157 22
3641 137 158 41
3642 137 168 2
3643 137 171 9
3644 137 179 4
3645 137 194 7
3646 137 196 4
3647 138 141 17
3648 138 151 32
3649 138 152 47
3650 138 159 16
3651 138 164 1
3652 138 175 2
3653 138 183 32
3654 138 185 29
3655 138 191 4
3656 138 195 27
3657 139 140 18
3658 139 148 20
3659 139 150 25
3660 139 152 47
3661 139 159 31
3662 139 160 3
3663 139 163 9
3664 139 166 43
3665 139 178 40
3666 139 179 39
3667 139 194 30
3668 139 195 23
3669 139 196 43
3670 140 147 18
3671 140 156 18
3672 140 163 45
3673 140 168 17
3674 140 175 38
3675 140 176 21
3676 140 188 11
3677 140 191 13
3678 140 192 40
3679 140 193 25
3680 140 199 46
3681 141 145 48
3682 141 152 40
3683 141 170 28
3684 141 186 34
3685 141 191 17
3686 141 194 31
3687 141 199 2
3688 142 149 46
3689 142 155 43
3690 142 157 21
3691 142 159 4
3692 142 169 48
3693 142 172 49
3694 142 174 35
3695 142 176 18
3696 142 192 36
3697 142 193 30
3698 142 194 33
3699 142 198 5
3700 143 147 3
3701 143 159 11
3702 143 166 32
3703 143 174 29
3704 143 183 32
3705 143 185 33
3706 143 187 28
3707 143 188 29
3708 143 191 3
3709 143 194 46
3710 144 148 10
3711 144 151 8
3712 144 154 40
3713 144 175 38
3714 144 193 25
3715 144 197 27
3716 144 198 39
3717 145 150 42
3718 145 151 17
3719 145 153 43
3720 145 158 28
3721 145 163 5
3722 145 172 25
3723 145 174 37
3724 145 185 10
3725 145 188 37
3726 145 192 36
3727 145 193 21
3728 145 195 24
3729 145 197 42
3730 146 150 39
3731 146 152 10
3732 146 154 17
3733 146 162 12
3734 146 169 45
3735 146 171 24
3736 146 173 40
3737 146 182 46
3738 146 186 22
3739 146 188 35
3740 146 198 22
3741 147 152 16
3742 147 158 15
3743 147 159 27
3744 147 171 45
3745 147 188 15
3746 147 190 13
3747 147 192 7
3748 147 193 5
3749 147 194 37
3750 147 195 16
3751 147 197 30
3752 147 199 38
3753 148 149 20
3754 148 152 2
3755 148 156 37
3756 148 157 36
3757 148 160 35
3758 148 161 11
3759 148 164 13
3760 148 168 48
3761 148 172 31
3762 148 175 38
3763 148 185 3
3764 148 186 1
3765 148 187 10
3766 148 198 19
3767 149 150 36
3768 149 161 28
3769 149 162 30
3770 149 169 4
3771 149 171 12
3772 149 176 15
3773 149 185 6
3774 149 189 46
3775 149 195 7
3776 150 159 38
3777 150 173 2
3778 150 177 24
3779 150 191 31
3780 150 194 22
3781 150 195 26
3782 151 153 30
3783 151 154 29
3784 151 158 26
3785 151 162 25
3786 151 164 17
3787 151 167 37
3788 151 175 42
3789 151 176 22
3790 151 182 23
3791 151 190 42
3792 151 198 30
3793 152 153 38
3794 152 154 20
3795 152 161 34
3796 152 163 6
3797 152 173 28
3798 152 176 19
3799 152 177 38
3800 152 187 32
3801 152 188 12
3802 152 189 9
3803 152 193 19
3804 153 154 22
3805 153 161 3
3806 153 162 50
3807 153 167 36
3808 153 169 23
3809 153 171 19
3810 153 174 11
3811 153 177 49
3812 153 190 3
3813 153 195 34
3814 153 197 2
3815 154 162 16
3816 154 163 45
3817 154 164 8
3818 154 166 44
3819 154 169 39
3820 154 177 40
3821 154 179 14
3822 154 186 35
3823 154 187 46
3824 154 193 28
3825 155 162 40
3826 155 164 26
3827 155 168 24
3828 155 173 49
3829 155 175 48
3830 155 178 1
3831 155 182 19
3832 155 194 22
3833 156 168 46
3834 156 169 29
3835 156 177 49
3836 156 181 4
3837 156 186 22
3838 156 187 2
3839 156 189 7
3840 156 190 49
3841 156 196 40
3842 157 161 7
3843 157 163 14
3844 157 168 39
3845 157 173 48
3846 157 181 18
3847 157 187 14
3848 157 192 35
3849 158 162 42
3850 158 163 39
3851 158 165 4
3852 158 167 1
3853 158 168 11
3854 158 169 18
3855 158 171 45
3856 158 181 42
3857 158 186 5
3858 159 163 30
3859 159 165 26
3860 159 169 30
3861 159 173 14
3862 159 176 25
3863 159 199 42
3864 160 163 14
3865 160 173 50
3866 160 176 28
3867 160 178 28
3868 160 179 46
3869 160 186 21
3870 160 189 17
3871 160 195 29
3872 160 197 28
3873 160 199 15
3874 161 168 27
3875 161 175 23
3876 161 177 26
3877 161 180 36
3878 161 185 37
3879 161 186 43
3880 161 187 43
3881 161 190 1
3882 161 195 38
3883 161 197 6
3884 162 166 3
3885 162 179 11
3886 162 181 13
3887 162 184 24
3888 162 188 24
3889 162 190 37
3890 162 191 44
3891 162 192 4
3892 162 193 21
3893 162 194 31
3894 162 195 17
3895 162 198 34
3896 162 199 49
3897 163 166 34
3898 163 168 9
3899 163 181 48
3900 163 184 23
3901 163 185 31
3902 163 188 8
3903 163 190 39
3904 163 193 45
3905 163 194 3
3906 164 168 49
3907 164 172 2
3908 164 174 43
3909 164 179 46
3910 164 183 41
3911 164 186 50
3912 164 188 44
3913 164 189 50
3914 164 194 16
3915 164 196 45
3916 164 197 31
3917 164 198 30
3918 165 167 15
3919 165 169 35
3920 165 170 7
3921 165 183 6
3922 165 186 19
3923 165 197 28
3924 166 172 29
3925 166 175 16
3926 166 186 1
3927 166 189 33
3928 167 170 18
3929 167 172 35
3930 167 176 10
3931 167 181 22
3932 167 187 25
3933 167 197 7
3934 168 175 45
3935 168 176 49
3936 168 181 18
3937 168 182 28
3938 168 191 49
3939 168 193 29
3940 168 194 26
3941 169 174 14
3942 169 182 34
3943 169 188 26
3944 169 189 26
3945 169 196 50
3946 169 198 11
3947 170 172 29
3948 170 173 14
3949 170 187 18
3950 170 197 22
3951 171 173 17
3952 171 179 6
3953 171 183 37
3954 171 184 21
3955 171 186 22
3956 171 189 14
3957 171 191 4
3958 171 193 11
3959 171 195 48
3960 172 180 31
3961 172 181 16
3962 172 183 30
3963 172 184 46
3964 172 186 1
3965 172 192 23
3966 172 193 3
3967 172 194 30
3968 172 195 50
3969 172 199 44
3970 173 178 34
3971 173 180 3
3972 173 186 14
3973 173 189 45
3974 173 192 31
3975 173 195 13
3976 174 185 42
3977 175 178 26
3978 176 180 28
3979 176 186 6
3980 176 189 44
3981 176 194 15
3982 176 199 3
3983 177 181 31
3984 177 184 40
3985 177 186 33
3986 177 187 6
3987 177 189 25
3988 177 193 19
3989 177 195 5
3990 177 197 1
3991 177 199 47
3992 178 180 13
3993 178 190 39
3994 178 193 39
3995 179 184 3
3996 179 186 21
3997 180 189 42
3998 180 191 5
3999 180 197 27
4000 181 184 35
4001 181 185 37
4002 181 190 4
4003 181 195 5
4004 181 196 10
4005 181 198 14
4006 182 184 10
4007 182 186 11
4008 182 196 43
4009 183 187 50
4010 183 189 15
4011 183 197 29
4012 183 198 40
4013 184 187 17
4014 184 196 37
4015 185 186 14
4016 185 194 24
4017 185 197 15
4018 186 187 5
4019 186 188 29
4020 186 196 18
4021 187 191 11
4022 187 195 13
4023 187 198 10
4024 187 199 8
4025 188 190 31
4026 188 191 9
4027 188 197 49
4028 189 191 6
4029 189 194 26
4030 190 195 28
4031 191 193 7
4032 191 195 18
4033 191 196 5
4034 191 198 38
4035 191 199 41
4036 192 198 31
4037 193 199 3
4038 194 195 18
4039 194 198 20
4040 195 198 44
4041 195 199 37
4042 197 198 44
