200 3944 25 25
0 21
1 12
2 23
3 13
4 4
5 24
6 17
7 23
8 22
9 2
10 11
11 23
12 3
13 23
14 10
15 17
16 15
17 25
18 10
19 5
20 1
21 22
22 17
23 7
24 6
25 11
26 2
27 17
28 10
29 18
30 1
31 15
32 22
33 4
34 18
35 22
36 18
37 9
38 10
39 20
40 17
41 13
42 19
43 3
44 6
45 13
46 24
47 11
48 2
49 16
50 9
51 19
52 25
53 11
54 22
55 15
56 10
57 22
58 11
59 15
60 13
61 2
62 17
63 11
64 3
65 11
66 2
67 3
68 1
69 2
70 14
71 3
72 14
73 17
74 21
75 7
76 25
77 12
78 10
79 20
80 17
81 6
82 23
83 9
84 19
85 16
86 21
87 9
88 7
89 15
90 5
91 4
92 22
93 9
94 6
95 13
96 16
97 10
98 1
99 24
100 13
101 15
102 5
103 24
104 20
105 9
106 24
107 24
108 25
109 8
110 9
111 16
112 19
113 2
114 13
115 11
116 4
117 6
118 22
119 17
120 8
121 5
122 4
123 10
124 1
125 22
126 19
127 7
128 9
129 6
130 17
131 1
132 23
133 17
134 20
135 23
136 7
137 10
138 2
139 23
140 8
141 9
142 20
143 1
144 18
145 21
146 19
147 4
148 16
149 20
150 25
151 5
152 6
153 25
154 11
155 6
156 2
157 9
158 10
159 18
160 9
161 10
162 1
163 20
164 20
165 18
166 5
167 11
168 17
169 10
170 16
171 2
172 15
173 12
174 17
175 20
176 7
177 23
178 7
179 14
180 11
181 22
182 4
183 11
184 9
185 23
186 14
187 2
188 4
189 2
190 23
191 17
192 1
193 8
194 7
195 8
196 17
197 20
198 22
199 15
0 0 12 13
1 0 13 8
2 0 19 15
3 0 25 23
4 0 34 8
5 0 38 3
6 0 43 12
7 0 44 6
8 0 55 18
9 0 57 18
10 0 58 7
11 0 60 15
12 0 91 5
13 0 93 23
14 0 97 5
15 0 102 25
16 0 105 7
17 0 108 2
18 0 111 3
19 0 113 6
20 0 115 20
21 0 116 18
22 0 118 21
23 0 127 15
24 0 147 14
25 0 149 4
26 0 157 16
27 0 162 24
28 0 163 3
29 0 167 4
30 0 170 4
31 0 176 8
32 0 184 13
33 0 190 7
34 0 197 25
35 1 3 2
36 1 5 24
37 1 12 8
38 1 14 7
39 1 17 9
40 1 18 13
41 1 20 9
42 1 25 25
43 1 30 6
44 1 39 2
45 1 45 22
46 1 49 17
47 1 52 6
48 1 62 9
49 1 64 13
50 1 66 11
51 1 72 9
52 1 74 1
53 1 80 3
54 1 93 7
55 1 95 12
56 1 98 24
57 1 99 14
58 1 101 2
59 1 103 8
60 1 104 16
61 1 118 20
62 1 119 22
63 1 120 21
64 1 140 25
65 1 145 11
66 1 147 2
67 1 149 8
68 1 151 25
69 1 154 7
70 1 161 20
71 1 165 22
72 1 166 13
73 1 173 9
74 1 175 5
75 1 178 21
76 1 179 14
77 1 181 1
78 1 182 12
79 1 184 13
80 1 186 2
81 1 195 20
82 2 10 6
83 2 13 21
84 2 25 25
85 2 26 2
86 2 28 1
87 2 39 13
88 2 40 8
89 2 46 17
90 2 50 19
91 2 58 11
92 2 67 19
93 2 77 9
94 2 80 7
95 2 81 20
96 2 85 8
97 2 86 25
98 2 101 21
99 2 102 25
100 2 103 15
101 2 104 18
102 2 105 22
103 2 106 12
104 2 108 25
105 2 110 24
106 2 114 13
107 2 123 4
108 2 124 12
109 2 126 8
110 2 137 7
111 2 139 14
112 2 142 23
113 2 149 24
114 2 150 8
115 2 153 24
116 2 155 6
117 2 159 20
118 2 162 7
119 2 166 21
120 2 185 9
121 2 186 23
122 2 187 3
123 2 192 5
124 2 194 1
125 2 198 16
126 3 5 9
127 3 9 1
128 3 28 10
129 3 35 16
130 3 38 2
131 3 42 24
132 3 62 9
133 3 63 18
134 3 65 15
135 3 68 10
136 3 69 6
137 3 83 8
138 3 84 14
139 3 88 3
140 3 101 7
141 3 104 5
142 3 107 17
143 3 119 23
144 3 138 21
145 3 145 24
146 3 151 12
147 3 168 9
148 3 170 16
149 3 194 8
150 4 7 12
151 4 9 25
152 4 15 25
153 4 16 19
154 4 20 13
155 4 25 5
156 4 31 13
157 4 32 21
158 4 33 17
159 4 34 17
160 4 39 21
161 4 53 11
162 4 64 21
163 4 76 18
164 4 77 3
165 4 85 9
166 4 88 10
167 4 94 20
168 4 96 15
169 4 102 25
170 4 103 8
171 4 105 18
172 4 110 16
173 4 111 16
174 4 118 11
175 4 122 19
176 4 126 3
177 4 130 9
178 4 134 22
179 4 135 8
180 4 136 9
181 4 139 24
182 4 145 2
183 4 149 1
184 4 154 15
185 4 158 24
186 4 168 16
187 4 175 23
188 4 177 11
189 4 181 7
190 4 183 3
191 4 184 15
192 4 191 24
193 4 193 25
194 4 194 14
195 5 10 25
196 5 14 9
197 5 18 12
198 5 19 6
199 5 32 22
200 5 33 7
201 5 36 8
202 5 40 4
203 5 41 7
204 5 45 13
205 5 62 4
206 5 66 14
207 5 69 24
208 5 70 19
209 5 71 20
210 5 77 24
211 5 78 5
212 5 90 16
213 5 91 14
214 5 112 7
215 5 120 14
216 5 122 15
217 5 140 5
218 5 145 14
219 5 146 19
220 5 148 15
221 5 150 4
222 5 162 9
223 5 163 25
224 5 172 3
225 5 174 9
226 5 179 24
227 5 184 18
228 5 192 11
229 5 194 18
230 5 197 21
231 6 14 16
232 6 28 10
233 6 39 4
234 6 40 7
235 6 41 21
236 6 43 3
237 6 47 7
238 6 49 6
239 6 51 21
240 6 56 15
241 6 59 8
242 6 61 21
243 6 65 1
244 6 70 3
245 6 72 23
246 6 73 20
247 6 75 8
248 6 77 5
249 6 85 6
250 6 92 10
251 6 93 23
252 6 99 2
253 6 100 23
254 6 102 14
255 6 103 6
256 6 104 19
257 6 108 7
258 6 115 6
259 6 116 6
260 6 126 4
261 6 130 12
262 6 132 2
263 6 140 17
264 6 151 1
265 6 157 24
266 6 170 13
267 6 173 18
268 6 179 1
269 6 190 21
270 6 191 7
271 6 192 6
272 7 15 25
273 7 23 16
274 7 25 18
275 7 27 11
276 7 29 16
277 7 32 21
278 7 34 7
279 7 50 12
280 7 51 6
281 7 52 18
282 7 58 25
283 7 63 6
284 7 65 17
285 7 68 8
286 7 71 23
287 7 77 14
288 7 81 11
289 7 86 23
290 7 96 1
291 7 100 11
292 7 105 24
293 7 108 25
294 7 113 14
295 7 115 22
296 7 123 7
297 7 124 20
298 7 130 23
299 7 137 1
300 7 139 14
301 7 142 8
302 7 149 20
303 7 150 14
304 7 153 21
305 7 155 4
306 7 174 8
307 7 189 15
308 7 192 7
309 7 197 13
310 8 14 24
311 8 25 23
312 8 29 18
313 8 31 9
314 8 33 24
315 8 51 20
316 8 53 20
317 8 56 5
318 8 60 2
319 8 64 21
320 8 66 21
321 8 68 2
322 8 72 18
323 8 74 12
324 8 81 3
325 8 83 24
326 8 84 14
327 8 87 1
328 8 89 6
329 8 94 24
330 8 98 16
331 8 100 16
332 8 105 6
333 8 109 16
334 8 121 3
335 8 123 18
336 8 124 5
337 8 127 5
338 8 133 10
339 8 154 9
340 8 158 2
341 8 159 7
342 8 162 7
343 8 163 5
344 8 170 13
345 8 176 5
346 8 183 2
347 8 184 5
348 8 187 21
349 8 188 23
350 8 193 18
351 8 196 14
352 8 197 20
353 9 10 19
354 9 12 15
355 9 15 23
356 9 26 14
357 9 28 19
358 9 32 7
359 9 40 16
360 9 43 10
361 9 45 19
362 9 51 20
363 9 56 22
364 9 57 4
365 9 62 4
366 9 65 18
367 9 70 23
368 9 89 23
369 9 91 5
370 9 95 19
371 9 110 7
372 9 117 14
373 9 127 1
374 9 128 1
375 9 134 9
376 9 140 13
377 9 143 21
378 9 152 10
379 9 153 7
380 9 156 20
381 9 159 23
382 9 171 7
383 9 172 16
384 9 174 7
385 9 177 2
386 9 183 17
387 9 184 17
388 9 187 5
389 9 193 19
390 9 194 20
391 10 22 8
392 10 27 17
393 10 37 4
394 10 45 2
395 10 48 2
396 10 52 15
397 10 61 21
398 10 64 4
399 10 73 2
400 10 76 13
401 10 93 22
402 10 108 24
403 10 109 11
404 10 110 14
405 10 116 11
406 10 117 15
407 10 118 3
408 10 123 7
409 10 126 5
410 10 135 25
411 10 136 1
412 10 139 20
413 10 140 1
414 10 144 8
415 10 147 3
416 10 151 3
417 10 166 24
418 10 168 20
419 10 181 20
420 10 194 2
421 10 199 11
422 11 21 12
423 11 22 18
424 11 34 9
425 11 38 18
426 11 45 13
427 11 52 2
428 11 56 12
429 11 61 5
430 11 71 17
431 11 73 18
432 11 77 1
433 11 83 11
434 11 85 22
435 11 96 24
436 11 99 16
437 11 104 19
438 11 120 22
439 11 121 2
440 11 123 2
441 11 133 10
442 11 134 2
443 11 140 14
444 11 143 20
445 11 147 18
446 11 148 2
447 11 149 8
448 11 161 10
449 11 164 10
450 11 166 13
451 11 175 1
452 11 181 10
453 11 197 16
454 11 199 2
455 12 28 15
456 12 31 20
457 12 33 25
458 12 35 11
459 12 37 3
460 12 43 11
461 12 45 6
462 12 48 25
463 12 59 11
464 12 60 15
465 12 61 6
466 12 74 5
467 12 75 13
468 12 76 18
469 12 78 2
470 12 79 24
471 12 89 16
472 12 91 14
473 12 99 15
474 12 105 1
475 12 106 9
476 12 108 6
477 12 110 20
478 12 114 21
479 12 116 12
480 12 117 4
481 12 120 8
482 12 123 13
483 12 140 11
484 12 143 7
485 12 148 15
486 12 152 10
487 12 157 4
488 12 165 16
489 12 166 9
490 12 167 8
491 12 168 16
492 12 170 6
493 12 172 21
494 12 182 14
495 12 191 8
496 12 192 10
497 12 195 4
498 12 196 11
499 12 197 8
500 12 199 22
501 13 18 14
502 13 22 22
503 13 24 2
504 13 25 15
505 13 29 21
506 13 35 21
507 13 39 20
508 13 40 11
509 13 41 8
510 13 43 10
511 13 47 14
512 13 51 6
513 13 63 16
514 13 66 2
515 13 75 22
516 13 76 11
517 13 78 17
518 13 86 4
519 13 88 23
520 13 89 22
521 13 99 9
522 13 101 16
523 13 109 16
524 13 119 18
525 13 121 7
526 13 127 8
527 13 129 1
528 13 130 16
529 13 134 21
530 13 136 19
531 13 142 2
532 13 146 23
533 13 151 5
534 13 152 7
535 13 153 22
536 13 154 9
537 13 159 22
538 13 164 23
539 13 165 16
540 13 169 10
541 13 174 11
542 13 192 22
543 13 196 18
544 14 16 20
545 14 21 10
546 14 23 4
547 14 26 22
548 14 40 10
549 14 41 14
550 14 45 22
551 14 46 5
552 14 47 9
553 14 48 4
554 14 49 24
555 14 50 7
556 14 51 3
557 14 52 21
558 14 55 24
559 14 59 11
560 14 62 21
561 14 67 17
562 14 72 9
563 14 75 7
564 14 81 16
565 14 87 21
566 14 91 14
567 14 92 19
568 14 102 14
569 14 104 14
570 14 105 16
571 14 113 25
572 14 114 5
573 14 115 19
574 14 120 21
575 14 121 14
576 14 130 4
577 14 132 17
578 14 133 18
579 14 136 14
580 14 138 3
581 14 141 22
582 14 144 10
583 14 146 11
584 14 157 20
585 14 165 3
586 14 168 10
587 14 170 17
588 14 176 2
589 14 177 5
590 14 190 18
591 14 195 1
592 14 197 5
593 14 198 23
594 15 18 12
595 15 20 24
596 15 24 5
597 15 25 19
598 15 26 7
599 15 27 22
600 15 33 6
601 15 34 8
602 15 38 22
603 15 59 5
604 15 61 16
605 15 63 18
606 15 68 11
607 15 73 20
608 15 77 13
609 15 80 18
610 15 85 17
611 15 87 10
612 15 94 9
613 15 105 4
614 15 113 2
615 15 118 17
616 15 123 18
617 15 128 10
618 15 129 4
619 15 133 18
620 15 137 1
621 15 138 5
622 15 139 16
623 15 142 8
624 15 143 10
625 15 147 2
626 15 150 19
627 15 152 9
628 15 155 14
629 15 157 7
630 15 171 7
631 15 172 4
632 15 173 7
633 15 178 9
634 15 181 18
635 15 193 20
636 16 29 3
637 16 32 8
638 16 34 14
639 16 37 21
640 16 39 17
641 16 51 20
642 16 56 20
643 16 61 16
644 16 66 8
645 16 68 21
646 16 77 8
647 16 82 17
648 16 83 8
649 16 84 24
650 16 87 12
651 16 93 25
652 16 111 22
653 16 112 16
654 16 116 14
655 16 117 6
656 16 118 14
657 16 121 18
658 16 122 2
659 16 126 16
660 16 142 1
661 16 146 1
662 16 149 6
663 16 150 22
664 16 160 25
665 16 161 14
666 16 165 11
667 16 169 7
668 16 170 12
669 16 181 5
670 16 188 15
671 16 190 5
672 16 196 2
673 17 18 1
674 17 23 15
675 17 29 1
676 17 37 8
677 17 38 22
678 17 42 12
679 17 43 15
680 17 50 6
681 17 55 14
682 17 59 3
683 17 63 18
684 17 65 4
685 17 70 22
686 17 74 24
687 17 76 21
688 17 78 17
689 17 82 23
690 17 83 21
691 17 85 14
692 17 91 9
693 17 92 20
694 17 94 15
695 17 95 2
696 17 99 16
697 17 106 17
698 17 107 2
699 17 116 17
700 17 121 10
701 17 124 17
702 17 128 18
703 17 131 22
704 17 132 5
705 17 137 17
706 17 139 21
707 17 140 18
708 17 141 13
709 17 142 16
710 17 168 19
711 17 174 7
712 17 194 18
713 17 196 12
714 18 31 12
715 18 35 24
716 18 49 21
717 18 67 18
718 18 68 22
719 18 71 25
720 18 79 7
721 18 85 19
722 18 86 3
723 18 89 21
724 18 92 25
725 18 93 12
726 18 95 12
727 18 104 16
728 18 106 5
729 18 107 4
730 18 110 4
731 18 112 7
732 18 114 13
733 18 117 4
734 18 119 18
735 18 124 7
736 18 133 23
737 18 147 19
738 18 150 24
739 18 159 11
740 18 163 8
741 18 165 13
742 18 171 14
743 18 180 13
744 18 183 12
745 18 187 23
746 18 197 16
747 18 199 23
748 19 28 2
749 19 32 19
750 19 34 12
751 19 37 14
752 19 38 18
753 19 44 18
754 19 49 18
755 19 52 8
756 19 53 24
757 19 56 7
758 19 66 16
759 19 70 14
760 19 73 19
761 19 75 25
762 19 79 23
763 19 85 14
764 19 86 5
765 19 90 3
766 19 93 4
767 19 105 4
768 19 115 6
769 19 123 19
770 19 128 14
771 19 138 20
772 19 139 12
773 19 146 6
774 19 147 18
775 19 152 15
776 19 157 23
777 19 166 7
778 19 168 20
779 19 177 24
780 19 179 22
781 19 184 17
782 19 190 16
783 19 193 21
784 19 198 7
785 20 32 11
786 20 38 1
787 20 40 18
788 20 42 8
789 20 43 21
790 20 44 24
791 20 47 10
792 20 59 19
793 20 60 24
794 20 75 18
795 20 76 4
796 20 78 1
797 20 79 21
798 20 88 10
799 20 91 21
800 20 95 12
801 20 104 8
802 20 105 17
803 20 106 14
804 20 116 4
805 20 121 18
806 20 122 11
807 20 133 12
808 20 140 2
809 20 143 23
810 20 157 23
811 20 178 17
812 20 180 13
813 20 183 8
814 20 188 13
815 20 190 10
816 21 25 11
817 21 28 5
818 21 31 22
819 21 33 4
820 21 36 13
821 21 44 25
822 21 46 1
823 21 49 21
824 21 51 16
825 21 55 7
826 21 60 20
827 21 62 18
828 21 65 13
829 21 66 6
830 21 68 12
831 21 71 16
832 21 77 9
833 21 80 17
834 21 83 11
835 21 92 21
836 21 101 25
837 21 106 6
838 21 112 18
839 21 117 9
840 21 131 5
841 21 134 19
842 21 140 2
843 21 142 16
844 21 145 13
845 21 146 8
846 21 151 1
847 21 161 4
848 21 162 3
849 21 164 18
850 21 167 25
851 21 172 14
852 21 175 9
853 21 179 9
854 21 180 4
855 21 181 6
856 21 190 22
857 21 191 21
858 21 194 13
859 21 198 20
860 22 25 2
861 22 28 11
862 22 33 17
863 22 34 17
864 22 36 13
865 22 37 8
866 22 38 6
867 22 40 9
868 22 43 4
869 22 44 20
870 22 48 20
871 22 60 11
872 22 66 10
873 22 67 6
874 22 73 4
875 22 77 8
876 22 85 1
877 22 89 23
878 22 91 1
879 22 97 3
880 22 98 2
881 22 101 8
882 22 105 5
883 22 108 11
884 22 109 7
885 22 118 2
886 22 126 21
887 22 131 23
888 22 134 19
889 22 137 4
890 22 148 13
891 22 151 2
892 22 156 15
893 22 163 18
894 22 166 7
895 22 174 9
896 22 199 8
897 23 27 2
898 23 30 9
899 23 33 5
900 23 35 6
901 23 41 10
902 23 53 14
903 23 61 20
904 23 63 10
905 23 68 10
906 23 72 8
907 23 73 9
908 23 74 2
909 23 76 10
910 23 89 5
911 23 91 23
912 23 92 1
913 23 95 11
914 23 104 19
915 23 105 23
916 23 108 24
917 23 110 21
918 23 118 8
919 23 126 4
920 23 130 12
921 23 132 17
922 23 133 7
923 23 135 8
924 23 138 1
925 23 140 21
926 23 146 6
927 23 149 11
928 23 152 1
929 23 155 11
930 23 157 2
931 23 158 11
932 23 165 8
933 23 168 9
934 23 169 24
935 23 170 2
936 23 180 5
937 23 183 8
938 23 191 3
939 24 25 19
940 24 28 9
941 24 32 11
942 24 38 15
943 24 47 19
944 24 51 20
945 24 55 23
946 24 66 16
947 24 71 12
948 24 73 21
949 24 77 19
950 24 80 20
951 24 83 12
952 24 84 1
953 24 87 23
954 24 88 6
955 24 103 1
956 24 108 2
957 24 110 18
958 24 115 2
959 24 116 3
960 24 124 21
961 24 125 19
962 24 126 7
963 24 127 10
964 24 131 17
965 24 134 11
966 24 135 6
967 24 138 19
968 24 143 15
969 24 158 12
970 24 168 16
971 24 170 11
972 24 177 14
973 24 184 25
974 24 187 10
975 24 196 9
976 24 197 5
977 25 34 8
978 25 36 18
979 25 37 1
980 25 39 2
981 25 41 16
982 25 58 14
983 25 73 10
984 25 83 18
985 25 90 5
986 25 92 3
987 25 93 10
988 25 98 17
989 25 100 24
990 25 103 21
991 25 110 11
992 25 112 7
993 25 114 3
994 25 123 7
995 25 125 20
996 25 126 16
997 25 133 23
998 25 136 14
999 25 149 8
1000 25 151 1
1001 25 154 23
1002 25 159 20
1003 25 163 21
1004 25 166 21
1005 25 183 13
1006 25 184 3
1007 25 187 16
1008 26 28 5
1009 26 34 19
1010 26 36 12
1011 26 37 15
1012 26 40 7
1013 26 44 21
1014 26 55 3
1015 26 57 2
1016 26 59 19
1017 26 61 14
1018 26 64 7
1019 26 72 12
1020 26 77 19
1021 26 81 6
1022 26 91 18
1023 26 101 22
1024 26 103 3
1025 26 107 21
1026 26 115 11
1027 26 119 4
1028 26 120 6
1029 26 123 18
1030 26 126 5
1031 26 134 22
1032 26 146 17
1033 26 153 3
1034 26 172 18
1035 26 175 5
1036 26 179 11
1037 26 184 9
1038 26 186 23
1039 26 192 3
1040 26 197 23
1041 27 30 7
1042 27 38 23
1043 27 40 25
1044 27 41 9
1045 27 42 5
1046 27 45 7
1047 27 48 3
1048 27 55 15
1049 27 58 14
1050 27 60 24
1051 27 66 22
1052 27 69 17
1053 27 88 6
1054 27 90 24
1055 27 93 1
1056 27 104 6
1057 27 109 25
1058 27 113 15
1059 27 116 18
1060 27 122 4
1061 27 127 21
1062 27 133 21
1063 27 134 4
1064 27 135 21
1065 27 138 7
1066 27 140 7
1067 27 141 10
1068 27 151 20
1069 27 152 22
1070 27 157 8
1071 27 158 16
1072 27 161 7
1073 27 162 11
1074 27 174 19
1075 27 176 17
1076 27 177 22
1077 27 189 15
1078 27 199 5
1079 28 29 11
1080 28 31 7
1081 28 33 6
1082 28 36 2
1083 28 44 15
1084 28 50 14
1085 28 63 11
1086 28 66 19
1087 28 68 17
1088 28 73 17
1089 28 74 21
1090 28 75 6
1091 28 76 5
1092 28 89 20
1093 28 103 13
1094 28 106 11
1095 28 116 23
1096 28 117 15
1097 28 130 18
1098 28 132 6
1099 28 136 15
1100 28 139 8
1101 28 144 15
1102 28 147 12
1103 28 162 8
1104 28 172 24
1105 28 181 7
1106 29 42 5
1107 29 43 9
1108 29 50 4
1109 29 55 24
1110 29 63 6
1111 29 72 7
1112 29 77 16
1113 29 78 17
1114 29 85 13
1115 29 90 12
1116 29 97 3
1117 29 102 24
1118 29 110 20
1119 29 111 21
1120 29 118 24
1121 29 127 12
1122 29 131 16
1123 29 133 12
1124 29 135 17
1125 29 136 10
1126 29 137 20
1127 29 138 10
1128 29 139 1
1129 29 146 19
1130 29 151 19
1131 29 152 14
1132 29 172 18
1133 29 175 19
1134 29 181 17
1135 29 197 23
1136 30 34 8
1137 30 41 12
1138 30 42 24
1139 30 44 18
1140 30 46 7
1141 30 50 21
1142 30 52 22
1143 30 64 19
1144 30 67 6
1145 30 76 17
1146 30 81 13
1147 30 84 20
1148 30 88 23
1149 30 94 14
1150 30 96 15
1151 30 98 10
1152 30 104 5
1153 30 115 4
1154 30 118 23
1155 30 120 5
1156 30 121 21
1157 30 125 22
1158 30 127 19
1159 30 137 3
1160 30 149 13
1161 30 158 19
1162 30 159 24
1163 30 165 2
1164 30 169 13
1165 30 172 8
1166 30 183 10
1167 30 191 22
1168 30 194 9
1169 31 44 23
1170 31 47 14
1171 31 51 21
1172 31 57 17
1173 31 58 14
1174 31 59 20
1175 31 60 7
1176 31 64 20
1177 31 72 1
1178 31 73 19
1179 31 75 21
1180 31 83 5
1181 31 87 25
1182 31 93 10
1183 31 98 2
1184 31 100 11
1185 31 103 2
1186 31 104 22
1187 31 106 1
1188 31 110 1
1189 31 114 12
1190 31 115 2
1191 31 119 21
1192 31 128 7
1193 31 132 4
1194 31 140 18
1195 31 142 6
1196 31 143 2
1197 31 150 16
1198 31 153 22
1199 31 157 13
1200 31 160 8
1201 31 168 19
1202 31 177 2
1203 31 179 22
1204 31 182 11
1205 31 192 9
1206 32 33 10
1207 32 34 9
1208 32 38 8
1209 32 45 18
1210 32 51 6
1211 32 56 20
1212 32 64 6
1213 32 79 5
1214 32 84 23
1215 32 85 15
1216 32 93 13
1217 32 95 21
1218 32 99 21
1219 32 108 10
1220 32 116 18
1221 32 121 5
1222 32 123 4
1223 32 124 19
1224 32 130 17
1225 32 132 13
1226 32 137 19
1227 32 143 3
1228 32 145 19
1229 32 152 9
1230 32 157 2
1231 32 169 24
1232 32 173 8
1233 32 174 17
1234 32 177 6
1235 32 180 25
1236 32 184 9
1237 32 186 24
1238 32 189 18
1239 32 193 3
1240 32 197 14
1241 33 43 18
1242 33 56 16
1243 33 57 21
1244 33 58 6
1245 33 81 19
1246 33 83 21
1247 33 87 8
1248 33 92 10
1249 33 99 18
1250 33 111 12
1251 33 112 19
1252 33 118 5
1253 33 119 3
1254 33 123 17
1255 33 124 9
1256 33 127 17
1257 33 130 22
1258 33 132 25
1259 33 133 20
1260 33 135 16
1261 33 137 20
1262 33 144 4
1263 33 148 6
1264 33 149 23
1265 33 153 22
1266 33 162 6
1267 33 168 24
1268 33 171 7
1269 33 173 2
1270 33 175 1
1271 33 179 18
1272 33 190 17
1273 33 194 10
1274 34 45 20
1275 34 48 19
1276 34 54 1
1277 34 55 15
1278 34 56 15
1279 34 59 9
1280 34 63 13
1281 34 64 19
1282 34 67 16
1283 34 82 25
1284 34 86 8
1285 34 87 10
1286 34 91 14
1287 34 93 25
1288 34 94 1
1289 34 95 19
1290 34 96 24
1291 34 99 3
1292 34 107 18
1293 34 112 12
1294 34 114 22
1295 34 119 6
1296 34 129 4
1297 34 130 21
1298 34 132 11
1299 34 135 21
1300 34 136 24
1301 34 143 25
1302 34 158 4
1303 34 160 20
1304 34 164 23
1305 34 165 13
1306 34 166 25
1307 34 176 4
1308 34 177 18
1309 34 182 6
1310 34 185 20
1311 34 190 2
1312 35 38 22
1313 35 44 9
1314 35 49 13
1315 35 51 1
1316 35 67 17
1317 35 70 1
1318 35 73 7
1319 35 80 16
1320 35 87 7
1321 35 88 16
1322 35 91 11
1323 35 92 11
1324 35 98 15
1325 35 107 21
1326 35 108 22
1327 35 111 21
1328 35 117 6
1329 35 118 20
1330 35 119 18
1331 35 121 9
1332 35 127 17
1333 35 132 9
1334 35 139 9
1335 35 142 4
1336 35 149 24
1337 35 155 14
1338 35 161 16
1339 35 162 3
1340 35 163 8
1341 35 165 3
1342 35 168 12
1343 35 171 24
1344 35 172 5
1345 35 177 10
1346 35 183 16
1347 35 184 18
1348 35 186 13
1349 35 188 18
1350 35 189 4
1351 35 190 6
1352 35 199 6
1353 36 48 9
1354 36 50 23
1355 36 54 12
1356 36 55 2
1357 36 61 1
1358 36 64 7
1359 36 67 7
1360 36 72 14
1361 36 74 14
1362 36 78 8
1363 36 84 7
1364 36 87 7
1365 36 88 20
1366 36 91 24
1367 36 96 14
1368 36 97 25
1369 36 105 12
1370 36 115 18
1371 36 121 17
1372 36 124 8
1373 36 128 10
1374 36 129 18
1375 36 137 18
1376 36 141 18
1377 36 144 16
1378 36 149 23
1379 36 157 6
1380 36 162 15
1381 36 180 5
1382 36 181 18
1383 36 188 17
1384 37 43 21
1385 37 50 15
1386 37 67 25
1387 37 82 5
1388 37 83 8
1389 37 84 11
1390 37 85 8
1391 37 86 10
1392 37 91 5
1393 37 92 21
1394 37 109 13
1395 37 110 15
1396 37 117 20
1397 37 118 17
1398 37 119 16
1399 37 122 23
1400 37 123 22
1401 37 133 15
1402 37 135 3
1403 37 141 6
1404 37 143 2
1405 37 145 11
1406 37 149 8
1407 37 150 5
1408 37 152 9
1409 37 153 4
1410 37 154 18
1411 37 156 20
1412 37 157 24
1413 37 159 1
1414 37 160 2
1415 37 161 21
1416 37 162 7
1417 37 166 11
1418 37 173 5
1419 37 176 7
1420 37 179 20
1421 37 192 17
1422 37 196 3
1423 38 51 9
1424 38 60 17
1425 38 63 5
1426 38 66 21
1427 38 69 18
1428 38 74 9
1429 38 79 21
1430 38 92 18
1431 38 94 22
1432 38 107 20
1433 38 109 2
1434 38 113 23
1435 38 121 19
1436 38 123 4
1437 38 129 6
1438 38 133 10
1439 38 134 2
1440 38 146 17
1441 38 149 9
1442 38 154 16
1443 38 167 10
1444 38 176 10
1445 38 182 6
1446 38 188 4
1447 38 195 5
1448 38 196 11
1449 39 42 9
1450 39 45 13
1451 39 52 9
1452 39 59 3
1453 39 61 13
1454 39 65 15
1455 39 71 6
1456 39 73 10
1457 39 74 2
1458 39 75 16
1459 39 85 4
1460 39 95 23
1461 39 102 21
1462 39 108 13
1463 39 121 16
1464 39 133 20
1465 39 134 21
1466 39 135 1
1467 39 137 12
1468 39 139 22
1469 39 143 17
1470 39 148 21
1471 39 164 3
1472 39 172 25
1473 39 185 13
1474 39 190 19
1475 39 192 24
1476 39 198 24
1477 39 199 21
1478 40 41 15
1479 40 50 4
1480 40 63 6
1481 40 65 10
1482 40 71 5
1483 40 74 24
1484 40 80 14
1485 40 83 19
1486 40 85 5
1487 40 87 22
1488 40 88 16
1489 40 90 11
1490 40 100 3
1491 40 109 3
1492 40 110 24
1493 40 111 2
1494 40 112 19
1495 40 121 2
1496 40 123 1
1497 40 124 25
1498 40 131 15
1499 40 139 4
1500 40 140 5
1501 40 153 20
1502 40 156 21
1503 40 171 4
1504 40 172 5
1505 40 173 8
1506 40 175 6
1507 40 179 7
1508 40 181 25
1509 40 199 20
1510 41 48 6
1511 41 49 1
1512 41 56 1
1513 41 61 24
1514 41 63 3
1515 41 67 24
1516 41 70 21
1517 41 90 19
1518 41 92 24
1519 41 99 4
1520 41 109 10
1521 41 110 20
1522 41 113 5
1523 41 116 3
1524 41 121 8
1525 41 129 11
1526 41 144 18
1527 41 149 17
1528 41 151 13
1529 41 157 24
1530 41 170 5
1531 41 172 2
1532 41 173 14
1533 41 186 3
1534 41 197 2
1535 42 54 10
1536 42 56 8
1537 42 59 17
1538 42 62 10
1539 42 64 23
1540 42 73 14
1541 42 74 22
1542 42 82 20
1543 42 83 18
1544 42 84 14
1545 42 86 23
1546 42 89 14
1547 42 93 13
1548 42 95 14
1549 42 98 6
1550 42 99 10
1551 42 108 12
1552 42 116 14
1553 42 118 6
1554 42 119 6
1555 42 125 19
1556 42 130 14
1557 42 137 14
1558 42 139 8
1559 42 140 21
1560 42 143 4
1561 42 145 1
1562 42 158 15
1563 42 163 11
1564 42 164 25
1565 42 167 15
1566 42 173 20
1567 42 175 2
1568 42 176 12
1569 42 187 15
1570 42 193 17
1571 42 194 25
1572 43 46 25
1573 43 50 24
1574 43 53 25
1575 43 55 22
1576 43 59 16
1577 43 67 5
1578 43 76 14
1579 43 77 17
1580 43 78 7
1581 43 96 24
1582 43 99 15
1583 43 102 23
1584 43 106 6
1585 43 110 22
1586 43 111 5
1587 43 129 10
1588 43 141 20
1589 43 145 8
1590 43 150 11
1591 43 154 15
1592 43 158 24
1593 43 160 16
1594 43 164 19
1595 43 168 12
1596 43 169 7
1597 43 173 3
1598 43 179 9
1599 43 181 2
1600 43 183 3
1601 43 188 1
1602 43 195 18
1603 43 196 14
1604 43 197 6
1605 44 47 21
1606 44 48 10
1607 44 55 11
1608 44 66 1
1609 44 78 25
1610 44 85 13
1611 44 86 8
1612 44 88 5
1613 44 92 7
1614 44 97 3
1615 44 98 19
1616 44 105 7
1617 44 106 25
1618 44 110 9
1619 44 120 14
1620 44 125 22
1621 44 126 22
1622 44 133 3
1623 44 134 18
1624 44 137 24
1625 44 141 5
1626 44 143 13
1627 44 158 17
1628 44 160 8
1629 44 168 8
1630 44 169 18
1631 44 170 9
1632 44 181 18
1633 44 183 18
1634 44 184 3
1635 44 192 18
1636 45 48 6
1637 45 55 13
1638 45 61 19
1639 45 62 25
1640 45 63 12
1641 45 71 20
1642 45 78 20
1643 45 83 2
1644 45 86 17
1645 45 87 18
1646 45 98 12
1647 45 101 20
1648 45 103 15
1649 45 105 4
1650 45 107 23
1651 45 108 24
1652 45 109 4
1653 45 110 17
1654 45 114 6
1655 45 115 5
1656 45 119 20
1657 45 123 14
1658 45 125 5
1659 45 128 21
1660 45 129 25
1661 45 135 14
1662 45 139 23
1663 45 142 6
1664 45 148 4
1665 45 154 22
1666 45 163 5
1667 45 169 15
1668 45 181 5
1669 45 184 1
1670 45 187 11
1671 45 198 23
1672 46 47 12
1673 46 50 15
1674 46 53 19
1675 46 54 23
1676 46 58 24
1677 46 68 9
1678 46 79 14
1679 46 84 2
1680 46 89 11
1681 46 95 5
1682 46 97 4
1683 46 110 10
1684 46 121 11
1685 46 129 6
1686 46 140 8
1687 46 150 22
1688 46 154 19
1689 46 155 25
1690 46 157 21
1691 46 160 17
1692 46 161 9
1693 46 171 22
1694 46 173 17
1695 46 174 19
1696 46 185 10
1697 46 187 11
1698 46 194 7
1699 46 199 23
1700 47 49 4
1701 47 50 14
1702 47 62 4
1703 47 70 6
1704 47 96 22
1705 47 98 19
1706 47 99 14
1707 47 100 18
1708 47 103 6
1709 47 111 23
1710 47 116 14
1711 47 120 15
1712 47 121 17
1713 47 126 3
1714 47 128 8
1715 47 135 16
1716 47 145 12
1717 47 152 24
1718 47 153 2
1719 47 170 10
1720 47 171 3
1721 47 176 23
1722 47 177 7
1723 47 190 19
1724 47 194 17
1725 47 197 2
1726 48 52 4
1727 48 53 17
1728 48 61 1
1729 48 62 8
1730 48 68 16
1731 48 71 20
1732 48 79 14
1733 48 85 19
1734 48 87 22
1735 48 88 16
1736 48 111 19
1737 48 112 14
1738 48 117 17
1739 48 123 21
1740 48 129 7
1741 48 130 4
1742 48 139 16
1743 48 150 11
1744 48 158 12
1745 48 161 6
1746 48 169 3
1747 48 172 17
1748 48 174 15
1749 48 177 14
1750 48 178 10
1751 48 179 16
1752 48 181 20
1753 48 183 25
1754 48 186 10
1755 48 192 15
1756 48 193 23
1757 49 53 3
1758 49 60 19
1759 49 63 10
1760 49 66 10
1761 49 68 3
1762 49 76 3
1763 49 81 15
1764 49 84 3
1765 49 91 7
1766 49 96 21
1767 49 102 1
1768 49 109 7
1769 49 111 11
1770 49 115 21
1771 49 116 18
1772 49 117 20
1773 49 121 23
1774 49 130 24
1775 49 132 14
1776 49 137 16
1777 49 146 7
1778 49 152 20
1779 49 166 15
1780 49 172 15
1781 49 180 17
1782 49 190 5
1783 49 191 14
1784 49 196 5
1785 49 197 1
1786 49 198 7
1787 50 55 9
1788 50 66 8
1789 50 70 18
1790 50 76 11
1791 50 77 6
1792 50 80 23
1793 50 81 8
1794 50 85 14
1795 50 90 1
1796 50 106 2
1797 50 107 18
1798 50 119 16
1799 50 120 19
1800 50 133 15
1801 50 143 15
1802 50 145 3
1803 50 158 23
1804 50 178 17
1805 50 186 7
1806 50 190 13
1807 50 192 22
1808 50 193 23
1809 50 195 21
1810 50 199 8
1811 51 57 24
1812 51 66 20
1813 51 67 7
1814 51 74 4
1815 51 91 24
1816 51 108 12
1817 51 118 5
1818 51 127 17
1819 51 131 22
1820 51 133 9
1821 51 142 7
1822 51 159 3
1823 51 161 24
1824 51 163 11
1825 51 164 9
1826 51 176 7
1827 51 186 17
1828 51 187 23
1829 51 188 7
1830 51 196 13
1831 51 198 17
1832 52 53 21
1833 52 55 19
1834 52 58 25
1835 52 60 11
1836 52 66 3
1837 52 78 15
1838 52 82 6
1839 52 85 23
1840 52 88 5
1841 52 90 5
1842 52 91 2
1843 52 96 19
1844 52 100 6
1845 52 101 4
1846 52 107 25
1847 52 110 10
1848 52 117 1
1849 52 121 21
1850 52 124 15
1851 52 128 16
1852 52 132 14
1853 52 135 25
1854 52 136 1
1855 52 139 8
1856 52 140 3
1857 52 143 12
1858 52 150 2
1859 52 153 12
1860 52 154 2
1861 52 160 9
1862 52 164 8
1863 52 170 24
1864 52 174 8
1865 52 176 20
1866 52 180 15
1867 52 184 17
1868 52 194 9
1869 52 199 14
1870 53 58 21
1871 53 63 19
1872 53 66 24
1873 53 69 3
1874 53 71 25
1875 53 77 2
1876 53 83 13
1877 53 84 7
1878 53 86 5
1879 53 87 10
1880 53 92 20
1881 53 95 23
1882 53 109 13
1883 53 117 6
1884 53 119 9
1885 53 124 20
1886 53 126 11
1887 53 132 6
1888 53 134 13
1889 53 144 15
1890 53 148 8
1891 53 149 22
1892 53 152 10
1893 53 155 23
1894 53 156 6
1895 53 161 11
1896 53 165 22
1897 53 166 4
1898 53 167 9
1899 53 180 24
1900 53 184 5
1901 53 187 5
1902 53 199 13
1903 54 71 3
1904 54 73 7
1905 54 74 9
1906 54 78 11
1907 54 87 5
1908 54 91 15
1909 54 102 23
1910 54 103 8
1911 54 108 12
1912 54 111 20
1913 54 114 19
1914 54 117 5
1915 54 123 11
1916 54 129 9
1917 54 130 18
1918 54 132 20
1919 54 135 4
1920 54 138 7
1921 54 146 17
1922 54 147 9
1923 54 150 13
1924 54 153 1
1925 54 155 8
1926 54 158 5
1927 54 159 24
1928 54 161 6
1929 54 165 5
1930 54 166 11
1931 54 169 18
1932 54 170 21
1933 54 174 22
1934 54 186 21
1935 55 61 9
1936 55 75 15
1937 55 77 9
1938 55 79 7
1939 55 86 9
1940 55 103 18
1941 55 105 17
1942 55 107 17
1943 55 108 1
1944 55 117 23
1945 55 119 23
1946 55 124 25
1947 55 127 8
1948 55 143 25
1949 55 144 18
1950 55 154 19
1951 55 163 1
1952 55 165 21
1953 55 166 7
1954 55 172 5
1955 55 173 9
1956 55 182 1
1957 55 186 23
1958 55 199 3
1959 56 57 7
1960 56 59 9
1961 56 69 16
1962 56 70 8
1963 56 76 10
1964 56 81 17
1965 56 85 23
1966 56 92 24
1967 56 98 24
1968 56 101 9
1969 56 106 4
1970 56 110 20
1971 56 111 24
1972 56 112 5
1973 56 114 10
1974 56 120 22
1975 56 127 8
1976 56 133 11
1977 56 138 16
1978 56 148 6
1979 56 154 12
1980 56 157 17
1981 56 159 4
1982 56 167 10
1983 56 170 16
1984 56 172 24
1985 56 176 5
1986 56 178 9
1987 56 179 24
1988 56 186 23
1989 56 188 19
1990 56 197 16
1991 56 199 3
1992 57 63 3
1993 57 65 16
1994 57 69 18
1995 57 95 12
1996 57 99 24
1997 57 101 22
1998 57 108 4
1999 57 118 12
2000 57 125 4
2001 57 128 5
2002 57 131 1
2003 57 134 22
2004 57 149 5
2005 57 151 19
2006 57 159 1
2007 57 169 19
2008 57 172 3
2009 57 175 10
2010 57 182 10
2011 57 193 8
2012 57 199 18
2013 58 67 5
2014 58 73 6
2015 58 78 25
2016 58 100 13
2017 58 101 19
2018 58 102 6
2019 58 104 14
2020 58 106 14
2021 58 108 17
2022 58 110 1
2023 58 113 13
2024 58 145 23
2025 58 147 10
2026 58 149 23
2027 58 152 10
2028 58 153 7
2029 58 155 13
2030 58 162 20
2031 58 183 5
2032 58 185 8
2033 58 186 1
2034 58 187 3
2035 58 196 9
2036 59 67 20
2037 59 71 5
2038 59 77 23
2039 59 87 9
2040 59 91 20
2041 59 95 5
2042 59 100 11
2043 59 103 11
2044 59 105 20
2045 59 109 8
2046 59 110 4
2047 59 119 23
2048 59 121 5
2049 59 122 17
2050 59 124 11
2051 59 127 6
2052 59 128 25
2053 59 139 15
2054 59 141 7
2055 59 154 14
2056 59 160 7
2057 59 161 17
2058 59 164 16
2059 59 165 17
2060 59 167 15
2061 59 173 22
2062 59 175 2
2063 59 176 8
2064 59 182 5
2065 59 185 16
2066 59 190 7
2067 59 198 23
2068 60 65 2
2069 60 72 15
2070 60 74 19
2071 60 77 20
2072 60 78 16
2073 60 85 13
2074 60 87 24
2075 60 89 4
2076 60 96 14
2077 60 99 14
2078 60 100 10
2079 60 104 12
2080 60 109 13
2081 60 110 19
2082 60 113 25
2083 60 114 9
2084 60 116 20
2085 60 133 6
2086 60 138 11
2087 60 142 24
2088 60 143 1
2089 60 144 7
2090 60 146 14
2091 60 160 10
2092 60 165 5
2093 60 178 5
2094 60 179 12
2095 60 180 1
2096 60 188 2
2097 60 191 5
2098 60 198 18
2099 61 63 22
2100 61 64 20
2101 61 66 9
2102 61 71 7
2103 61 73 1
2104 61 79 23
2105 61 83 17
2106 61 92 7
2107 61 100 9
2108 61 106 10
2109 61 117 15
2110 61 119 13
2111 61 120 3
2112 61 123 21
2113 61 124 8
2114 61 142 24
2115 61 146 23
2116 61 160 25
2117 61 162 19
2118 61 175 22
2119 61 179 13
2120 61 183 10
2121 61 194 21
2122 61 195 7
2123 61 196 16
2124 62 64 20
2125 62 65 20
2126 62 72 25
2127 62 74 10
2128 62 79 22
2129 62 86 18
2130 62 87 19
2131 62 89 20
2132 62 99 3
2133 62 109 14
2134 62 113 13
2135 62 118 8
2136 62 121 16
2137 62 125 9
2138 62 127 11
2139 62 137 23
2140 62 140 13
2141 62 144 10
2142 62 145 20
2143 62 159 24
2144 62 162 13
2145 62 163 23
2146 62 164 12
2147 62 168 5
2148 62 169 11
2149 62 171 9
2150 62 178 8
2151 62 181 14
2152 62 182 8
2153 62 184 2
2154 62 189 25
2155 62 190 5
2156 63 66 18
2157 63 73 19
2158 63 74 7
2159 63 80 12
2160 63 92 16
2161 63 95 19
2162 63 97 8
2163 63 104 25
2164 63 116 13
2165 63 118 21
2166 63 133 5
2167 63 134 12
2168 63 136 7
2169 63 140 22
2170 63 155 8
2171 63 165 15
2172 63 171 17
2173 63 174 8
2174 63 182 23
2175 63 193 2
2176 63 196 5
2177 64 73 20
2178 64 74 16
2179 64 75 11
2180 64 77 25
2181 64 78 18
2182 64 80 21
2183 64 82 12
2184 64 83 25
2185 64 87 7
2186 64 89 17
2187 64 106 25
2188 64 107 2
2189 64 130 19
2190 64 132 11
2191 64 134 14
2192 64 136 21
2193 64 137 22
2194 64 140 25
2195 64 142 18
2196 64 146 16
2197 64 148 8
2198 64 149 20
2199 64 178 21
2200 64 189 10
2201 64 192 1
2202 65 69 19
2203 65 76 8
2204 65 92 18
2205 65 96 25
2206 65 98 5
2207 65 99 17
2208 65 100 6
2209 65 111 18
2210 65 112 9
2211 65 115 22
2212 65 119 1
2213 65 122 20
2214 65 129 24
2215 65 131 5
2216 65 133 23
2217 65 134 11
2218 65 151 6
2219 65 152 2
2220 65 153 7
2221 65 173 8
2222 65 175 18
2223 65 180 12
2224 65 181 18
2225 65 190 8
2226 65 191 25
2227 65 193 14
2228 65 198 4
2229 66 71 22
2230 66 78 13
2231 66 84 24
2232 66 92 16
2233 66 94 11
2234 66 95 1
2235 66 99 22
2236 66 100 21
2237 66 102 4
2238 66 105 12
2239 66 123 7
2240 66 134 3
2241 66 146 19
2242 66 159 21
2243 66 171 23
2244 66 186 5
2245 66 187 5
2246 66 189 4
2247 66 190 18
2248 66 196 17
2249 66 197 4
2250 66 198 14
2251 67 68 13
2252 67 79 14
2253 67 82 18
2254 67 84 5
2255 67 89 3
2256 67 106 4
2257 67 107 15
2258 67 111 4
2259 67 117 7
2260 67 125 12
2261 67 138 9
2262 67 147 15
2263 67 157 25
2264 67 158 18
2265 67 159 3
2266 67 167 5
2267 67 169 24
2268 67 173 24
2269 67 175 22
2270 67 177 24
2271 67 180 19
2272 67 185 15
2273 67 189 1
2274 67 190 10
2275 67 194 10
2276 67 196 22
2277 68 69 12
2278 68 70 22
2279 68 82 12
2280 68 83 8
2281 68 85 9
2282 68 94 16
2283 68 102 16
2284 68 105 17
2285 68 121 8
2286 68 124 2
2287 68 126 22
2288 68 132 6
2289 68 135 13
2290 68 145 12
2291 68 146 11
2292 68 161 12
2293 68 166 24
2294 68 174 18
2295 68 182 7
2296 68 183 2
2297 68 190 5
2298 68 191 17
2299 68 199 4
2300 69 71 15
2301 69 75 13
2302 69 81 21
2303 69 82 1
2304 69 84 10
2305 69 89 7
2306 69 92 14
2307 69 93 11
2308 69 100 5
2309 69 114 15
2310 69 118 19
2311 69 136 20
2312 69 147 14
2313 69 156 16
2314 69 157 20
2315 69 159 12
2316 69 162 19
2317 69 174 24
2318 69 178 24
2319 69 183 11
2320 69 189 9
2321 69 192 8
2322 69 197 22
2323 70 75 18
2324 70 79 5
2325 70 81 6
2326 70 89 19
2327 70 103 7
2328 70 107 6
2329 70 108 21
2330 70 110 9
2331 70 113 22
2332 70 120 2
2333 70 126 23
2334 70 133 2
2335 70 140 23
2336 70 144 4
2337 70 146 21
2338 70 154 22
2339 70 168 19
2340 70 170 10
2341 70 197 9
2342 70 198 24
2343 71 85 14
2344 71 86 22
2345 71 93 20
2346 71 101 18
2347 71 103 1
2348 71 104 11
2349 71 108 7
2350 71 117 22
2351 71 129 16
2352 71 130 5
2353 71 132 19
2354 71 143 18
2355 71 151 5
2356 71 158 15
2357 71 161 16
2358 71 163 25
2359 71 164 18
2360 71 169 16
2361 71 170 17
2362 71 173 22
2363 71 190 1
2364 71 192 21
2365 71 198 9
2366 71 199 3
2367 72 76 8
2368 72 85 17
2369 72 91 3
2370 72 92 2
2371 72 94 2
2372 72 101 15
2373 72 105 12
2374 72 111 9
2375 72 120 25
2376 72 121 8
2377 72 122 13
2378 72 123 22
2379 72 126 14
2380 72 136 20
2381 72 137 10
2382 72 140 2
2383 72 141 5
2384 72 150 18
2385 72 155 1
2386 72 165 20
2387 72 166 9
2388 72 176 7
2389 72 178 2
2390 72 179 8
2391 72 186 9
2392 72 189 16
2393 72 194 20
2394 72 196 1
2395 72 198 23
2396 72 199 24
2397 73 76 22
2398 73 77 12
2399 73 84 10
2400 73 88 4
2401 73 93 21
2402 73 95 2
2403 73 98 23
2404 73 105 22
2405 73 110 12
2406 73 118 24
2407 73 120 3
2408 73 139 14
2409 73 147 1
2410 73 160 20
2411 73 161 7
2412 73 166 3
2413 73 167 25
2414 73 168 23
2415 73 169 2
2416 73 174 23
2417 73 180 23
2418 73 189 24
2419 73 190 20
2420 73 192 4
2421 73 196 16
2422 73 198 12
2423 74 84 6
2424 74 93 25
2425 74 95 7
2426 74 96 12
2427 74 97 7
2428 74 99 15
2429 74 114 13
2430 74 115 6
2431 74 122 12
2432 74 124 11
2433 74 126 19
2434 74 129 5
2435 74 133 21
2436 74 135 23
2437 74 136 21
2438 74 142 9
2439 74 157 13
2440 74 172 4
2441 74 180 9
2442 74 187 15
2443 74 197 21
2444 75 79 12
2445 75 90 11
2446 75 103 11
2447 75 110 16
2448 75 113 11
2449 75 123 17
2450 75 128 1
2451 75 130 1
2452 75 136 18
2453 75 137 19
2454 75 151 23
2455 75 154 25
2456 75 156 14
2457 75 160 14
2458 75 169 23
2459 75 180 20
2460 75 184 4
2461 75 186 16
2462 75 190 20
2463 75 199 21
2464 76 83 11
2465 76 85 14
2466 76 88 14
2467 76 93 12
2468 76 99 6
2469 76 108 7
2470 76 113 5
2471 76 115 20
2472 76 127 15
2473 76 128 14
2474 76 131 4
2475 76 136 23
2476 76 139 17
2477 76 141 17
2478 76 145 5
2479 76 148 22
2480 76 154 18
2481 76 159 3
2482 76 167 20
2483 76 168 7
2484 76 170 13
2485 76 176 9
2486 76 178 23
2487 76 183 5
2488 76 196 5
2489 77 94 10
2490 77 107 22
2491 77 114 23
2492 77 117 13
2493 77 123 17
2494 77 125 7
2495 77 129 11
2496 77 130 18
2497 77 138 3
2498 77 146 23
2499 77 157 3
2500 77 181 24
2501 77 183 15
2502 77 191 10
2503 78 86 22
2504 78 88 15
2505 78 90 2
2506 78 93 10
2507 78 99 8
2508 78 100 1
2509 78 102 22
2510 78 104 1
2511 78 114 7
2512 78 116 21
2513 78 117 18
2514 78 122 7
2515 78 126 18
2516 78 127 2
2517 78 134 10
2518 78 136 24
2519 78 140 4
2520 78 143 15
2521 78 147 19
2522 78 151 23
2523 78 158 24
2524 78 173 5
2525 78 176 10
2526 78 178 8
2527 78 182 11
2528 78 183 25
2529 78 186 11
2530 78 187 18
2531 78 190 8
2532 78 191 16
2533 79 83 13
2534 79 96 18
2535 79 104 6
2536 79 108 2
2537 79 109 17
2538 79 115 13
2539 79 119 15
2540 79 124 16
2541 79 125 14
2542 79 137 12
2543 79 144 5
2544 79 151 4
2545 79 152 3
2546 79 161 17
2547 79 163 8
2548 79 175 2
2549 79 178 4
2550 79 197 23
2551 79 198 18
2552 80 84 11
2553 80 85 3
2554 80 94 17
2555 80 99 10
2556 80 103 16
2557 80 108 22
2558 80 112 24
2559 80 121 12
2560 80 122 3
2561 80 124 10
2562 80 125 2
2563 80 132 22
2564 80 133 9
2565 80 141 25
2566 80 142 8
2567 80 146 16
2568 80 159 15
2569 80 165 21
2570 80 176 25
2571 80 180 24
2572 80 181 17
2573 80 182 20
2574 80 187 17
2575 80 193 18
2576 81 90 8
2577 81 98 17
2578 81 101 2
2579 81 107 14
2580 81 114 10
2581 81 116 20
2582 81 121 14
2583 81 139 3
2584 81 144 14
2585 81 149 20
2586 81 157 19
2587 81 159 4
2588 81 165 7
2589 81 166 7
2590 81 172 7
2591 81 181 24
2592 81 189 10
2593 81 194 3
2594 81 196 16
2595 82 87 11
2596 82 88 5
2597 82 90 10
2598 82 92 14
2599 82 100 5
2600 82 108 17
2601 82 110 7
2602 82 116 14
2603 82 118 20
2604 82 126 1
2605 82 130 9
2606 82 134 5
2607 82 144 9
2608 82 146 3
2609 82 147 16
2610 82 152 18
2611 82 158 14
2612 82 179 17
2613 82 180 9
2614 82 193 4
2615 82 196 1
2616 83 86 14
2617 83 91 21
2618 83 99 13
2619 83 108 15
2620 83 110 24
2621 83 118 10
2622 83 123 1
2623 83 133 8
2624 83 137 19
2625 83 139 3
2626 83 166 25
2627 83 175 15
2628 83 181 11
2629 83 182 14
2630 83 183 21
2631 83 189 6
2632 83 191 6
2633 83 192 22
2634 83 195 1
2635 84 85 4
2636 84 98 1
2637 84 99 9
2638 84 102 8
2639 84 106 21
2640 84 108 9
2641 84 110 23
2642 84 113 24
2643 84 116 10
2644 84 118 4
2645 84 119 6
2646 84 125 16
2647 84 132 8
2648 84 135 4
2649 84 148 3
2650 84 151 10
2651 84 163 12
2652 84 168 17
2653 84 183 16
2654 84 186 6
2655 84 191 8
2656 84 197 1
2657 85 97 17
2658 85 100 14
2659 85 105 24
2660 85 118 18
2661 85 127 24
2662 85 134 14
2663 85 157 23
2664 85 162 19
2665 85 164 18
2666 85 170 22
2667 85 171 14
2668 85 177 10
2669 85 179 24
2670 85 185 22
2671 86 87 14
2672 86 104 3
2673 86 105 8
2674 86 108 3
2675 86 117 4
2676 86 120 18
2677 86 121 17
2678 86 127 8
2679 86 128 16
2680 86 133 25
2681 86 134 13
2682 86 137 5
2683 86 143 2
2684 86 157 7
2685 86 159 2
2686 86 160 3
2687 86 166 12
2688 86 170 12
2689 86 175 8
2690 86 181 9
2691 86 183 10
2692 86 187 8
2693 86 191 11
2694 86 197 6
2695 87 94 1
2696 87 103 13
2697 87 114 1
2698 87 119 18
2699 87 120 17
2700 87 128 18
2701 87 129 12
2702 87 130 16
2703 87 135 15
2704 87 137 25
2705 87 138 2
2706 87 147 9
2707 87 150 13
2708 87 160 7
2709 87 162 21
2710 87 167 10
2711 87 174 17
2712 87 175 5
2713 87 179 4
2714 87 190 25
2715 87 191 9
2716 87 193 7
2717 87 197 7
2718 87 199 18
2719 88 89 7
2720 88 95 12
2721 88 97 13
2722 88 99 24
2723 88 100 1
2724 88 103 16
2725 88 106 22
2726 88 115 20
2727 88 118 5
2728 88 121 6
2729 88 130 23
2730 88 135 3
2731 88 139 3
2732 88 150 7
2733 88 151 6
2734 88 154 21
2735 88 155 11
2736 88 156 6
2737 88 158 23
2738 88 167 7
2739 88 172 4
2740 88 176 22
2741 88 179 9
2742 88 195 9
2743 89 91 4
2744 89 94 10
2745 89 102 2
2746 89 103 15
2747 89 105 20
2748 89 109 18
2749 89 112 1
2750 89 116 5
2751 89 119 5
2752 89 120 19
2753 89 131 6
2754 89 145 25
2755 89 153 8
2756 89 156 22
2757 89 163 9
2758 89 166 16
2759 89 189 16
2760 89 194 5
2761 89 195 10
2762 90 95 11
2763 90 108 16
2764 90 114 14
2765 90 117 23
2766 90 120 14
2767 90 123 11
2768 90 125 22
2769 90 128 10
2770 90 137 25
2771 90 141 15
2772 90 145 5
2773 90 154 16
2774 90 156 4
2775 90 160 19
2776 90 165 17
2777 90 172 11
2778 90 173 10
2779 90 181 12
2780 90 185 3
2781 90 187 20
2782 90 191 18
2783 91 95 23
2784 91 96 18
2785 91 118 1
2786 91 120 18
2787 91 124 21
2788 91 127 15
2789 91 138 15
2790 91 143 22
2791 91 147 7
2792 91 157 8
2793 91 176 8
2794 91 177 25
2795 91 182 24
2796 91 183 2
2797 91 185 1
2798 91 187 14
2799 91 195 12
2800 91 196 2
2801 91 199 10
2802 92 94 21
2803 92 98 14
2804 92 103 4
2805 92 111 21
2806 92 112 15
2807 92 121 1
2808 92 125 16
2809 92 128 18
2810 92 138 9
2811 92 140 3
2812 92 141 7
2813 92 148 7
2814 92 149 22
2815 92 150 19
2816 92 152 2
2817 92 154 5
2818 92 156 10
2819 92 157 11
2820 92 162 20
2821 92 163 19
2822 92 166 21
2823 92 175 10
2824 92 177 24
2825 92 186 25
2826 92 196 13
2827 92 198 14
2828 93 97 14
2829 93 101 14
2830 93 109 7
2831 93 111 10
2832 93 119 6
2833 93 125 18
2834 93 139 2
2835 93 146 16
2836 93 147 24
2837 93 148 22
2838 93 156 6
2839 93 158 25
2840 93 162 16
2841 93 169 6
2842 93 173 15
2843 93 174 12
2844 93 177 12
2845 93 179 20
2846 93 180 12
2847 93 192 1
2848 93 193 6
2849 94 101 9
2850 94 102 19
2851 94 108 23
2852 94 114 6
2853 94 115 23
2854 94 116 8
2855 94 117 18
2856 94 123 2
2857 94 126 15
2858 94 127 13
2859 94 129 5
2860 94 141 7
2861 94 143 11
2862 94 147 4
2863 94 150 19
2864 94 154 18
2865 94 159 22
2866 94 177 20
2867 94 178 20
2868 94 180 8
2869 94 186 24
2870 94 191 12
2871 94 194 23
2872 94 196 5
2873 95 123 3
2874 95 129 17
2875 95 135 4
2876 95 159 5
2877 95 163 21
2878 95 166 24
2879 95 169 16
2880 95 173 21
2881 95 179 5
2882 95 180 20
2883 95 185 4
2884 95 189 6
2885 95 196 6
2886 96 101 9
2887 96 111 13
2888 96 119 21
2889 96 124 5
2890 96 125 19
2891 96 129 23
2892 96 134 21
2893 96 139 11
2894 96 141 10
2895 96 142 18
2896 96 151 23
2897 96 156 22
2898 96 161 17
2899 96 162 10
2900 96 167 3
2901 96 169 19
2902 96 175 13
2903 96 180 15
2904 96 181 4
2905 96 194 20
2906 96 195 17
2907 96 196 6
2908 96 197 3
2909 97 104 14
2910 97 110 13
2911 97 111 12
2912 97 114 9
2913 97 119 18
2914 97 120 3
2915 97 121 22
2916 97 123 23
2917 97 124 10
2918 97 127 12
2919 97 135 20
2920 97 136 22
2921 97 146 7
2922 97 150 10
2923 97 153 8
2924 97 164 12
2925 97 174 24
2926 97 180 7
2927 97 196 3
2928 98 104 19
2929 98 106 3
2930 98 108 8
2931 98 115 13
2932 98 118 11
2933 98 123 20
2934 98 132 15
2935 98 136 19
2936 98 142 10
2937 98 147 25
2938 98 155 17
2939 98 157 23
2940 98 160 18
2941 98 165 8
2942 98 166 6
2943 98 171 6
2944 98 178 14
2945 98 180 14
2946 98 182 21
2947 98 186 17
2948 98 188 12
2949 98 190 16
2950 98 194 10
2951 98 198 4
2952 99 101 11
2953 99 103 4
2954 99 105 14
2955 99 106 14
2956 99 108 23
2957 99 110 23
2958 99 111 9
2959 99 125 25
2960 99 128 23
2961 99 130 18
2962 99 139 7
2963 99 148 11
2964 99 149 8
2965 99 151 10
2966 99 157 12
2967 99 168 2
2968 99 177 25
2969 99 187 16
2970 99 195 13
2971 99 197 5
2972 100 102 2
2973 100 105 21
2974 100 111 19
2975 100 126 16
2976 100 130 22
2977 100 136 10
2978 100 138 17
2979 100 139 4
2980 100 141 1
2981 100 142 16
2982 100 146 11
2983 100 147 10
2984 100 148 23
2985 100 150 17
2986 100 160 10
2987 100 162 2
2988 100 171 22
2989 100 173 17
2990 100 174 9
2991 100 180 22
2992 100 181 22
2993 100 188 3
2994 100 191 4
2995 101 103 18
2996 101 110 15
2997 101 117 25
2998 101 119 9
2999 101 121 14
3000 101 132 25
3001 101 134 6
3002 101 138 24
3003 101 139 4
3004 101 141 9
3005 101 143 11
3006 101 144 13
3007 101 147 3
3008 101 148 14
3009 101 160 3
3010 101 162 10
3011 101 168 15
3012 101 177 24
3013 101 189 3
3014 102 103 2
3015 102 105 7
3016 102 106 13
3017 102 107 10
3018 102 109 15
3019 102 110 20
3020 102 119 3
3021 102 124 4
3022 102 126 17
3023 102 127 17
3024 102 136 11
3025 102 140 18
3026 102 144 18
3027 102 148 2
3028 102 160 6
3029 102 163 9
3030 102 164 9
3031 102 171 4
3032 102 172 23
3033 102 182 18
3034 102 191 21
3035 102 195 4
3036 103 108 23
3037 103 113 4
3038 103 119 9
3039 103 121 14
3040 103 126 9
3041 103 133 5
3042 103 134 20
3043 103 143 19
3044 103 145 4
3045 103 146 15
3046 103 147 14
3047 103 154 25
3048 103 162 13
3049 103 169 20
3050 103 174 9
3051 103 178 13
3052 103 185 16
3053 103 186 19
3054 104 120 5
3055 104 121 22
3056 104 133 24
3057 104 140 19
3058 104 152 9
3059 104 153 5
3060 104 154 9
3061 104 156 12
3062 104 160 10
3063 104 161 13
3064 104 168 22
3065 104 170 11
3066 104 172 7
3067 104 183 17
3068 104 184 11
3069 104 196 24
3070 104 197 8
3071 105 106 19
3072 105 116 25
3073 105 118 12
3074 105 120 24
3075 105 121 17
3076 105 125 25
3077 105 129 8
3078 105 132 22
3079 105 142 25
3080 105 143 24
3081 105 145 23
3082 105 146 15
3083 105 154 8
3084 105 163 25
3085 105 170 9
3086 105 175 22
3087 105 187 8
3088 105 189 15
3089 106 108 9
3090 106 113 13
3091 106 117 5
3092 106 122 5
3093 106 129 21
3094 106 159 1
3095 106 160 21
3096 106 166 12
3097 106 170 2
3098 106 173 12
3099 106 175 4
3100 106 185 17
3101 106 191 18
3102 107 124 18
3103 107 127 18
3104 107 131 16
3105 107 140 19
3106 107 150 16
3107 107 152 25
3108 107 160 6
3109 107 161 17
3110 107 164 7
3111 107 168 23
3112 107 171 9
3113 107 179 12
3114 107 187 23
3115 107 191 18
3116 107 197 25
3117 108 110 12
3118 108 116 12
3119 108 134 8
3120 108 144 5
3121 108 145 22
3122 108 157 8
3123 108 159 4
3124 108 160 21
3125 108 161 12
3126 108 164 2
3127 108 179 8
3128 108 184 16
3129 108 189 10
3130 108 199 14
3131 109 113 10
3132 109 118 14
3133 109 119 8
3134 109 123 1
3135 109 126 19
3136 109 128 15
3137 109 134 18
3138 109 147 25
3139 109 149 14
3140 109 150 22
3141 109 154 18
3142 109 158 4
3143 109 159 5
3144 109 170 14
3145 109 177 5
3146 109 178 14
3147 109 179 25
3148 109 181 20
3149 109 190 8
3150 109 193 23
3151 109 194 17
3152 109 196 5
3153 109 199 8
3154 110 129 6
3155 110 138 20
3156 110 146 15
3157 110 154 23
3158 110 156 21
3159 110 160 16
3160 110 165 9
3161 110 170 11
3162 110 183 4
3163 110 186 17
3164 110 190 7
3165 110 191 17
3166 110 192 11
3167 110 196 11
3168 111 112 18
3169 111 119 4
3170 111 120 17
3171 111 126 18
3172 111 134 5
3173 111 135 4
3174 111 137 14
3175 111 142 23
3176 111 143 15
3177 111 149 18
3178 111 153 24
3179 111 159 1
3180 111 163 17
3181 111 166 10
3182 111 168 19
3183 111 169 23
3184 111 172 11
3185 111 175 8
3186 111 176 9
3187 111 181 19
3188 111 182 18
3189 111 183 25
3190 111 187 16
3191 111 188 25
3192 111 195 16
3193 112 113 22
3194 112 119 14
3195 112 128 8
3196 112 133 9
3197 112 136 25
3198 112 137 18
3199 112 140 10
3200 112 159 12
3201 112 164 25
3202 112 171 1
3203 112 172 16
3204 112 173 4
3205 112 175 25
3206 112 188 5
3207 112 192 1
3208 112 195 20
3209 112 196 23
3210 113 124 4
3211 113 137 19
3212 113 147 13
3213 113 151 23
3214 113 158 16
3215 113 168 1
3216 113 170 10
3217 113 171 13
3218 113 173 20
3219 113 180 24
3220 113 181 8
3221 113 182 9
3222 113 189 3
3223 113 192 17
3224 113 193 15
3225 114 122 9
3226 114 125 5
3227 114 136 19
3228 114 147 13
3229 114 152 25
3230 114 156 25
3231 114 160 3
3232 114 161 12
3233 114 167 11
3234 114 168 25
3235 114 188 5
3236 114 189 21
3237 114 191 9
3238 114 197 5
3239 115 119 8
3240 115 120 8
3241 115 122 5
3242 115 123 23
3243 115 133 1
3244 115 139 16
3245 115 143 1
3246 115 145 3
3247 115 158 8
3248 115 162 19
3249 115 164 6
3250 115 170 4
3251 115 182 6
3252 115 194 15
3253 115 195 7
3254 115 199 21
3255 116 117 6
3256 116 122 23
3257 116 124 4
3258 116 126 20
3259 116 129 23
3260 116 131 12
3261 116 149 6
3262 116 150 8
3263 116 154 24
3264 116 163 23
3265 116 171 13
3266 116 179 5
3267 116 183 19
3268 116 193 21
3269 116 199 10
3270 117 121 4
3271 117 122 17
3272 117 124 13
3273 117 125 10
3274 117 126 5
3275 117 127 20
3276 117 152 1
3277 117 156 5
3278 117 161 22
3279 117 170 25
3280 117 185 21
3281 117 199 12
3282 118 119 16
3283 118 122 4
3284 118 126 6
3285 118 127 21
3286 118 130 5
3287 118 131 16
3288 118 133 15
3289 118 136 21
3290 118 137 6
3291 118 140 24
3292 118 141 9
3293 118 149 4
3294 118 159 13
3295 118 171 19
3296 118 177 9
3297 118 181 18
3298 118 190 13
3299 119 120 9
3300 119 125 12
3301 119 126 19
3302 119 130 23
3303 119 131 21
3304 119 134 25
3305 119 155 10
3306 119 160 14
3307 119 169 11
3308 119 171 6
3309 119 175 23
3310 119 180 7
3311 119 182 11
3312 119 187 25
3313 119 195 17
3314 119 199 6
3315 120 138 7
3316 120 142 13
3317 120 147 5
3318 120 152 12
3319 120 172 14
3320 120 180 20
3321 120 185 14
3322 120 186 21
3323 120 187 7
3324 120 190 14
3325 120 195 11
3326 120 198 14
3327 121 137 7
3328 121 144 3
3329 121 149 25
3330 121 156 2
3331 121 158 24
3332 121 159 24
3333 121 160 2
3334 121 162 9
3335 121 172 21
3336 121 183 5
3337 121 190 15
3338 121 195 8
3339 122 133 7
3340 122 148 15
3341 122 153 21
3342 122 159 4
3343 122 161 16
3344 122 164 19
3345 122 175 1
3346 122 181 17
3347 122 187 7
3348 122 190 1
3349 122 191 2
3350 122 193 15
3351 122 195 23
3352 123 125 2
3353 123 126 16
3354 123 132 3
3355 123 133 8
3356 123 143 8
3357 123 148 14
3358 123 153 23
3359 123 157 8
3360 123 168 20
3361 123 169 10
3362 123 173 22
3363 123 175 20
3364 123 178 22
3365 123 182 9
3366 123 184 22
3367 123 185 12
3368 123 187 9
3369 124 128 18
3370 124 131 5
3371 124 135 13
3372 124 145 1
3373 124 148 12
3374 124 151 12
3375 124 152 17
3376 124 153 4
3377 124 159 1
3378 124 162 18
3379 124 166 4
3380 124 167 10
3381 124 169 7
3382 124 178 2
3383 124 179 9
3384 124 190 12
3385 124 196 14
3386 124 197 22
3387 125 142 21
3388 125 146 20
3389 125 149 19
3390 125 160 6
3391 125 162 12
3392 125 168 3
3393 125 172 8
3394 125 173 1
3395 125 175 16
3396 125 176 14
3397 125 192 9
3398 125 193 9
3399 125 194 23
3400 125 196 17
3401 125 197 1
3402 125 199 2
3403 126 134 19
3404 126 149 4
3405 126 153 1
3406 126 159 10
3407 126 167 9
3408 126 168 20
3409 126 171 17
3410 126 179 19
3411 126 182 6
3412 126 183 19
3413 126 187 2
3414 126 195 25
3415 126 197 25
3416 126 198 25
3417 127 129 20
3418 127 133 13
3419 127 136 17
3420 127 138 13
3421 127 143 8
3422 127 147 14
3423 127 148 10
3424 127 156 14
3425 127 157 1
3426 127 160 15
3427 127 161 18
3428 127 164 7
3429 127 165 7
3430 127 166 6
3431 127 180 14
3432 127 182 17
3433 127 183 5
3434 127 184 7
3435 127 186 11
3436 127 189 6
3437 127 190 20
3438 127 191 25
3439 127 194 21
3440 127 196 20
3441 127 197 20
3442 127 198 22
3443 128 130 12
3444 128 134 15
3445 128 140 7
3446 128 147 25
3447 128 152 5
3448 128 153 20
3449 128 154 21
3450 128 157 25
3451 128 160 24
3452 128 174 17
3453 128 179 7
3454 128 182 6
3455 128 188 25
3456 128 197 1
3457 128 198 10
3458 129 141 5
3459 129 148 14
3460 129 149 13
3461 129 150 13
3462 129 152 19
3463 129 156 16
3464 129 158 16
3465 129 172 24
3466 129 173 3
3467 129 174 19
3468 129 175 25
3469 129 182 8
3470 129 187 12
3471 129 192 18
3472 129 198 22
3473 130 135 9
3474 130 150 6
3475 130 156 2
3476 130 157 11
3477 130 161 14
3478 130 166 16
3479 130 169 23
3480 130 175 20
3481 130 182 9
3482 130 185 24
3483 130 197 18
3484 131 135 22
3485 131 137 9
3486 131 138 25
3487 131 145 5
3488 131 148 7
3489 131 174 24
3490 131 184 4
3491 131 198 18
3492 132 137 12
3493 132 143 20
3494 132 146 15
3495 132 154 7
3496 132 155 5
3497 132 156 25
3498 132 166 20
3499 132 173 18
3500 132 175 20
3501 132 180 10
3502 132 183 1
3503 132 197 15
3504 133 134 3
3505 133 143 6
3506 133 146 15
3507 133 153 8
3508 133 158 1
3509 133 161 4
3510 133 171 4
3511 133 189 2
3512 133 195 17
3513 133 197 3
3514 133 198 3
3515 134 141 19
3516 134 144 23
3517 134 146 19
3518 134 152 18
3519 134 165 21
3520 134 170 13
3521 134 172 22
3522 134 183 5
3523 134 186 19
3524 134 187 18
3525 134 189 13
3526 134 191 12
3527 134 193 14
3528 135 139 16
3529 135 150 16
3530 135 152 12
3531 135 159 14
3532 135 173 9
3533 135 183 6
3534 135 184 16
3535 135 185 15
3536 135 186 5
3537 135 192 1
3538 135 196 3
3539 135 197 2
3540 136 142 4
3541 136 146 13
3542 136 154 15
3543 136 155 18
3544 136 156 2
3545 136 158 3
3546 136 165 15
3547 136 167 20
3548 136 174 15
3549 136 180 17
3550 136 183 8
3551 137 138 6
3552 137 141 7
3553 137 145 18
3554 137 154 23
3555 137 159 3
3556 137 160 22
3557 137 164 18
3558 137 175 25
3559 137 176 11
3560 137 178 22
3561 137 179 16
3562 137 184 19
3563 137 185 10
3564 137 189 20
3565 137 191 6
3566 137 194 17
3567 137 195 3
3568 137 198 15
3569 138 140 21
3570 138 146 19
3571 138 147 17
3572 138 155 5
3573 138 156 12
3574 138 168 1
3575 138 174 22
3576 138 176 10
3577 138 179 15
3578 138 180 4
3579 138 188 3
3580 138 193 4
3581 138 195 17
3582 139 143 22
3583 139 147 22
3584 139 148 6
3585 139 150 5
3586 139 152 19
3587 139 155 18
3588 139 156 21
3589 139 157 20
3590 139 170 6
3591 139 179 22
3592 139 180 15
3593 139 181 16
3594 139 182 19
3595 139 183 1
3596 139 196 3
3597 140 142 22
3598 140 144 1
3599 140 148 17
3600 140 149 15
3601 140 154 15
3602 140 155 20
3603 140 163 15
3604 140 171 9
3605 140 184 1
3606 140 186 3
3607 140 190 25
3608 140 197 20
3609 141 145 3
3610 141 153 5
3611 141 157 18
3612 141 158 8
3613 141 174 15
3614 141 176 21
3615 142 144 20
3616 142 150 8
3617 142 157 14
3618 142 161 1
3619 142 165 8
3620 142 167 1
3621 142 168 20
3622 142 181 10
3623 142 182 25
3624 142 185 3
3625 142 194 18
3626 143 145 6
3627 143 154 13
3628 143 163 1
3629 143 165 15
3630 143 181 2
3631 143 185 23
3632 143 193 19
3633 143 194 4
3634 144 164 3
3635 144 169 25
3636 144 171 12
3637 144 172 5
3638 144 179 14
3639 144 183 21
3640 144 187 11
3641 144 188 3
3642 144 189 20
3643 144 192 17
3644 144 193 3
3645 145 152 11
3646 145 153 9
3647 145 157 15
3648 145 160 19
3649 145 161 18
3650 145 163 12
3651 145 166 17
3652 145 170 13
3653 145 172 22
3654 145 173 8
3655 145 175 14
3656 145 187 12
3657 145 193 19
3658 145 195 24
3659 146 149 22
3660 146 161 13
3661 146 163 2
3662 146 172 7
3663 146 175 24
3664 146 188 5
3665 146 194 16
3666 147 151 8
3667 147 154 6
3668 147 160 6
3669 147 165 24
3670 147 169 24
3671 147 171 23
3672 147 175 5
3673 147 180 21
3674 147 181 2
3675 147 186 19
3676 147 188 13
3677 147 199 16
3678 148 153 2
3679 148 155 17
3680 148 160 4
3681 148 167 23
3682 148 171 8
3683 148 175 9
3684 148 191 18
3685 149 150 9
3686 149 152 10
3687 149 158 2
3688 149 159 18
3689 149 161 7
3690 149 163 15
3691 149 168 5
3692 149 172 10
3693 149 174 11
3694 149 177 18
3695 149 180 19
3696 149 181 4
3697 149 186 17
3698 150 151 15
3699 150 152 20
3700 150 157 9
3701 150 158 15
3702 150 162 23
3703 150 166 19
3704 150 174 17
3705 150 176 2
3706 150 182 6
3707 150 186 15
3708 150 187 9
3709 150 192 11
3710 150 199 17
3711 151 165 17
3712 151 167 20
3713 151 168 4
3714 151 171 4
3715 151 176 13
3716 151 184 24
3717 151 185 8
3718 151 190 23
3719 151 193 20
3720 152 153 8
3721 152 158 1
3722 152 165 20
3723 152 172 18
3724 152 177 7
3725 152 178 15
3726 152 196 8
3727 153 154 13
3728 153 157 21
3729 153 158 12
3730 153 170 18
3731 153 171 16
3732 153 176 5
3733 153 180 25
3734 153 184 16
3735 153 191 2
3736 153 194 10
3737 153 197 6
3738 153 198 23
3739 154 155 19
3740 154 158 6
3741 154 162 17
3742 154 165 15
3743 154 177 14
3744 154 184 15
3745 154 191 11
3746 154 194 7
3747 155 156 22
3748 155 158 4
3749 155 159 4
3750 155 167 21
3751 155 171 6
3752 155 175 9
3753 155 177 3
3754 155 182 5
3755 155 183 10
3756 155 193 10
3757 156 167 24
3758 156 173 15
3759 156 176 9
3760 156 177 24
3761 156 179 17
3762 156 182 2
3763 156 185 15
3764 157 172 24
3765 157 179 19
3766 157 182 14
3767 157 183 1
3768 157 195 18
3769 158 159 19
3770 158 163 10
3771 158 166 19
3772 158 173 2
3773 158 183 25
3774 158 184 18
3775 158 186 4
3776 158 194 9
3777 158 199 6
3778 159 162 10
3779 159 172 3
3780 159 178 3
3781 159 179 8
3782 159 183 2
3783 159 185 4
3784 159 186 16
3785 159 196 12
3786 159 197 7
3787 159 199 6
3788 160 162 10
3789 160 168 1
3790 160 169 11
3791 160 175 22
3792 160 176 15
3793 160 183 8
3794 160 186 20
3795 160 187 10
3796 160 188 13
3797 160 189 5
3798 160 192 18
3799 160 193 13
3800 160 197 1
3801 161 165 3
3802 161 166 6
3803 161 169 6
3804 161 176 16
3805 161 184 17
3806 161 185 18
3807 161 189 21
3808 161 192 12
3809 162 169 3
3810 162 173 14
3811 162 176 14
3812 162 179 24
3813 162 188 15
3814 162 191 3
3815 162 196 20
3816 162 198 23
3817 163 177 10
3818 163 178 3
3819 163 179 18
3820 163 185 4
3821 163 186 24
3822 163 187 20
3823 163 189 20
3824 163 191 5
3825 164 169 7
3826 164 170 18
3827 164 176 6
3828 164 194 6
3829 165 174 15
3830 165 180 24
3831 165 181 19
3832 165 189 15
3833 165 191 22
3834 165 192 20
3835 166 170 13
3836 166 178 24
3837 166 180 12
3838 166 181 11
3839 166 187 7
3840 166 188 8
3841 166 189 2
3842 166 193 15
3843 166 197 23
3844 167 176 16
3845 167 180 18
3846 167 182 7
3847 167 195 1
3848 168 177 17
3849 168 187 20
3850 168 191 9
3851 169 170 7
3852 169 172 23
3853 169 192 11
3854 169 193 16
3855 169 196 7
3856 170 173 6
3857 170 174 18
3858 170 187 5
3859 170 194 22
3860 170 198 18
3861 171 174 18
3862 171 183 2
3863 171 188 13
3864 171 193 11
3865 171 196 2
3866 172 173 23
3867 172 183 24
3868 172 188 7
3869 173 182 2
3870 173 183 15
3871 173 186 22
3872 173 193 10
3873 174 176 25
3874 174 178 21
3875 174 179 21
3876 174 181 15
3877 174 192 5
3878 174 194 15
3879 174 199 23
3880 175 176 19
3881 175 180 13
3882 175 185 11
3883 175 191 11
3884 175 192 16
3885 175 198 13
3886 176 184 2
3887 176 197 12
3888 177 179 19
3889 177 187 23
3890 177 194 14
3891 177 196 3
3892 177 197 12
3893 178 180 23
3894 178 187 21
3895 178 194 25
3896 178 196 21
3897 178 197 3
3898 179 181 8
3899 179 189 11
3900 179 193 12
3901 179 194 7
3902 180 182 2
3903 180 189 12
3904 181 197 24
3905 182 185 12
3906 182 192 16
3907 182 193 11
3908 182 197 15
3909 182 198 7
3910 183 184 23
3911 183 186 22
3912 183 190 23
3913 183 198 23
3914 183 199 11
3915 184 186 15
3916 184 190 24
3917 184 191 5
3918 184 194 25
3919 184 199 8
3920 185 186 5
3921 185 188 3
3922 185 190 11
3923 185 193 15
3924 185 194 21
3925 186 188 25
3926 186 190 11
3927 186 194 4
3928 186 195 16
3929 186 196 1
3930 186 197 1
3931 186 199 4
3932 187 193 7
3933 187 195 17
3934 188 190 2
3935 188 191 2
3936 189 190 1
3937 189 196 14
3938 190 194 18
3939 191 192 25
3940 193 197 20
3941 194 199 25
3942 195 196 6
3943 198 199 1
