200 3929 50 10
0 3
1 5
2 9
3 7
4 7
5 8
6 1
7 5
8 2
9 3
10 4
11 5
12 5
13 7
14 8
15 6
16 9
17 3
18 4
19 6
20 6
21 8
22 3
23 10
24 3
25 10
26 1
27 7
28 3
29 2
30 2
31 4
32 1
33 3
34 7
35 4
36 10
37 1
38 8
39 4
40 10
41 6
42 4
43 6
44 1
45 4
46 8
47 4
48 3
49 8
50 3
51 2
52 3
53 4
54 1
55 10
56 6
57 2
58 4
59 2
60 8
61 1
62 8
63 7
64 5
65 8
66 2
67 10
68 10
69 1
70 5
71 6
72 8
73 1
74 5
75 10
76 6
77 6
78 4
79 5
80 3
81 3
82 2
83 4
84 5
85 1
86 9
87 7
88 3
89 7
90 8
91 3
92 8
93 7
94 8
95 4
96 2
97 10
98 10
99 4
100 10
101 9
102 10
103 9
104 10
105 3
106 5
107 1
108 1
109 10
110 7
111 8
112 2
113 6
114 10
115 6
116 9
117 6
118 6
119 4
120 5
121 5
122 10
123 2
124 4
125 1
126 8
127 3
128 10
129 4
130 8
131 10
132 6
133 2
134 9
135 5
136 2
137 6
138 3
139 1
140 9
141 7
142 9
143 9
144 5
145 9
146 3
147 3
148 9
149 7
150 6
151 8
152 10
153 6
154 7
155 10
156 8
157 2
158 4
159 1
160 5
161 8
162 6
163 6
164 3
165 10
166 9
167 7
168 7
169 1
170 5
171 7
172 3
173 4
174 9
175 7
176 4
177 7
178 2
179 3
180 8
181 9
182 5
183 3
184 2
185 8
186 9
187 8
188 1
189 2
190 8
191 2
192 5
193 4
194 8
195 5
196 9
197 8
198 4
199 4
0 0 1 9
1 0 5 28
2 0 10 42
3 0 13 20
4 0 17 40
5 0 19 24
6 0 23 13
7 0 25 50
8 0 26 8
9 0 34 16
10 0 39 49
11 0 54 37
12 0 58 46
13 0 64 26
14 0 67 13
15 0 76 4
16 0 79 46
17 0 93 48
18 0 100 8
19 0 107 24
20 0 118 36
21 0 121 17
22 0 122 47
23 0 162 7
24 0 166 4
25 0 167 38
26 0 177 41
27 0 181 46
28 0 186 43
29 0 188 44
30 0 189 46
31 0 197 41
32 1 6 1
33 1 13 8
34 1 15 40
35 1 16 30
36 1 20 43
37 1 27 28
38 1 50 36
39 1 52 26
40 1 61 5
41 1 69 47
42 1 73 24
43 1 75 33
44 1 78 6
45 1 81 3
46 1 87 44
47 1 89 18
48 1 98 35
49 1 105 7
50 1 106 36
51 1 111 6
52 1 115 25
53 1 116 20
54 1 117 9
55 1 130 29
56 1 133 37
57 1 134 29
58 1 137 45
59 1 145 33
60 1 147 21
61 1 153 37
62 1 159 20
63 1 161 11
64 1 179 20
65 1 187 50
66 1 195 9
67 2 6 38
68 2 9 23
69 2 38 47
70 2 41 23
71 2 51 37
72 2 55 49
73 2 64 3
74 2 66 46
75 2 74 13
76 2 78 42
77 2 84 3
78 2 91 37
79 2 104 21
80 2 105 12
81 2 111 13
82 2 114 41
83 2 120 20
84 2 121 34
85 2 122 39
86 2 127 35
87 2 129 11
88 2 139 39
89 2 145 29
90 2 150 18
91 2 154 7
92 2 160 2
93 2 162 30
94 2 165 43
95 2 169 9
96 2 177 18
97 2 182 11
98 2 187 33
99 2 194 42
100 2 195 36
101 2 198 48
102 3 6 30
103 3 8 27
104 3 11 8
105 3 21 46
106 3 27 37
107 3 32 15
108 3 37 41
109 3 40 35
110 3 43 42
111 3 54 3
112 3 66 6
113 3 76 4
114 3 86 14
115 3 87 47
116 3 88 34
117 3 89 30
118 3 90 49
119 3 92 29
120 3 113 26
121 3 117 4
122 3 125 31
123 3 128 20
124 3 133 41
125 3 135 7
126 3 137 33
127 3 139 23
128 3 145 3
129 3 147 13
130 3 153 46
131 3 155 30
132 3 163 33
133 3 168 1
134 3 171 37
135 3 172 43
136 3 182 29
137 3 191 2
138 4 7 26
139 4 12 34
140 4 15 37
141 4 21 7
142 4 26 35
143 4 31 7
144 4 32 39
145 4 38 42
146 4 42 28
147 4 47 7
148 4 51 19
149 4 59 19
150 4 65 8
151 4 78 22
152 4 84 21
153 4 88 22
154 4 112 50
155 4 117 8
156 4 122 17
157 4 131 34
158 4 132 4
159 4 136 7
160 4 137 32
161 4 138 33
162 4 145 45
163 4 147 37
164 4 148 48
165 4 151 13
166 4 152 9
167 4 153 38
168 4 159 45
169 4 161 25
170 4 167 39
171 4 174 10
172 4 183 40
173 4 185 13
174 4 187 45
175 4 188 4
176 4 190 44
177 4 199 21
178 5 9 12
179 5 23 24
180 5 25 42
181 5 27 27
182 5 29 50
183 5 35 19
184 5 38 22
185 5 40 40
186 5 43 45
187 5 70 22
188 5 74 37
189 5 81 46
190 5 83 21
191 5 86 3
192 5 103 6
193 5 115 14
194 5 118 28
195 5 121 31
196 5 132 45
197 5 133 40
198 5 137 20
199 5 148 37
200 5 155 16
201 5 167 1
202 5 170 19
203 5 177 13
204 5 184 9
205 5 186 14
206 5 193 14
207 5 197 15
208 5 198 14
209 6 10 44
210 6 12 6
211 6 13 36
212 6 21 15
213 6 29 32
214 6 33 3
215 6 36 6
216 6 38 4
217 6 44 27
218 6 46 9
219 6 53 24
220 6 54 9
221 6 58 38
222 6 66 16
223 6 69 29
224 6 70 12
225 6 74 25
226 6 83 4
227 6 85 47
228 6 88 3
229 6 89 14
230 6 90 11
231 6 91 46
232 6 96 47
233 6 97 25
234 6 98 31
235 6 104 24
236 6 105 3
237 6 106 37
238 6 114 16
239 6 115 18
240 6 116 41
241 6 122 36
242 6 126 17
243 6 128 40
244 6 132 26
245 6 136 31
246 6 151 1
247 6 154 34
248 6 158 36
249 6 165 18
250 6 167 18
251 6 176 38
252 6 179 42
253 6 195 2
254 6 197 2
255 6 198 3
256 7 14 11
257 7 16 35
258 7 20 5
259 7 21 28
260 7 42 26
261 7 46 22
262 7 49 14
263 7 52 45
264 7 62 25
265 7 75 13
266 7 78 8
267 7 82 32
268 7 83 49
269 7 86 25
270 7 87 8
271 7 88 46
272 7 89 6
273 7 101 45
274 7 102 1
275 7 103 11
276 7 108 17
277 7 113 47
278 7 116 19
279 7 120 30
280 7 123 27
281 7 125 3
282 7 127 50
283 7 142 27
284 7 144 8
285 7 150 28
286 7 158 17
287 7 165 42
288 7 166 15
289 7 171 40
290 7 175 33
291 7 187 25
292 7 190 33
293 7 194 36
294 7 195 16
295 8 20 3
296 8 31 22
297 8 39 15
298 8 43 48
299 8 46 36
300 8 47 40
301 8 49 13
302 8 50 22
303 8 52 32
304 8 65 45
305 8 73 40
306 8 76 14
307 8 77 50
308 8 81 35
309 8 89 36
310 8 90 19
311 8 93 20
312 8 94 3
313 8 98 10
314 8 105 17
315 8 108 37
316 8 110 3
317 8 113 4
318 8 120 49
319 8 125 3
320 8 137 29
321 8 142 40
322 8 147 41
323 8 161 48
324 8 170 45
325 8 172 31
326 8 182 35
327 8 189 28
328 9 12 15
329 9 13 37
330 9 18 3
331 9 19 32
332 9 22 16
333 9 31 23
334 9 38 27
335 9 49 7
336 9 54 23
337 9 56 8
338 9 59 3
339 9 63 42
340 9 67 33
341 9 69 25
342 9 71 50
343 9 75 39
344 9 78 47
345 9 83 11
346 9 84 34
347 9 89 46
348 9 90 23
349 9 92 30
350 9 102 31
351 9 108 12
352 9 110 39
353 9 113 2
354 9 116 6
355 9 117 29
356 9 121 38
357 9 123 26
358 9 124 2
359 9 125 25
360 9 131 13
361 9 135 37
362 9 139 25
363 9 140 6
364 9 143 39
365 9 153 25
366 9 155 13
367 9 157 12
368 9 172 33
369 9 175 37
370 9 179 29
371 9 186 19
372 9 190 33
373 9 196 36
374 10 18 45
375 10 19 7
376 10 24 6
377 10 34 38
378 10 37 22
379 10 45 13
380 10 46 2
381 10 51 40
382 10 60 24
383 10 68 28
384 10 74 46
385 10 79 47
386 10 81 2
387 10 86 29
388 10 87 37
389 10 89 45
390 10 97 16
391 10 98 35
392 10 99 6
393 10 100 38
394 10 107 30
395 10 109 4
396 10 110 19
397 10 112 12
398 10 122 31
399 10 127 24
400 10 130 36
401 10 136 1
402 10 138 5
403 10 145 1
404 10 146 4
405 10 154 25
406 10 157 34
407 10 163 8
408 10 164 42
409 10 165 18
410 10 169 7
411 10 174 7
412 10 181 2
413 10 184 42
414 10 198 50
415 11 13 38
416 11 16 44
417 11 17 41
418 11 18 1
419 11 24 44
420 11 27 3
421 11 30 2
422 11 37 22
423 11 46 30
424 11 53 19
425 11 55 48
426 11 56 20
427 11 57 37
428 11 60 39
429 11 66 36
430 11 67 3
431 11 74 37
432 11 80 12
433 11 83 20
434 11 91 19
435 11 94 11
436 11 95 39
437 11 97 39
438 11 98 47
439 11 100 17
440 11 109 19
441 11 114 25
442 11 117 42
443 11 120 5
444 11 121 8
445 11 122 29
446 11 123 37
447 11 125 21
448 11 129 36
449 11 130 8
450 11 138 40
451 11 143 1
452 11 150 12
453 11 151 35
454 11 155 49
455 11 159 4
456 11 168 44
457 11 174 43
458 11 189 15
459 11 198 12
460 12 21 3
461 12 29 32
462 12 33 42
463 12 35 22
464 12 52 4
465 12 59 19
466 12 60 29
467 12 61 1
468 12 64 12
469 12 66 32
470 12 69 25
471 12 72 10
472 12 95 35
473 12 100 6
474 12 102 9
475 12 108 22
476 12 109 22
477 12 110 17
478 12 116 22
479 12 117 28
480 12 124 47
481 12 130 33
482 12 143 4
483 12 149 29
484 12 151 47
485 12 160 32
486 12 162 47
487 12 165 3
488 12 173 19
489 12 179 36
490 12 182 1
491 12 187 26
492 12 188 3
493 12 189 1
494 12 192 46
495 13 16 22
496 13 17 25
497 13 19 5
498 13 21 9
499 13 23 23
500 13 24 36
501 13 38 10
502 13 42 8
503 13 48 4
504 13 49 4
505 13 50 33
506 13 53 12
507 13 58 42
508 13 87 10
509 13 89 8
510 13 90 1
511 13 98 15
512 13 101 47
513 13 108 12
514 13 117 50
515 13 123 49
516 13 126 13
517 13 130 16
518 13 131 47
519 13 135 50
520 13 139 35
521 13 140 39
522 13 147 21
523 13 152 30
524 13 173 41
525 13 184 45
526 13 193 7
527 13 194 3
528 13 197 32
529 14 29 18
530 14 30 16
531 14 32 9
532 14 33 43
533 14 34 42
534 14 38 33
535 14 40 11
536 14 41 19
537 14 45 40
538 14 48 48
539 14 57 14
540 14 61 18
541 14 62 32
542 14 66 50
543 14 77 11
544 14 82 1
545 14 85 32
546 14 95 37
547 14 97 17
548 14 100 33
549 14 114 25
550 14 116 44
551 14 117 10
552 14 120 50
553 14 123 7
554 14 126 14
555 14 128 46
556 14 132 25
557 14 135 8
558 14 136 10
559 14 137 13
560 14 139 21
561 14 143 31
562 14 144 35
563 14 145 27
564 14 153 12
565 14 154 15
566 14 158 24
567 14 163 1
568 14 169 16
569 14 189 34
570 14 192 18
571 15 16 28
572 15 18 21
573 15 24 28
574 15 33 32
575 15 35 10
576 15 36 20
577 15 47 49
578 15 48 23
579 15 67 42
580 15 70 44
581 15 76 46
582 15 78 17
583 15 81 10
584 15 83 16
585 15 90 46
586 15 91 29
587 15 94 50
588 15 95 32
589 15 97 14
590 15 103 16
591 15 104 4
592 15 113 32
593 15 117 24
594 15 118 36
595 15 122 27
596 15 124 46
597 15 144 23
598 15 159 47
599 15 168 39
600 15 183 37
601 15 185 30
602 15 187 6
603 15 189 40
604 15 198 47
605 16 17 39
606 16 18 5
607 16 20 28
608 16 40 3
609 16 46 42
610 16 49 19
611 16 53 9
612 16 56 47
613 16 59 36
614 16 61 34
615 16 64 4
616 16 65 47
617 16 67 38
618 16 79 10
619 16 86 6
620 16 91 20
621 16 95 33
622 16 105 2
623 16 106 14
624 16 108 5
625 16 111 10
626 16 112 1
627 16 120 12
628 16 128 23
629 16 129 3
630 16 130 15
631 16 137 15
632 16 145 35
633 16 150 4
634 16 153 4
635 16 158 33
636 16 164 10
637 16 182 4
638 16 187 30
639 17 20 18
640 17 32 36
641 17 34 13
642 17 36 21
643 17 38 39
644 17 40 48
645 17 41 50
646 17 45 45
647 17 50 47
648 17 55 42
649 17 56 46
650 17 64 48
651 17 75 49
652 17 76 15
653 17 86 40
654 17 90 2
655 17 95 30
656 17 96 33
657 17 101 14
658 17 109 20
659 17 112 16
660 17 121 25
661 17 123 15
662 17 145 4
663 17 149 29
664 17 152 34
665 17 154 26
666 17 159 15
667 17 167 6
668 17 170 15
669 17 173 23
670 17 184 39
671 17 191 41
672 18 20 22
673 18 24 27
674 18 36 36
675 18 38 13
676 18 40 39
677 18 53 38
678 18 56 23
679 18 57 21
680 18 60 37
681 18 61 21
682 18 62 12
683 18 64 35
684 18 77 27
685 18 80 46
686 18 84 35
687 18 86 49
688 18 88 4
689 18 90 27
690 18 93 9
691 18 100 3
692 18 103 3
693 18 109 16
694 18 114 38
695 18 119 3
696 18 121 39
697 18 122 11
698 18 123 48
699 18 135 50
700 18 137 49
701 18 152 36
702 18 160 7
703 18 161 15
704 18 171 8
705 18 176 21
706 18 180 1
707 18 183 46
708 18 187 14
709 18 188 33
710 18 190 50
711 18 195 17
712 18 197 26
713 19 21 44
714 19 22 48
715 19 28 25
716 19 30 8
717 19 32 39
718 19 33 8
719 19 36 18
720 19 37 11
721 19 39 25
722 19 45 40
723 19 50 31
724 19 51 28
725 19 53 23
726 19 55 16
727 19 59 47
728 19 62 41
729 19 64 22
730 19 65 15
731 19 66 14
732 19 67 32
733 19 68 2
734 19 71 48
735 19 73 26
736 19 77 19
737 19 83 3
738 19 87 16
739 19 90 11
740 19 91 12
741 19 92 32
742 19 94 27
743 19 98 50
744 19 103 33
745 19 113 30
746 19 116 22
747 19 125 27
748 19 128 23
749 19 132 38
750 19 138 19
751 19 140 3
752 19 142 30
753 19 149 25
754 19 157 8
755 19 160 31
756 19 166 4
757 19 169 8
758 20 21 40
759 20 27 46
760 20 28 25
761 20 29 20
762 20 30 44
763 20 39 40
764 20 50 16
765 20 58 21
766 20 59 19
767 20 62 17
768 20 65 25
769 20 69 38
770 20 73 48
771 20 76 50
772 20 79 24
773 20 82 9
774 20 85 15
775 20 92 41
776 20 96 5
777 20 97 41
778 20 129 11
779 20 134 50
780 20 139 8
781 20 161 42
782 20 165 6
783 20 167 5
784 20 174 34
785 20 182 5
786 20 187 38
787 20 191 46
788 20 195 35
789 21 25 10
790 21 32 43
791 21 34 38
792 21 37 37
793 21 54 30
794 21 71 20
795 21 73 32
796 21 76 35
797 21 78 33
798 21 83 47
799 21 88 41
800 21 103 30
801 21 107 21
802 21 115 33
803 21 121 31
804 21 124 12
805 21 127 15
806 21 132 45
807 21 133 7
808 21 141 16
809 21 147 38
810 21 161 18
811 21 169 19
812 21 173 5
813 21 175 21
814 21 193 46
815 21 196 48
816 21 198 3
817 22 34 31
818 22 40 46
819 22 42 50
820 22 43 43
821 22 44 26
822 22 49 17
823 22 50 14
824 22 55 11
825 22 58 16
826 22 60 29
827 22 63 44
828 22 68 50
829 22 72 36
830 22 78 46
831 22 86 33
832 22 89 22
833 22 96 6
834 22 99 19
835 22 112 14
836 22 121 24
837 22 128 33
838 22 134 17
839 22 135 3
840 22 140 30
841 22 145 3
842 22 158 48
843 22 159 47
844 22 162 19
845 22 164 31
846 22 165 43
847 22 176 6
848 22 179 20
849 22 186 14
850 22 190 12
851 22 199 36
852 23 29 38
853 23 30 46
854 23 35 30
855 23 54 34
856 23 57 30
857 23 59 48
858 23 64 16
859 23 65 18
860 23 67 30
861 23 70 21
862 23 73 42
863 23 76 32
864 23 85 12
865 23 95 4
866 23 98 35
867 23 99 5
868 23 106 2
869 23 107 2
870 23 108 3
871 23 110 39
872 23 114 40
873 23 117 16
874 23 124 25
875 23 126 33
876 23 127 13
877 23 137 30
878 23 138 42
879 23 143 30
880 23 145 19
881 23 148 37
882 23 150 6
883 23 154 39
884 23 170 26
885 23 181 5
886 23 182 26
887 23 183 7
888 23 184 35
889 23 188 10
890 24 35 33
891 24 36 32
892 24 40 32
893 24 42 12
894 24 44 21
895 24 48 36
896 24 51 4
897 24 52 9
898 24 57 26
899 24 58 1
900 24 60 22
901 24 67 15
902 24 68 1
903 24 69 11
904 24 79 34
905 24 87 34
906 24 88 26
907 24 93 44
908 24 97 19
909 24 103 25
910 24 111 19
911 24 113 20
912 24 123 21
913 24 135 36
914 24 141 24
915 24 143 6
916 24 147 48
917 24 155 50
918 24 160 10
919 24 162 10
920 24 163 33
921 24 169 42
922 24 170 34
923 24 173 7
924 24 180 21
925 24 186 23
926 24 188 23
927 24 191 17
928 24 197 47
929 24 198 2
930 24 199 43
931 25 26 43
932 25 30 10
933 25 33 5
934 25 34 32
935 25 37 37
936 25 41 9
937 25 46 44
938 25 54 41
939 25 56 17
940 25 60 13
941 25 74 43
942 25 77 35
943 25 79 34
944 25 80 28
945 25 112 46
946 25 119 26
947 25 121 2
948 25 127 17
949 25 128 45
950 25 131 38
951 25 132 23
952 25 139 13
953 25 147 45
954 25 153 38
955 25 154 33
956 25 156 29
957 25 161 45
958 25 162 49
959 25 163 37
960 25 167 28
961 25 169 38
962 25 171 32
963 25 173 20
964 25 177 42
965 25 180 36
966 25 197 26
967 26 30 23
968 26 40 47
969 26 43 35
970 26 44 50
971 26 51 12
972 26 56 31
973 26 60 26
974 26 64 11
975 26 65 25
976 26 80 6
977 26 81 29
978 26 82 2
979 26 86 44
980 26 95 50
981 26 96 4
982 26 107 35
983 26 110 8
984 26 111 25
985 26 122 32
986 26 127 35
987 26 130 2
988 26 139 25
989 26 147 23
990 26 148 18
991 26 164 10
992 26 169 50
993 26 173 46
994 26 179 9
995 26 180 22
996 26 190 18
997 26 198 22
998 26 199 36
999 27 31 33
1000 27 36 21
1001 27 44 34
1002 27 62 27
1003 27 69 44
1004 27 70 34
1005 27 73 14
1006 27 82 12
1007 27 85 38
1008 27 88 9
1009 27 94 16
1010 27 98 4
1011 27 101 31
1012 27 104 24
1013 27 106 46
1014 27 108 46
1015 27 109 10
1016 27 118 23
1017 27 120 9
1018 27 122 22
1019 27 126 29
1020 27 133 34
1021 27 134 33
1022 27 135 17
1023 27 139 2
1024 27 144 27
1025 27 165 42
1026 27 171 27
1027 27 178 32
1028 27 179 37
1029 27 193 27
1030 28 36 13
1031 28 38 44
1032 28 41 46
1033 28 43 4
1034 28 48 21
1035 28 50 3
1036 28 51 49
1037 28 60 11
1038 28 62 9
1039 28 66 50
1040 28 69 21
1041 28 73 14
1042 28 74 10
1043 28 75 3
1044 28 87 34
1045 28 88 22
1046 28 93 13
1047 28 96 46
1048 28 101 2
1049 28 108 47
1050 28 112 43
1051 28 114 47
1052 28 116 9
1053 28 118 48
1054 28 119 35
1055 28 122 23
1056 28 146 35
1057 28 147 37
1058 28 153 46
1059 28 157 2
1060 28 161 48
1061 28 163 38
1062 28 167 48
1063 28 171 1
1064 28 192 5
1065 28 195 8
1066 28 198 50
1067 29 33 29
1068 29 38 2
1069 29 43 4
1070 29 50 29
1071 29 51 3
1072 29 52 3
1073 29 66 44
1074 29 69 48
1075 29 72 19
1076 29 74 21
1077 29 85 41
1078 29 86 27
1079 29 88 11
1080 29 92 41
1081 29 103 17
1082 29 105 17
1083 29 106 22
1084 29 116 6
1085 29 119 45
1086 29 133 32
1087 29 140 22
1088 29 145 2
1089 29 152 46
1090 29 156 45
1091 29 160 44
1092 29 168 35
1093 29 181 4
1094 29 186 38
1095 30 33 35
1096 30 43 35
1097 30 45 36
1098 30 49 49
1099 30 54 31
1100 30 58 37
1101 30 60 30
1102 30 66 24
1103 30 69 22
1104 30 74 2
1105 30 79 41
1106 30 80 12
1107 30 83 23
1108 30 96 43
1109 30 102 3
1110 30 107 21
1111 30 114 21
1112 30 119 14
1113 30 127 15
1114 30 128 22
1115 30 133 17
1116 30 141 13
1117 30 147 6
1118 30 150 27
1119 30 156 14
1120 30 163 44
1121 30 177 48
1122 30 184 29
1123 30 186 22
1124 30 188 17
1125 30 195 18
1126 30 197 14
1127 31 33 1
1128 31 40 22
1129 31 43 39
1130 31 45 5
1131 31 47 49
1132 31 48 46
1133 31 49 38
1134 31 50 12
1135 31 56 47
1136 31 61 12
1137 31 62 13
1138 31 66 11
1139 31 67 38
1140 31 70 28
1141 31 72 13
1142 31 80 6
1143 31 82 29
1144 31 83 14
1145 31 85 36
1146 31 95 14
1147 31 96 20
1148 31 99 20
1149 31 108 5
1150 31 124 47
1151 31 131 11
1152 31 136 3
1153 31 139 31
1154 31 143 34
1155 31 149 32
1156 31 152 38
1157 31 153 17
1158 31 165 19
1159 31 167 41
1160 31 171 49
1161 31 172 8
1162 31 173 11
1163 31 176 15
1164 31 181 18
1165 31 184 9
1166 31 185 35
1167 31 188 20
1168 31 189 24
1169 31 193 47
1170 31 194 7
1171 32 38 26
1172 32 42 50
1173 32 44 48
1174 32 46 18
1175 32 49 22
1176 32 50 9
1177 32 56 19
1178 32 57 39
1179 32 60 34
1180 32 79 40
1181 32 80 3
1182 32 82 15
1183 32 91 43
1184 32 92 42
1185 32 93 10
1186 32 96 42
1187 32 109 35
1188 32 115 31
1189 32 120 24
1190 32 134 9
1191 32 142 13
1192 32 146 13
1193 32 154 38
1194 32 165 29
1195 32 167 18
1196 32 170 39
1197 32 174 44
1198 32 177 1
1199 32 180 40
1200 32 185 33
1201 32 188 26
1202 32 199 8
1203 33 36 48
1204 33 37 20
1205 33 46 33
1206 33 50 28
1207 33 52 16
1208 33 56 31
1209 33 61 46
1210 33 67 13
1211 33 74 25
1212 33 75 24
1213 33 76 34
1214 33 80 27
1215 33 92 44
1216 33 98 4
1217 33 99 40
1218 33 103 44
1219 33 105 40
1220 33 110 43
1221 33 115 31
1222 33 116 44
1223 33 119 4
1224 33 128 41
1225 33 129 16
1226 33 130 6
1227 33 131 33
1228 33 134 46
1229 33 151 21
1230 33 153 30
1231 33 161 1
1232 33 163 15
1233 33 165 7
1234 33 169 10
1235 33 178 21
1236 33 179 2
1237 33 184 45
1238 33 188 44
1239 33 190 13
1240 33 192 12
1241 33 195 15
1242 34 42 25
1243 34 43 11
1244 34 53 24
1245 34 55 37
1246 34 56 50
1247 34 64 42
1248 34 65 38
1249 34 86 33
1250 34 89 38
1251 34 91 19
1252 34 99 19
1253 34 109 20
1254 34 115 22
1255 34 116 32
1256 34 122 23
1257 34 123 27
1258 34 125 30
1259 34 127 4
1260 34 132 39
1261 34 135 47
1262 34 138 35
1263 34 145 27
1264 34 148 38
1265 34 153 1
1266 34 158 16
1267 34 161 23
1268 34 162 24
1269 34 163 38
1270 34 164 47
1271 34 169 13
1272 34 175 16
1273 34 176 14
1274 34 177 47
1275 34 179 18
1276 34 183 20
1277 34 187 26
1278 34 195 19
1279 34 198 36
1280 34 199 13
1281 35 44 46
1282 35 63 38
1283 35 67 46
1284 35 68 46
1285 35 71 22
1286 35 86 42
1287 35 92 15
1288 35 99 36
1289 35 101 1
1290 35 105 17
1291 35 107 31
1292 35 111 27
1293 35 120 4
1294 35 130 43
1295 35 131 48
1296 35 133 13
1297 35 134 11
1298 35 137 41
1299 35 146 36
1300 35 148 7
1301 35 153 6
1302 35 161 42
1303 35 163 13
1304 35 164 21
1305 35 165 3
1306 35 168 40
1307 35 176 17
1308 35 178 40
1309 35 179 2
1310 35 195 47
1311 36 42 10
1312 36 43 18
1313 36 48 43
1314 36 53 48
1315 36 55 21
1316 36 59 49
1317 36 66 22
1318 36 79 1
1319 36 86 46
1320 36 87 22
1321 36 92 41
1322 36 94 28
1323 36 95 50
1324 36 99 3
1325 36 115 46
1326 36 118 38
1327 36 121 23
1328 36 124 32
1329 36 127 31
1330 36 129 20
1331 36 133 10
1332 36 134 16
1333 36 137 35
1334 36 142 46
1335 36 156 17
1336 36 161 39
1337 36 166 40
1338 36 183 3
1339 36 189 5
1340 36 194 41
1341 36 197 12
1342 36 198 48
1343 36 199 37
1344 37 40 18
1345 37 43 44
1346 37 45 3
1347 37 51 37
1348 37 52 9
1349 37 61 36
1350 37 72 5
1351 37 85 50
1352 37 86 13
1353 37 92 7
1354 37 97 42
1355 37 98 12
1356 37 107 20
1357 37 112 5
1358 37 113 17
1359 37 116 10
1360 37 119 23
1361 37 121 26
1362 37 128 2
1363 37 133 32
1364 37 144 40
1365 37 146 3
1366 37 149 38
1367 37 158 25
1368 37 162 31
1369 37 163 42
1370 37 169 46
1371 37 170 21
1372 37 185 34
1373 37 193 27
1374 38 41 38
1375 38 43 42
1376 38 48 11
1377 38 54 22
1378 38 60 12
1379 38 61 7
1380 38 68 12
1381 38 74 30
1382 38 79 29
1383 38 85 35
1384 38 87 31
1385 38 90 14
1386 38 95 21
1387 38 106 23
1388 38 108 16
1389 38 109 2
1390 38 110 3
1391 38 113 31
1392 38 115 6
1393 38 131 29
1394 38 133 36
1395 38 138 49
1396 38 139 40
1397 38 147 4
1398 38 154 39
1399 38 161 20
1400 38 166 17
1401 38 168 11
1402 38 187 26
1403 38 191 46
1404 38 194 48
1405 38 196 17
1406 39 44 9
1407 39 49 6
1408 39 51 9
1409 39 56 46
1410 39 72 13
1411 39 80 15
1412 39 81 32
1413 39 84 42
1414 39 101 14
1415 39 103 32
1416 39 104 49
1417 39 108 32
1418 39 109 29
1419 39 118 7
1420 39 119 8
1421 39 120 16
1422 39 127 33
1423 39 128 50
1424 39 138 15
1425 39 140 9
1426 39 144 15
1427 39 146 10
1428 39 151 19
1429 39 159 9
1430 39 160 15
1431 39 168 45
1432 39 173 15
1433 39 177 50
1434 39 192 4
1435 39 195 41
1436 40 43 49
1437 40 51 7
1438 40 53 42
1439 40 54 6
1440 40 66 6
1441 40 79 50
1442 40 85 37
1443 40 87 21
1444 40 94 16
1445 40 97 15
1446 40 101 31
1447 40 106 20
1448 40 109 38
1449 40 119 9
1450 40 125 9
1451 40 127 12
1452 40 135 2
1453 40 137 50
1454 40 140 46
1455 40 145 10
1456 40 155 47
1457 40 163 6
1458 40 167 12
1459 40 169 40
1460 40 182 19
1461 40 190 6
1462 40 194 9
1463 41 48 38
1464 41 54 33
1465 41 56 49
1466 41 59 2
1467 41 61 6
1468 41 64 50
1469 41 69 46
1470 41 70 33
1471 41 71 23
1472 41 72 33
1473 41 76 8
1474 41 81 15
1475 41 85 38
1476 41 89 30
1477 41 90 31
1478 41 92 19
1479 41 93 50
1480 41 96 3
1481 41 106 15
1482 41 118 6
1483 41 122 46
1484 41 129 49
1485 41 135 7
1486 41 155 28
1487 41 156 31
1488 41 158 15
1489 41 166 3
1490 41 170 2
1491 41 174 23
1492 41 175 48
1493 41 176 30
1494 41 190 48
1495 41 191 38
1496 41 195 20
1497 42 55 5
1498 42 56 19
1499 42 68 43
1500 42 71 21
1501 42 73 11
1502 42 91 37
1503 42 93 50
1504 42 95 6
1505 42 96 35
1506 42 111 39
1507 42 114 47
1508 42 130 9
1509 42 141 12
1510 42 142 26
1511 42 147 3
1512 42 151 43
1513 42 153 50
1514 42 174 19
1515 42 179 7
1516 42 180 32
1517 42 187 20
1518 42 198 40
1519 43 59 33
1520 43 64 9
1521 43 76 37
1522 43 77 2
1523 43 84 29
1524 43 86 8
1525 43 91 33
1526 43 92 26
1527 43 94 46
1528 43 106 7
1529 43 108 3
1530 43 111 22
1531 43 115 19
1532 43 116 3
1533 43 120 35
1534 43 122 47
1535 43 124 1
1536 43 132 32
1537 43 134 26
1538 43 135 24
1539 43 137 28
1540 43 146 43
1541 43 152 24
1542 43 161 16
1543 43 168 46
1544 43 174 43
1545 43 175 6
1546 43 181 32
1547 43 187 42
1548 43 194 2
1549 43 197 35
1550 44 55 7
1551 44 57 49
1552 44 64 34
1553 44 69 46
1554 44 75 25
1555 44 77 31
1556 44 88 45
1557 44 89 31
1558 44 94 27
1559 44 102 20
1560 44 104 21
1561 44 108 11
1562 44 110 23
1563 44 119 26
1564 44 120 9
1565 44 123 20
1566 44 124 13
1567 44 128 7
1568 44 129 31
1569 44 131 38
1570 44 132 27
1571 44 136 25
1572 44 138 27
1573 44 155 19
1574 44 157 46
1575 44 160 9
1576 44 164 7
1577 44 172 16
1578 44 174 3
1579 44 179 29
1580 44 184 47
1581 44 188 50
1582 44 193 35
1583 44 197 3
1584 45 55 3
1585 45 65 31
1586 45 72 45
1587 45 73 25
1588 45 76 17
1589 45 80 25
1590 45 81 8
1591 45 86 15
1592 45 102 2
1593 45 117 27
1594 45 121 26
1595 45 128 40
1596 45 130 39
1597 45 140 4
1598 45 157 31
1599 45 159 19
1600 45 166 46
1601 45 167 50
1602 45 169 11
1603 45 171 14
1604 45 178 6
1605 45 180 24
1606 45 183 19
1607 45 184 26
1608 45 190 43
1609 45 194 33
1610 45 198 49
1611 46 51 13
1612 46 54 13
1613 46 59 26
1614 46 62 18
1615 46 64 36
1616 46 69 18
1617 46 76 22
1618 46 91 18
1619 46 100 32
1620 46 102 17
1621 46 105 49
1622 46 113 49
1623 46 115 16
1624 46 116 30
1625 46 117 42
1626 46 119 1
1627 46 130 32
1628 46 135 31
1629 46 136 40
1630 46 137 21
1631 46 146 49
1632 46 154 37
1633 46 159 30
1634 46 169 21
1635 46 171 29
1636 46 172 27
1637 46 174 11
1638 46 183 28
1639 46 186 21
1640 46 187 33
1641 46 188 24
1642 46 192 12
1643 46 195 15
1644 46 199 24
1645 47 53 45
1646 47 54 22
1647 47 57 22
1648 47 60 6
1649 47 65 9
1650 47 67 16
1651 47 71 16
1652 47 73 34
1653 47 76 6
1654 47 78 9
1655 47 82 41
1656 47 84 10
1657 47 85 42
1658 47 86 38
1659 47 87 37
1660 47 100 6
1661 47 113 37
1662 47 120 18
1663 47 131 24
1664 47 137 39
1665 47 149 36
1666 47 152 19
1667 47 157 47
1668 47 159 5
1669 47 163 26
1670 47 175 40
1671 47 187 27
1672 47 188 21
1673 48 51 2
1674 48 57 33
1675 48 62 47
1676 48 68 44
1677 48 73 42
1678 48 80 20
1679 48 85 4
1680 48 92 23
1681 48 93 36
1682 48 97 32
1683 48 115 45
1684 48 119 20
1685 48 121 31
1686 48 125 42
1687 48 127 18
1688 48 132 11
1689 48 158 35
1690 48 169 44
1691 48 174 6
1692 48 184 24
1693 48 187 40
1694 48 198 5
1695 48 199 23
1696 49 68 48
1697 49 72 36
1698 49 85 35
1699 49 96 13
1700 49 97 10
1701 49 98 24
1702 49 99 22
1703 49 101 22
1704 49 104 48
1705 49 109 46
1706 49 113 13
1707 49 121 16
1708 49 124 34
1709 49 126 17
1710 49 130 25
1711 49 137 47
1712 49 140 2
1713 49 142 2
1714 49 144 6
1715 49 145 23
1716 49 149 25
1717 49 154 17
1718 49 155 22
1719 49 156 46
1720 49 174 5
1721 49 176 30
1722 49 179 48
1723 49 187 3
1724 49 191 11
1725 50 58 9
1726 50 62 37
1727 50 65 37
1728 50 75 6
1729 50 91 6
1730 50 93 47
1731 50 94 24
1732 50 97 24
1733 50 98 47
1734 50 100 15
1735 50 102 17
1736 50 104 48
1737 50 105 49
1738 50 106 12
1739 50 113 2
1740 50 117 42
1741 50 123 41
1742 50 124 23
1743 50 125 9
1744 50 127 40
1745 50 135 10
1746 50 140 33
1747 50 147 16
1748 50 152 16
1749 50 157 31
1750 50 158 7
1751 50 165 13
1752 50 171 23
1753 50 173 16
1754 50 174 11
1755 50 181 45
1756 50 192 42
1757 50 195 49
1758 51 57 45
1759 51 58 25
1760 51 67 13
1761 51 70 26
1762 51 72 4
1763 51 76 24
1764 51 82 42
1765 51 86 41
1766 51 91 14
1767 51 97 9
1768 51 101 4
1769 51 102 19
1770 51 118 10
1771 51 119 6
1772 51 126 23
1773 51 129 9
1774 51 144 3
1775 51 148 27
1776 51 152 24
1777 51 156 43
1778 51 158 15
1779 51 159 3
1780 51 160 23
1781 51 164 38
1782 51 165 41
1783 51 166 33
1784 51 174 39
1785 51 176 31
1786 51 183 25
1787 51 191 43
1788 51 194 42
1789 51 197 43
1790 52 68 27
1791 52 80 11
1792 52 83 44
1793 52 88 23
1794 52 91 20
1795 52 97 39
1796 52 98 15
1797 52 100 49
1798 52 101 40
1799 52 104 28
1800 52 105 44
1801 52 111 8
1802 52 117 4
1803 52 118 35
1804 52 122 34
1805 52 127 13
1806 52 128 38
1807 52 129 47
1808 52 131 15
1809 52 137 48
1810 52 138 49
1811 52 143 36
1812 52 144 7
1813 52 149 25
1814 52 154 18
1815 52 157 35
1816 52 160 32
1817 52 183 46
1818 52 184 4
1819 52 188 19
1820 52 191 23
1821 52 197 40
1822 53 59 7
1823 53 64 22
1824 53 77 26
1825 53 81 41
1826 53 85 32
1827 53 91 2
1828 53 93 27
1829 53 101 21
1830 53 104 13
1831 53 106 10
1832 53 110 48
1833 53 120 25
1834 53 123 15
1835 53 128 26
1836 53 138 15
1837 53 148 6
1838 53 149 47
1839 53 155 1
1840 53 160 34
1841 53 161 32
1842 53 162 43
1843 53 163 7
1844 53 176 12
1845 53 189 18
1846 53 190 41
1847 53 191 36
1848 53 194 9
1849 53 196 8
1850 53 198 45
1851 54 63 38
1852 54 65 16
1853 54 66 15
1854 54 75 24
1855 54 85 48
1856 54 89 9
1857 54 95 31
1858 54 101 37
1859 54 102 43
1860 54 109 32
1861 54 113 19
1862 54 122 8
1863 54 128 15
1864 54 132 6
1865 54 138 8
1866 54 143 19
1867 54 145 33
1868 54 146 35
1869 54 151 40
1870 54 153 10
1871 54 154 44
1872 54 158 25
1873 54 159 46
1874 54 170 22
1875 54 177 47
1876 54 179 17
1877 54 182 17
1878 54 199 24
1879 55 66 25
1880 55 72 31
1881 55 76 37
1882 55 77 37
1883 55 79 45
1884 55 80 16
1885 55 81 21
1886 55 83 20
1887 55 94 20
1888 55 96 50
1889 55 109 9
1890 55 112 12
1891 55 119 20
1892 55 142 49
1893 55 143 32
1894 55 145 7
1895 55 146 16
1896 55 149 9
1897 55 159 44
1898 55 162 40
1899 55 163 40
1900 55 167 17
1901 55 175 42
1902 55 176 17
1903 55 184 23
1904 55 187 43
1905 55 196 41
1906 55 197 5
1907 55 198 9
1908 56 61 10
1909 56 64 31
1910 56 73 3
1911 56 77 1
1912 56 83 46
1913 56 97 29
1914 56 99 45
1915 56 102 21
1916 56 108 31
1917 56 114 23
1918 56 117 16
1919 56 120 41
1920 56 130 11
1921 56 131 38
1922 56 135 4
1923 56 137 44
1924 56 142 41
1925 56 149 1
1926 56 163 3
1927 56 192 19
1928 56 193 48
1929 57 59 26
1930 57 65 16
1931 57 66 30
1932 57 80 22
1933 57 84 38
1934 57 87 50
1935 57 89 23
1936 57 93 40
1937 57 98 24
1938 57 105 6
1939 57 123 38
1940 57 129 18
1941 57 134 16
1942 57 140 42
1943 57 142 14
1944 57 144 40
1945 57 145 34
1946 57 155 11
1947 57 159 2
1948 57 163 46
1949 57 174 43
1950 57 194 24
1951 57 195 18
1952 57 199 10
1953 58 62 44
1954 58 63 48
1955 58 72 14
1956 58 76 35
1957 58 84 30
1958 58 92 47
1959 58 95 2
1960 58 99 41
1961 58 102 48
1962 58 104 13
1963 58 105 2
1964 58 130 36
1965 58 133 4
1966 58 141 21
1967 58 144 13
1968 58 145 16
1969 58 150 25
1970 58 152 47
1971 58 153 18
1972 58 159 42
1973 58 162 21
1974 58 164 37
1975 58 175 47
1976 58 177 35
1977 58 189 28
1978 58 191 46
1979 58 195 34
1980 58 197 20
1981 59 74 37
1982 59 79 16
1983 59 82 6
1984 59 89 20
1985 59 95 10
1986 59 100 30
1987 59 103 50
1988 59 104 23
1989 59 105 16
1990 59 108 19
1991 59 110 21
1992 59 113 9
1993 59 123 12
1994 59 126 3
1995 59 137 2
1996 59 138 16
1997 59 139 37
1998 59 156 24
1999 59 163 35
2000 59 165 16
2001 59 168 36
2002 59 169 39
2003 59 174 46
2004 59 176 34
2005 59 185 26
2006 59 188 8
2007 59 199 10
2008 60 66 20
2009 60 67 29
2010 60 79 10
2011 60 98 49
2012 60 102 9
2013 60 106 39
2014 60 110 42
2015 60 116 9
2016 60 119 6
2017 60 123 13
2018 60 129 15
2019 60 131 31
2020 60 139 29
2021 60 146 14
2022 60 154 39
2023 60 157 18
2024 60 162 28
2025 60 163 49
2026 60 174 36
2027 60 177 15
2028 60 180 22
2029 60 181 30
2030 60 183 10
2031 60 186 19
2032 60 194 24
2033 60 196 38
2034 61 73 9
2035 61 79 26
2036 61 84 36
2037 61 85 38
2038 61 88 3
2039 61 92 37
2040 61 101 41
2041 61 102 17
2042 61 110 15
2043 61 112 5
2044 61 115 48
2045 61 117 5
2046 61 119 6
2047 61 122 6
2048 61 125 23
2049 61 127 28
2050 61 135 24
2051 61 146 35
2052 61 149 15
2053 61 160 4
2054 61 162 15
2055 61 168 2
2056 61 170 33
2057 61 172 17
2058 61 175 20
2059 61 179 44
2060 61 180 24
2061 61 185 1
2062 61 197 48
2063 62 71 24
2064 62 74 14
2065 62 76 26
2066 62 77 34
2067 62 88 3
2068 62 90 21
2069 62 94 14
2070 62 99 17
2071 62 103 23
2072 62 116 37
2073 62 118 36
2074 62 122 15
2075 62 124 9
2076 62 126 16
2077 62 129 4
2078 62 138 14
2079 62 140 48
2080 62 147 25
2081 62 149 23
2082 62 153 29
2083 62 161 24
2084 62 171 7
2085 62 174 1
2086 62 189 25
2087 62 191 16
2088 62 193 21
2089 63 76 15
2090 63 81 50
2091 63 85 29
2092 63 93 33
2093 63 95 7
2094 63 96 30
2095 63 99 47
2096 63 102 1
2097 63 109 40
2098 63 111 29
2099 63 117 10
2100 63 121 8
2101 63 123 46
2102 63 124 26
2103 63 125 35
2104 63 129 26
2105 63 132 42
2106 63 133 45
2107 63 136 35
2108 63 139 9
2109 63 144 2
2110 63 147 11
2111 63 148 36
2112 63 150 21
2113 63 151 11
2114 63 165 38
2115 63 178 50
2116 63 183 6
2117 63 184 26
2118 63 198 3
2119 64 75 35
2120 64 78 23
2121 64 82 45
2122 64 90 46
2123 64 91 35
2124 64 95 9
2125 64 101 39
2126 64 103 37
2127 64 107 40
2128 64 109 22
2129 64 111 29
2130 64 116 35
2131 64 117 8
2132 64 124 7
2133 64 133 42
2134 64 134 15
2135 64 140 13
2136 64 154 7
2137 64 156 7
2138 64 158 34
2139 64 161 25
2140 64 169 10
2141 64 187 3
2142 64 189 17
2143 64 191 1
2144 64 192 22
2145 64 194 36
2146 64 198 25
2147 65 67 39
2148 65 71 10
2149 65 74 15
2150 65 93 29
2151 65 95 32
2152 65 98 2
2153 65 101 50
2154 65 104 11
2155 65 108 6
2156 65 109 28
2157 65 119 20
2158 65 121 17
2159 65 124 48
2160 65 134 15
2161 65 138 5
2162 65 140 43
2163 65 141 30
2164 65 150 35
2165 65 152 25
2166 65 159 37
2167 65 162 4
2168 65 163 24
2169 65 170 18
2170 65 182 13
2171 65 183 36
2172 65 184 7
2173 66 75 34
2174 66 76 47
2175 66 85 34
2176 66 88 1
2177 66 113 7
2178 66 121 2
2179 66 122 6
2180 66 126 48
2181 66 131 24
2182 66 133 17
2183 66 134 6
2184 66 138 29
2185 66 146 8
2186 66 148 48
2187 66 155 20
2188 66 156 40
2189 66 160 10
2190 66 177 6
2191 66 180 43
2192 66 182 43
2193 66 184 37
2194 66 185 23
2195 66 191 37
2196 66 192 28
2197 66 193 16
2198 66 199 39
2199 67 73 33
2200 67 80 22
2201 67 85 43
2202 67 93 36
2203 67 97 43
2204 67 98 33
2205 67 111 9
2206 67 117 8
2207 67 118 48
2208 67 124 8
2209 67 128 11
2210 67 133 7
2211 67 137 30
2212 67 140 50
2213 67 141 37
2214 67 143 31
2215 67 154 29
2216 67 160 44
2217 67 169 20
2218 67 172 24
2219 67 192 1
2220 67 195 44
2221 68 69 44
2222 68 89 32
2223 68 90 46
2224 68 107 44
2225 68 109 13
2226 68 111 1
2227 68 114 10
2228 68 119 8
2229 68 120 12
2230 68 134 31
2231 68 139 2
2232 68 141 36
2233 68 144 26
2234 68 145 24
2235 68 153 8
2236 68 155 17
2237 68 158 49
2238 68 161 36
2239 68 162 36
2240 68 180 18
2241 68 185 2
2242 69 70 34
2243 69 71 36
2244 69 76 25
2245 69 79 37
2246 69 82 2
2247 69 85 47
2248 69 89 37
2249 69 100 26
2250 69 102 44
2251 69 109 23
2252 69 112 20
2253 69 117 50
2254 69 118 16
2255 69 120 29
2256 69 122 16
2257 69 123 23
2258 69 127 24
2259 69 131 23
2260 69 139 27
2261 69 154 33
2262 69 156 47
2263 69 163 47
2264 69 164 41
2265 69 166 35
2266 69 177 28
2267 69 183 12
2268 69 189 11
2269 69 194 48
2270 69 195 48
2271 69 199 44
2272 70 71 8
2273 70 72 27
2274 70 74 5
2275 70 77 31
2276 70 81 8
2277 70 83 15
2278 70 88 18
2279 70 91 13
2280 70 92 20
2281 70 97 31
2282 70 98 37
2283 70 100 44
2284 70 103 20
2285 70 106 24
2286 70 131 22
2287 70 138 12
2288 70 150 10
2289 70 156 46
2290 70 161 21
2291 70 166 19
2292 70 173 8
2293 70 175 38
2294 70 186 2
2295 70 187 18
2296 70 188 11
2297 70 190 38
2298 70 195 43
2299 70 197 1
2300 71 72 39
2301 71 74 49
2302 71 87 12
2303 71 88 48
2304 71 90 14
2305 71 92 41
2306 71 96 5
2307 71 98 43
2308 71 99 33
2309 71 108 8
2310 71 112 9
2311 71 116 42
2312 71 119 32
2313 71 120 42
2314 71 121 1
2315 71 124 27
2316 71 126 43
2317 71 128 49
2318 71 137 29
2319 71 139 11
2320 71 140 27
2321 71 144 3
2322 71 146 22
2323 71 158 29
2324 71 159 14
2325 71 171 16
2326 71 172 1
2327 71 180 19
2328 71 188 27
2329 71 192 44
2330 71 197 44
2331 71 199 1
2332 72 81 17
2333 72 85 30
2334 72 90 12
2335 72 97 18
2336 72 111 49
2337 72 124 35
2338 72 129 22
2339 72 131 1
2340 72 132 30
2341 72 146 35
2342 72 148 46
2343 72 155 32
2344 72 160 4
2345 72 165 12
2346 72 169 45
2347 72 175 20
2348 72 183 16
2349 72 197 11
2350 73 78 34
2351 73 79 21
2352 73 81 3
2353 73 82 44
2354 73 86 21
2355 73 97 35
2356 73 98 3
2357 73 104 41
2358 73 105 13
2359 73 108 43
2360 73 109 46
2361 73 113 32
2362 73 120 6
2363 73 125 49
2364 73 128 1
2365 73 130 49
2366 73 132 2
2367 73 135 5
2368 73 137 15
2369 73 139 43
2370 73 141 7
2371 73 152 6
2372 73 155 34
2373 73 161 23
2374 73 170 49
2375 73 171 31
2376 73 177 26
2377 73 193 15
2378 73 197 24
2379 73 199 24
2380 74 79 43
2381 74 81 8
2382 74 87 20
2383 74 90 23
2384 74 94 18
2385 74 99 48
2386 74 105 8
2387 74 107 10
2388 74 113 24
2389 74 114 3
2390 74 117 6
2391 74 123 50
2392 74 125 44
2393 74 126 12
2394 74 130 21
2395 74 145 46
2396 74 149 26
2397 74 152 50
2398 74 154 46
2399 74 156 6
2400 74 164 31
2401 74 166 40
2402 74 178 20
2403 74 179 17
2404 74 182 21
2405 74 183 17
2406 75 76 38
2407 75 80 5
2408 75 86 32
2409 75 90 45
2410 75 111 4
2411 75 129 12
2412 75 130 3
2413 75 131 26
2414 75 134 50
2415 75 139 26
2416 75 142 16
2417 75 143 50
2418 75 164 3
2419 75 166 21
2420 75 172 3
2421 75 173 31
2422 75 179 2
2423 75 181 14
2424 75 187 22
2425 75 198 43
2426 76 78 9
2427 76 88 11
2428 76 93 19
2429 76 105 46
2430 76 107 40
2431 76 126 31
2432 76 131 8
2433 76 133 23
2434 76 141 5
2435 76 146 13
2436 76 163 36
2437 76 164 29
2438 76 177 1
2439 76 178 34
2440 76 190 12
2441 77 81 27
2442 77 87 45
2443 77 96 24
2444 77 102 17
2445 77 104 9
2446 77 114 20
2447 77 134 37
2448 77 138 19
2449 77 139 40
2450 77 143 34
2451 77 146 26
2452 77 149 16
2453 77 153 7
2454 77 156 35
2455 77 162 7
2456 77 165 22
2457 77 186 6
2458 77 189 47
2459 77 192 38
2460 77 196 23
2461 78 82 17
2462 78 93 9
2463 78 106 19
2464 78 108 40
2465 78 109 44
2466 78 119 22
2467 78 120 42
2468 78 121 39
2469 78 122 21
2470 78 127 27
2471 78 129 45
2472 78 131 43
2473 78 132 30
2474 78 134 27
2475 78 143 15
2476 78 146 14
2477 78 151 46
2478 78 158 13
2479 78 162 14
2480 78 187 38
2481 78 194 37
2482 78 195 25
2483 78 199 28
2484 79 81 7
2485 79 85 4
2486 79 87 50
2487 79 97 35
2488 79 106 33
2489 79 110 38
2490 79 115 22
2491 79 119 10
2492 79 124 27
2493 79 134 3
2494 79 138 41
2495 79 140 27
2496 79 146 13
2497 79 161 33
2498 79 162 21
2499 79 164 22
2500 79 168 41
2501 79 170 15
2502 79 175 15
2503 79 176 2
2504 79 178 1
2505 79 183 18
2506 79 189 32
2507 79 195 19
2508 79 197 28
2509 80 87 40
2510 80 89 39
2511 80 104 37
2512 80 105 20
2513 80 107 27
2514 80 115 28
2515 80 116 5
2516 80 117 44
2517 80 119 25
2518 80 121 13
2519 80 122 16
2520 80 128 22
2521 80 129 17
2522 80 136 24
2523 80 140 44
2524 80 148 9
2525 80 149 42
2526 80 153 23
2527 80 157 4
2528 80 160 22
2529 80 162 15
2530 80 178 49
2531 80 185 40
2532 80 195 46
2533 81 83 33
2534 81 93 39
2535 81 95 18
2536 81 97 20
2537 81 102 49
2538 81 112 3
2539 81 114 34
2540 81 119 17
2541 81 126 4
2542 81 129 3
2543 81 133 47
2544 81 141 34
2545 81 142 34
2546 81 148 22
2547 81 152 2
2548 81 154 49
2549 81 158 11
2550 81 173 24
2551 81 175 40
2552 81 188 45
2553 81 195 10
2554 81 196 2
2555 81 197 15
2556 81 198 14
2557 82 85 4
2558 82 92 32
2559 82 97 27
2560 82 100 14
2561 82 101 5
2562 82 109 38
2563 82 110 37
2564 82 117 49
2565 82 122 8
2566 82 124 8
2567 82 127 27
2568 82 130 26
2569 82 136 30
2570 82 148 31
2571 82 156 21
2572 82 158 4
2573 82 164 10
2574 82 166 10
2575 82 169 32
2576 82 172 27
2577 82 187 28
2578 82 189 2
2579 82 192 18
2580 82 195 20
2581 83 88 4
2582 83 91 44
2583 83 104 38
2584 83 107 45
2585 83 108 22
2586 83 114 22
2587 83 117 20
2588 83 120 42
2589 83 126 25
2590 83 136 47
2591 83 147 7
2592 83 149 48
2593 83 166 46
2594 83 171 41
2595 83 174 39
2596 83 175 33
2597 83 183 6
2598 83 185 5
2599 83 188 28
2600 84 85 29
2601 84 90 48
2602 84 92 20
2603 84 94 5
2604 84 96 3
2605 84 97 27
2606 84 107 25
2607 84 108 41
2608 84 117 44
2609 84 122 22
2610 84 123 14
2611 84 125 24
2612 84 133 30
2613 84 134 16
2614 84 143 50
2615 84 147 19
2616 84 154 40
2617 84 156 10
2618 84 160 24
2619 84 161 42
2620 84 163 12
2621 84 166 29
2622 84 175 37
2623 84 176 29
2624 84 183 18
2625 84 186 15
2626 84 188 35
2627 84 193 14
2628 84 194 45
2629 84 195 50
2630 85 87 31
2631 85 89 30
2632 85 90 19
2633 85 95 9
2634 85 103 6
2635 85 105 12
2636 85 106 44
2637 85 107 50
2638 85 122 31
2639 85 123 2
2640 85 128 26
2641 85 135 37
2642 85 137 8
2643 85 144 48
2644 85 145 37
2645 85 148 50
2646 85 149 49
2647 85 152 50
2648 85 157 35
2649 85 161 36
2650 85 166 13
2651 85 174 49
2652 85 175 47
2653 85 178 33
2654 85 184 45
2655 85 186 6
2656 85 190 32
2657 85 192 31
2658 85 194 40
2659 85 198 12
2660 85 199 29
2661 86 87 2
2662 86 93 33
2663 86 99 9
2664 86 105 38
2665 86 107 45
2666 86 108 9
2667 86 113 40
2668 86 116 41
2669 86 117 16
2670 86 119 33
2671 86 122 28
2672 86 123 8
2673 86 126 47
2674 86 136 17
2675 86 141 36
2676 86 155 2
2677 86 162 4
2678 86 182 18
2679 86 184 27
2680 86 186 16
2681 86 187 27
2682 86 192 4
2683 86 194 11
2684 87 96 40
2685 87 98 9
2686 87 101 24
2687 87 103 7
2688 87 105 29
2689 87 107 46
2690 87 113 13
2691 87 125 37
2692 87 129 39
2693 87 130 40
2694 87 133 18
2695 87 155 30
2696 87 158 18
2697 87 165 32
2698 87 166 30
2699 87 170 42
2700 87 172 9
2701 87 183 2
2702 87 190 19
2703 87 191 36
2704 87 193 24
2705 87 195 6
2706 88 91 2
2707 88 92 46
2708 88 97 18
2709 88 112 25
2710 88 119 38
2711 88 129 30
2712 88 159 45
2713 88 161 41
2714 88 166 50
2715 88 167 27
2716 88 174 46
2717 88 176 24
2718 88 178 50
2719 88 183 8
2720 88 186 36
2721 88 187 41
2722 88 191 18
2723 88 196 49
2724 89 90 27
2725 89 94 30
2726 89 99 1
2727 89 100 44
2728 89 112 20
2729 89 115 18
2730 89 122 24
2731 89 128 46
2732 89 132 37
2733 89 134 30
2734 89 143 30
2735 89 147 40
2736 89 158 33
2737 89 160 32
2738 89 170 25
2739 89 176 40
2740 89 189 39
2741 89 190 28
2742 89 192 14
2743 90 97 29
2744 90 101 4
2745 90 115 25
2746 90 119 20
2747 90 128 33
2748 90 129 10
2749 90 135 10
2750 90 136 13
2751 90 141 39
2752 90 146 21
2753 90 152 48
2754 90 168 31
2755 90 170 31
2756 90 173 41
2757 90 176 9
2758 90 187 42
2759 90 191 10
2760 90 193 40
2761 91 93 12
2762 91 98 10
2763 91 102 26
2764 91 103 42
2765 91 110 50
2766 91 116 44
2767 91 118 34
2768 91 124 10
2769 91 129 40
2770 91 132 36
2771 91 144 4
2772 91 145 36
2773 91 155 34
2774 91 168 25
2775 91 171 21
2776 91 182 36
2777 91 192 41
2778 91 194 7
2779 92 98 27
2780 92 100 27
2781 92 102 23
2782 92 103 46
2783 92 117 25
2784 92 125 18
2785 92 141 14
2786 92 164 34
2787 92 170 39
2788 92 177 23
2789 92 180 11
2790 92 187 10
2791 92 193 16
2792 93 97 42
2793 93 100 21
2794 93 106 3
2795 93 126 13
2796 93 127 41
2797 93 130 13
2798 93 132 42
2799 93 134 46
2800 93 135 44
2801 93 149 23
2802 93 151 19
2803 93 164 7
2804 93 166 27
2805 93 172 42
2806 93 175 47
2807 93 179 37
2808 93 185 50
2809 93 188 25
2810 93 193 43
2811 93 195 39
2812 94 97 21
2813 94 99 11
2814 94 100 12
2815 94 104 36
2816 94 113 12
2817 94 115 46
2818 94 118 26
2819 94 122 22
2820 94 124 15
2821 94 125 16
2822 94 131 40
2823 94 132 42
2824 94 140 17
2825 94 144 4
2826 94 149 48
2827 94 154 41
2828 94 156 8
2829 94 162 28
2830 94 163 5
2831 94 164 18
2832 94 166 2
2833 94 167 34
2834 94 177 19
2835 94 181 34
2836 94 182 44
2837 94 185 32
2838 94 186 44
2839 94 187 25
2840 95 99 19
2841 95 100 15
2842 95 105 27
2843 95 109 39
2844 95 115 15
2845 95 118 44
2846 95 119 31
2847 95 122 6
2848 95 132 40
2849 95 135 1
2850 95 136 37
2851 95 142 11
2852 95 149 38
2853 95 156 41
2854 95 157 8
2855 95 158 1
2856 95 159 43
2857 95 165 23
2858 95 169 38
2859 95 172 3
2860 95 177 36
2861 95 180 13
2862 95 181 27
2863 95 186 1
2864 95 191 16
2865 95 194 30
2866 95 199 47
2867 96 103 34
2868 96 104 27
2869 96 108 22
2870 96 112 40
2871 96 119 24
2872 96 128 23
2873 96 132 24
2874 96 140 45
2875 96 144 17
2876 96 150 22
2877 96 151 26
2878 96 156 40
2879 96 168 33
2880 96 171 3
2881 96 189 10
2882 96 195 27
2883 96 197 44
2884 97 104 46
2885 97 115 14
2886 97 116 15
2887 97 117 15
2888 97 121 12
2889 97 126 10
2890 97 127 34
2891 97 139 40
2892 97 140 37
2893 97 169 26
2894 97 172 22
2895 97 187 15
2896 97 188 47
2897 97 195 44
2898 97 196 7
2899 97 199 32
2900 98 99 23
2901 98 101 41
2902 98 104 7
2903 98 105 47
2904 98 118 32
2905 98 128 6
2906 98 130 36
2907 98 135 38
2908 98 136 18
2909 98 145 41
2910 98 149 38
2911 98 152 36
2912 98 154 12
2913 98 158 8
2914 98 170 33
2915 98 174 9
2916 98 175 22
2917 98 192 50
2918 98 193 13
2919 99 100 50
2920 99 109 11
2921 99 111 22
2922 99 128 30
2923 99 131 20
2924 99 133 37
2925 99 142 30
2926 99 148 16
2927 99 153 34
2928 99 154 19
2929 99 156 39
2930 99 170 39
2931 99 175 30
2932 99 178 15
2933 99 180 8
2934 99 183 23
2935 99 186 43
2936 99 187 23
2937 99 193 50
2938 99 195 43
2939 99 198 32
2940 100 101 15
2941 100 103 30
2942 100 107 50
2943 100 111 22
2944 100 112 12
2945 100 120 16
2946 100 130 38
2947 100 137 26
2948 100 149 11
2949 100 150 40
2950 100 154 38
2951 100 157 25
2952 100 158 30
2953 100 160 4
2954 100 161 34
2955 100 168 37
2956 100 172 41
2957 100 180 5
2958 100 189 46
2959 100 190 5
2960 100 191 30
2961 101 112 13
2962 101 113 29
2963 101 116 44
2964 101 117 36
2965 101 119 4
2966 101 121 2
2967 101 144 3
2968 101 146 14
2969 101 147 7
2970 101 148 25
2971 101 159 34
2972 101 164 38
2973 101 170 17
2974 101 172 42
2975 101 175 39
2976 101 176 44
2977 101 178 31
2978 101 194 33
2979 102 103 42
2980 102 110 7
2981 102 116 17
2982 102 123 24
2983 102 125 8
2984 102 138 29
2985 102 139 10
2986 102 145 40
2987 102 150 45
2988 102 153 23
2989 102 159 48
2990 102 161 27
2991 102 162 30
2992 102 170 18
2993 102 173 17
2994 102 196 3
2995 102 198 36
2996 102 199 19
2997 103 111 18
2998 103 112 14
2999 103 132 14
3000 103 139 21
3001 103 146 44
3002 103 151 32
3003 103 154 23
3004 103 169 22
3005 103 174 8
3006 103 177 14
3007 103 198 7
3008 104 111 24
3009 104 114 40
3010 104 116 45
3011 104 117 2
3012 104 118 35
3013 104 122 19
3014 104 134 24
3015 104 136 45
3016 104 138 6
3017 104 146 24
3018 104 156 30
3019 104 157 46
3020 104 158 41
3021 104 162 25
3022 104 169 48
3023 104 170 10
3024 104 171 10
3025 104 172 8
3026 104 180 40
3027 104 181 33
3028 104 184 17
3029 104 189 42
3030 104 193 4
3031 104 198 24
3032 104 199 38
3033 105 111 12
3034 105 123 11
3035 105 129 7
3036 105 132 34
3037 105 139 50
3038 105 140 25
3039 105 150 24
3040 105 152 31
3041 105 165 17
3042 105 171 27
3043 105 172 25
3044 105 173 26
3045 105 174 5
3046 105 178 20
3047 105 182 46
3048 105 186 20
3049 105 189 27
3050 105 190 40
3051 106 118 4
3052 106 121 49
3053 106 123 36
3054 106 126 12
3055 106 134 19
3056 106 136 45
3057 106 143 1
3058 106 151 7
3059 106 152 18
3060 106 163 33
3061 106 165 12
3062 106 166 10
3063 106 168 19
3064 106 172 12
3065 106 185 3
3066 106 195 3
3067 106 198 39
3068 107 112 36
3069 107 115 7
3070 107 128 35
3071 107 129 7
3072 107 130 20
3073 107 135 48
3074 107 137 4
3075 107 140 34
3076 107 141 45
3077 107 144 26
3078 107 149 34
3079 107 152 11
3080 107 169 12
3081 107 170 23
3082 107 180 22
3083 107 181 1
3084 107 182 1
3085 107 185 18
3086 107 186 41
3087 107 189 37
3088 107 191 24
3089 107 196 9
3090 108 112 40
3091 108 119 11
3092 108 121 11
3093 108 124 30
3094 108 133 4
3095 108 135 22
3096 108 136 9
3097 108 141 25
3098 108 157 11
3099 108 168 28
3100 108 177 2
3101 108 179 28
3102 108 180 37
3103 108 186 26
3104 108 190 6
3105 108 191 7
3106 108 196 47
3107 108 197 43
3108 108 199 40
3109 109 110 7
3110 109 123 7
3111 109 126 2
3112 109 129 15
3113 109 134 47
3114 109 146 44
3115 109 147 27
3116 109 148 35
3117 109 150 14
3118 109 153 42
3119 109 161 46
3120 109 165 18
3121 109 170 2
3122 109 171 9
3123 109 174 43
3124 109 183 2
3125 109 188 37
3126 109 195 39
3127 110 113 5
3128 110 121 46
3129 110 125 20
3130 110 139 49
3131 110 155 16
3132 110 157 21
3133 110 158 22
3134 110 170 17
3135 110 183 25
3136 111 112 11
3137 111 115 31
3138 111 118 23
3139 111 122 41
3140 111 124 17
3141 111 125 32
3142 111 128 50
3143 111 137 32
3144 111 141 49
3145 111 145 13
3146 111 152 8
3147 111 155 47
3148 111 159 37
3149 111 167 23
3150 111 177 48
3151 111 180 9
3152 111 182 30
3153 111 188 48
3154 111 191 31
3155 111 195 49
3156 111 199 14
3157 112 116 48
3158 112 122 23
3159 112 125 19
3160 112 132 12
3161 112 141 34
3162 112 144 25
3163 112 146 14
3164 112 152 39
3165 112 157 17
3166 112 160 3
3167 112 173 12
3168 112 188 2
3169 112 189 9
3170 112 193 7
3171 112 198 31
3172 113 116 38
3173 113 117 18
3174 113 120 28
3175 113 124 28
3176 113 125 19
3177 113 131 28
3178 113 132 47
3179 113 137 42
3180 113 139 21
3181 113 145 22
3182 113 151 30
3183 113 169 23
3184 113 176 24
3185 113 193 22
3186 113 197 49
3187 113 199 23
3188 114 115 32
3189 114 116 7
3190 114 117 26
3191 114 118 32
3192 114 123 34
3193 114 135 23
3194 114 140 37
3195 114 150 31
3196 114 163 22
3197 114 176 4
3198 114 184 26
3199 114 187 5
3200 114 190 23
3201 114 191 5
3202 114 195 20
3203 114 198 13
3204 114 199 41
3205 115 118 12
3206 115 122 4
3207 115 125 17
3208 115 132 33
3209 115 142 23
3210 115 159 26
3211 115 160 6
3212 115 166 30
3213 115 171 10
3214 115 175 24
3215 115 178 36
3216 115 187 39
3217 115 188 50
3218 115 190 41
3219 115 197 13
3220 116 122 33
3221 116 124 29
3222 116 132 7
3223 116 135 6
3224 116 140 47
3225 116 143 8
3226 116 149 13
3227 116 157 35
3228 116 158 17
3229 116 159 31
3230 116 161 7
3231 116 165 10
3232 116 166 45
3233 116 169 31
3234 116 177 17
3235 116 181 25
3236 116 189 26
3237 116 190 47
3238 116 192 22
3239 116 198 47
3240 117 118 6
3241 117 121 10
3242 117 122 43
3243 117 125 14
3244 117 127 10
3245 117 133 47
3246 117 136 33
3247 117 137 25
3248 117 151 31
3249 117 165 1
3250 117 166 39
3251 117 177 3
3252 117 183 36
3253 117 185 15
3254 117 188 17
3255 117 198 44
3256 117 199 7
3257 118 122 28
3258 118 123 42
3259 118 130 41
3260 118 131 35
3261 118 146 20
3262 118 156 41
3263 118 157 5
3264 118 158 17
3265 118 165 46
3266 118 176 6
3267 118 177 49
3268 118 188 36
3269 118 190 13
3270 118 192 18
3271 118 193 14
3272 118 196 18
3273 118 197 25
3274 118 198 11
3275 119 121 8
3276 119 126 25
3277 119 137 15
3278 119 143 23
3279 119 148 15
3280 119 151 26
3281 119 152 1
3282 119 158 20
3283 119 161 39
3284 119 165 32
3285 119 169 12
3286 119 181 1
3287 119 183 24
3288 119 191 10
3289 120 125 47
3290 120 129 48
3291 120 133 9
3292 120 139 38
3293 120 141 39
3294 120 145 4
3295 120 151 7
3296 120 155 34
3297 120 164 2
3298 120 176 36
3299 120 190 43
3300 120 196 18
3301 120 199 22
3302 121 122 6
3303 121 128 42
3304 121 131 38
3305 121 133 8
3306 121 134 40
3307 121 135 34
3308 121 160 1
3309 121 162 5
3310 121 166 27
3311 121 168 43
3312 121 182 45
3313 121 185 45
3314 121 186 5
3315 121 187 49
3316 121 191 15
3317 121 196 23
3318 121 198 24
3319 122 128 4
3320 122 129 29
3321 122 133 20
3322 122 136 35
3323 122 140 16
3324 122 142 7
3325 122 144 28
3326 122 148 31
3327 122 150 44
3328 122 154 27
3329 122 158 15
3330 122 159 5
3331 122 184 16
3332 123 125 24
3333 123 129 27
3334 123 142 36
3335 123 152 38
3336 123 164 8
3337 123 171 32
3338 123 175 9
3339 123 177 49
3340 123 179 29
3341 123 197 35
3342 124 125 9
3343 124 129 41
3344 124 132 29
3345 124 136 22
3346 124 138 24
3347 124 140 9
3348 124 145 27
3349 124 150 6
3350 124 152 10
3351 124 154 10
3352 124 161 4
3353 124 163 28
3354 124 168 27
3355 124 169 14
3356 124 177 42
3357 124 180 11
3358 124 189 44
3359 125 128 33
3360 125 129 46
3361 125 131 46
3362 125 136 26
3363 125 138 6
3364 125 145 39
3365 125 154 40
3366 125 164 14
3367 125 165 10
3368 125 167 35
3369 125 171 21
3370 125 179 1
3371 125 180 24
3372 125 186 13
3373 125 188 5
3374 125 197 43
3375 126 128 26
3376 126 132 25
3377 126 139 19
3378 126 140 49
3379 126 141 15
3380 126 142 37
3381 126 161 33
3382 126 162 44
3383 126 167 5
3384 126 178 6
3385 126 180 18
3386 126 189 14
3387 126 193 14
3388 127 128 47
3389 127 146 6
3390 127 157 42
3391 127 164 34
3392 127 171 48
3393 127 175 35
3394 127 176 10
3395 127 184 39
3396 127 185 40
3397 127 191 27
3398 127 195 45
3399 127 197 8
3400 127 198 7
3401 127 199 14
3402 128 130 46
3403 128 133 25
3404 128 134 5
3405 128 135 39
3406 128 138 43
3407 128 141 23
3408 128 142 14
3409 128 144 31
3410 128 147 34
3411 128 149 48
3412 128 151 20
3413 128 156 3
3414 128 158 1
3415 128 166 23
3416 128 176 32
3417 128 188 15
3418 128 195 3
3419 128 198 13
3420 129 130 17
3421 129 132 10
3422 129 138 18
3423 129 139 16
3424 129 140 31
3425 129 147 17
3426 129 159 43
3427 129 163 1
3428 129 168 18
3429 129 173 34
3430 129 179 36
3431 129 180 30
3432 129 190 16
3433 129 198 15
3434 130 135 1
3435 130 137 3
3436 130 139 34
3437 130 142 7
3438 130 145 42
3439 130 147 21
3440 130 152 15
3441 130 156 3
3442 130 158 36
3443 130 159 4
3444 130 162 2
3445 130 167 18
3446 130 168 4
3447 130 172 41
3448 130 173 28
3449 130 175 33
3450 130 177 10
3451 130 179 50
3452 130 184 20
3453 130 190 19
3454 130 193 30
3455 130 198 12
3456 131 135 13
3457 131 136 35
3458 131 138 44
3459 131 140 1
3460 131 148 1
3461 131 151 48
3462 131 153 41
3463 131 154 17
3464 131 155 13
3465 131 179 48
3466 131 183 37
3467 131 188 26
3468 131 189 45
3469 131 196 41
3470 132 136 35
3471 132 141 31
3472 132 144 28
3473 132 156 22
3474 132 157 26
3475 132 162 49
3476 132 165 43
3477 132 167 30
3478 132 170 46
3479 132 174 48
3480 132 177 18
3481 132 178 4
3482 132 185 23
3483 132 190 17
3484 132 198 22
3485 133 135 8
3486 133 150 40
3487 133 152 45
3488 133 156 32
3489 133 161 37
3490 133 172 49
3491 133 175 9
3492 133 180 42
3493 133 185 35
3494 133 187 31
3495 133 195 35
3496 133 196 47
3497 134 136 33
3498 134 139 16
3499 134 155 4
3500 134 161 36
3501 134 165 35
3502 134 172 22
3503 134 174 47
3504 134 180 16
3505 134 182 39
3506 134 183 43
3507 134 189 42
3508 134 192 14
3509 134 199 40
3510 135 137 48
3511 135 138 44
3512 135 144 11
3513 135 154 19
3514 135 159 31
3515 135 162 22
3516 135 163 47
3517 135 178 44
3518 135 179 8
3519 135 181 8
3520 135 186 33
3521 135 196 37
3522 135 199 1
3523 136 140 1
3524 136 145 4
3525 136 151 45
3526 136 158 35
3527 136 163 15
3528 136 165 45
3529 136 173 41
3530 136 176 39
3531 136 184 35
3532 136 198 15
3533 137 145 4
3534 137 148 33
3535 137 152 48
3536 137 159 25
3537 137 162 5
3538 137 166 12
3539 137 170 24
3540 137 172 48
3541 137 174 15
3542 137 183 16
3543 137 184 12
3544 138 147 42
3545 138 148 37
3546 138 149 37
3547 138 152 9
3548 138 153 26
3549 138 155 43
3550 138 156 36
3551 138 165 39
3552 138 167 15
3553 138 169 5
3554 138 173 8
3555 138 175 5
3556 138 180 8
3557 138 183 24
3558 138 187 1
3559 138 192 41
3560 138 198 13
3561 139 142 32
3562 139 143 24
3563 139 148 7
3564 139 150 38
3565 139 154 35
3566 139 157 43
3567 139 165 24
3568 139 168 11
3569 139 172 15
3570 139 173 46
3571 139 179 31
3572 139 192 13
3573 140 145 8
3574 140 147 47
3575 140 154 20
3576 140 159 49
3577 140 165 42
3578 140 167 47
3579 140 171 45
3580 140 175 32
3581 140 177 7
3582 140 178 7
3583 140 183 26
3584 140 184 22
3585 140 186 46
3586 140 191 34
3587 140 196 13
3588 140 198 48
3589 141 143 21
3590 141 151 49
3591 141 160 33
3592 141 162 37
3593 141 165 44
3594 141 167 32
3595 141 179 18
3596 141 186 1
3597 141 190 46
3598 141 194 32
3599 141 197 47
3600 142 143 22
3601 142 150 31
3602 142 161 26
3603 142 164 3
3604 142 167 13
3605 142 190 32
3606 142 191 26
3607 143 150 10
3608 143 151 29
3609 143 154 30
3610 143 161 18
3611 143 163 25
3612 143 168 7
3613 143 169 21
3614 143 181 2
3615 143 190 45
3616 143 191 47
3617 143 193 14
3618 143 196 11
3619 144 145 48
3620 144 146 26
3621 144 151 40
3622 144 152 24
3623 144 154 4
3624 144 156 1
3625 144 163 45
3626 144 167 20
3627 144 169 29
3628 144 181 10
3629 144 185 40
3630 144 189 36
3631 145 149 50
3632 145 151 5
3633 145 153 32
3634 145 159 20
3635 145 160 33
3636 145 173 14
3637 145 176 25
3638 145 177 32
3639 145 179 30
3640 145 183 21
3641 145 188 50
3642 145 189 22
3643 145 197 38
3644 146 156 19
3645 146 162 18
3646 146 167 31
3647 146 174 13
3648 146 181 19
3649 146 184 21
3650 146 199 19
3651 147 150 3
3652 147 152 3
3653 147 155 47
3654 147 163 45
3655 147 170 8
3656 147 174 4
3657 147 176 17
3658 147 177 26
3659 147 183 39
3660 147 186 3
3661 147 191 34
3662 147 193 5
3663 147 196 13
3664 147 198 3
3665 148 149 13
3666 148 151 36
3667 148 159 15
3668 148 160 27
3669 148 165 5
3670 148 179 16
3671 148 180 20
3672 148 194 36
3673 148 197 11
3674 148 199 48
3675 149 150 20
3676 149 155 4
3677 149 158 34
3678 149 161 50
3679 149 162 13
3680 149 165 43
3681 149 167 14
3682 149 175 33
3683 149 178 9
3684 149 184 43
3685 149 186 3
3686 149 188 6
3687 149 197 7
3688 149 198 18
3689 150 154 46
3690 150 159 40
3691 150 160 33
3692 150 161 3
3693 150 164 12
3694 150 169 22
3695 150 181 31
3696 150 183 10
3697 151 170 38
3698 151 177 25
3699 151 185 1
3700 151 186 32
3701 151 190 26
3702 151 191 31
3703 152 155 1
3704 152 158 8
3705 152 163 22
3706 152 164 16
3707 152 168 3
3708 152 178 50
3709 152 180 40
3710 152 183 22
3711 152 185 50
3712 152 186 45
3713 152 188 6
3714 152 195 37
3715 152 198 44
3716 152 199 8
3717 153 165 23
3718 153 169 2
3719 153 173 13
3720 153 178 43
3721 153 182 11
3722 153 196 10
3723 153 199 46
3724 154 160 31
3725 154 164 1
3726 154 167 31
3727 154 170 29
3728 154 171 27
3729 154 191 11
3730 154 194 3
3731 155 157 29
3732 155 158 27
3733 155 173 5
3734 155 174 48
3735 155 180 44
3736 155 181 24
3737 155 197 36
3738 156 158 18
3739 156 160 11
3740 156 164 6
3741 156 167 34
3742 156 171 34
3743 156 176 1
3744 156 187 46
3745 156 193 8
3746 156 194 20
3747 156 198 2
3748 156 199 37
3749 157 165 14
3750 157 167 45
3751 157 168 37
3752 157 173 8
3753 157 179 37
3754 157 182 5
3755 157 189 10
3756 157 196 50
3757 158 159 1
3758 158 160 1
3759 158 164 33
3760 158 166 45
3761 158 178 39
3762 158 182 9
3763 158 185 18
3764 158 188 16
3765 158 189 9
3766 158 191 33
3767 158 199 29
3768 159 160 16
3769 159 165 8
3770 159 173 25
3771 159 174 2
3772 159 178 33
3773 159 181 26
3774 159 182 28
3775 159 183 15
3776 159 197 6
3777 159 198 18
3778 160 162 8
3779 160 164 48
3780 160 176 46
3781 160 178 23
3782 160 183 14
3783 160 185 28
3784 160 192 33
3785 160 195 9
3786 160 197 20
3787 160 198 16
3788 160 199 4
3789 161 175 39
3790 161 177 44
3791 161 180 11
3792 161 181 29
3793 161 188 43
3794 161 191 13
3795 161 195 12
3796 161 197 27
3797 161 199 25
3798 162 163 2
3799 162 167 48
3800 162 169 48
3801 162 173 39
3802 162 174 14
3803 162 180 49
3804 162 192 14
3805 163 164 43
3806 163 185 9
3807 163 192 30
3808 163 195 22
3809 164 165 39
3810 164 166 2
3811 164 170 44
3812 164 174 31
3813 164 180 23
3814 164 182 31
3815 164 184 10
3816 164 193 3
3817 164 194 25
3818 164 198 20
3819 165 168 42
3820 165 190 48
3821 165 191 35
3822 165 193 42
3823 166 169 42
3824 166 173 8
3825 166 175 44
3826 166 194 44
3827 167 168 26
3828 167 174 1
3829 167 177 28
3830 167 186 35
3831 167 191 31
3832 167 195 26
3833 167 196 20
3834 168 169 48
3835 168 174 35
3836 168 175 10
3837 168 177 45
3838 168 179 48
3839 168 181 23
3840 168 183 13
3841 168 184 5
3842 168 187 24
3843 168 188 23
3844 168 190 45
3845 169 170 10
3846 169 179 46
3847 169 181 17
3848 169 183 44
3849 169 186 49
3850 169 187 1
3851 169 188 28
3852 169 189 47
3853 169 191 37
3854 169 199 20
3855 170 171 29
3856 170 172 7
3857 170 174 30
3858 170 192 16
3859 170 193 15
3860 170 194 48
3861 171 181 44
3862 171 185 9
3863 171 195 14
3864 171 196 2
3865 172 173 11
3866 172 184 19
3867 173 193 23
3868 173 197 6
3869 174 175 2
3870 174 180 35
3871 174 190 37
3872 174 194 21
3873 175 179 45
3874 175 188 42
3875 175 196 15
3876 176 189 15
3877 176 194 7
3878 176 196 32
3879 177 190 12
3880 177 195 22
3881 177 197 50
3882 178 184 23
3883 178 191 27
3884 178 197 21
3885 179 181 38
3886 179 193 14
3887 179 194 43
3888 179 195 15
3889 179 198 35
3890 179 199 14
3891 180 181 15
3892 180 186 37
3893 181 182 44
3894 181 186 30
3895 181 188 16
3896 181 189 24
3897 181 191 14
3898 181 197 1
3899 182 185 19
3900 182 195 29
3901 183 193 16
3902 183 198 5
3903 184 187 44
3904 184 190 8
3905 185 186 12
3906 185 187 39
3907 185 197 9
3908 185 198 32
3909 186 193 7
3910 186 196 12
3911 187 191 12
3912 187 194 11
3913 187 197 41
3914 188 189 6
3915 188 190 5
3916 189 191 30
3917 189 194 16
3918 190 192 20
3919 190 198 11
3920 191 196 46
3921 192 193 42
3922 192 197 37
3923 192 199 35
3924 193 198 27
3925 194 195 24
3926 194 197 37
3927 195 199 41
3928 196 198 44
