200 3906 10 50
0 43
1 40
2 20
3 8
4 45
5 36
6 27
7 44
8 4
9 16
10 42
11 14
12 26
13 30
14 20
15 39
16 14
17 28
18 36
19 7
20 46
21 15
22 45
23 50
24 28
25 41
26 17
27 43
28 15
29 25
30 39
31 44
32 37
33 9
34 18
35 13
36 16
37 31
38 27
39 20
40 38
41 15
42 19
43 21
44 11
45 6
46 44
47 18
48 2
49 38
50 44
51 11
52 24
53 39
54 45
55 39
56 47
57 44
58 14
59 35
60 37
61 10
62 5
63 43
64 17
65 36
66 34
67 43
68 3
69 18
70 49
71 3
72 24
73 41
74 35
75 17
76 1
77 8
78 49
79 49
80 37
81 26
82 34
83 7
84 30
85 11
86 39
87 47
88 26
89 6
90 8
91 14
92 7
93 11
94 19
95 12
96 3
97 3
98 29
99 16
100 41
101 2
102 35
103 40
104 33
105 18
106 6
107 34
108 48
109 16
110 11
111 3
112 19
113 41
114 26
115 14
116 43
117 11
118 39
119 8
120 4
121 15
122 11
123 13
124 33
125 25
126 24
127 22
128 41
129 45
130 15
131 27
132 9
133 8
134 22
135 40
136 48
137 31
138 34
139 5
140 16
141 32
142 33
143 18
144 17
145 44
146 9
147 31
148 2
149 26
150 27
151 5
152 37
153 34
154 2
155 31
156 50
157 50
158 17
159 15
160 8
161 27
162 24
163 18
164 25
165 33
166 21
167 28
168 31
169 16
170 50
171 37
172 3
173 35
174 6
175 49
176 4
177 5
178 25
179 37
180 11
181 2
182 14
183 29
184 38
185 22
186 47
187 5
188 2
189 12
190 43
191 46
192 36
193 47
194 48
195 37
196 24
197 10
198 44
199 49
0 0 4 6
1 0 5 7
2 0 10 9
3 0 17 2
4 0 18 9
5 0 42 8
6 0 45 9
7 0 50 7
8 0 56 10
9 0 69 10
10 0 70 6
11 0 79 5
12 0 80 8
13 0 82 5
14 0 84 3
15 0 96 10
16 0 97 7
17 0 98 10
18 0 105 7
19 0 109 8
20 0 118 10
21 0 119 8
22 0 131 6
23 0 133 2
24 0 137 3
25 0 143 10
26 0 151 3
27 0 157 10
28 0 158 9
29 0 160 2
30 0 161 9
31 0 164 4
32 0 165 8
33 0 180 1
34 0 183 10
35 0 186 5
36 0 188 9
37 1 16 10
38 1 25 6
39 1 28 5
40 1 43 6
41 1 54 8
42 1 55 8
43 1 64 6
44 1 81 1
45 1 86 4
46 1 88 4
47 1 91 2
48 1 94 1
49 1 96 1
50 1 97 3
51 1 100 1
52 1 102 4
53 1 103 3
54 1 107 10
55 1 108 8
56 1 113 2
57 1 116 3
58 1 118 4
59 1 124 10
60 1 125 3
61 1 129 5
62 1 131 10
63 1 138 2
64 1 143 2
65 1 145 1
66 1 149 4
67 1 152 8
68 1 157 2
69 1 165 1
70 1 166 8
71 1 184 5
72 1 186 6
73 2 5 3
74 2 11 9
75 2 15 1
76 2 21 7
77 2 37 4
78 2 40 6
79 2 50 5
80 2 52 4
81 2 53 8
82 2 57 2
83 2 63 10
84 2 66 6
85 2 74 8
86 2 81 9
87 2 86 9
88 2 88 6
89 2 108 4
90 2 121 8
91 2 122 7
92 2 127 8
93 2 128 2
94 2 134 3
95 2 135 2
96 2 137 9
97 2 138 5
98 2 140 5
99 2 143 2
100 2 149 7
101 2 152 5
102 2 155 6
103 2 156 7
104 2 166 4
105 2 174 8
106 2 175 10
107 2 176 2
108 2 191 3
109 2 198 6
110 3 4 4
111 3 5 7
112 3 8 8
113 3 16 10
114 3 17 8
115 3 29 5
116 3 30 6
117 3 31 8
118 3 33 5
119 3 36 10
120 3 37 6
121 3 39 1
122 3 49 9
123 3 53 6
124 3 56 7
125 3 60 9
126 3 61 10
127 3 66 3
128 3 67 6
129 3 74 4
130 3 87 5
131 3 93 3
132 3 105 6
133 3 112 3
134 3 121 8
135 3 124 1
136 3 127 5
137 3 130 4
138 3 132 8
139 3 148 4
140 3 159 2
141 3 163 2
142 3 186 9
143 3 190 2
144 3 194 1
145 4 5 2
146 4 11 9
147 4 14 8
148 4 18 2
149 4 20 4
150 4 21 6
151 4 33 8
152 4 40 1
153 4 42 6
154 4 44 2
155 4 47 9
156 4 50 7
157 4 53 4
158 4 58 1
159 4 59 6
160 4 64 3
161 4 66 6
162 4 68 4
163 4 70 5
164 4 72 6
165 4 81 9
166 4 99 3
167 4 104 7
168 4 105 1
169 4 106 6
170 4 111 2
171 4 114 2
172 4 117 7
173 4 124 4
174 4 126 10
175 4 127 10
176 4 151 6
177 4 153 5
178 4 154 6
179 4 159 1
180 4 160 2
181 4 166 2
182 4 176 8
183 4 183 5
184 4 197 2
185 5 6 5
186 5 14 1
187 5 15 2
188 5 18 4
189 5 21 2
190 5 33 10
191 5 43 6
192 5 45 1
193 5 53 8
194 5 60 5
195 5 62 5
196 5 71 5
197 5 81 4
198 5 86 5
199 5 95 4
200 5 99 5
201 5 111 10
202 5 115 3
203 5 116 6
204 5 117 2
205 5 124 2
206 5 128 10
207 5 131 3
208 5 136 10
209 5 141 6
210 5 143 6
211 5 146 10
212 5 148 10
213 5 154 9
214 5 159 2
215 5 183 4
216 6 8 2
217 6 16 1
218 6 18 6
219 6 22 2
220 6 23 10
221 6 26 5
222 6 30 2
223 6 34 8
224 6 36 9
225 6 45 10
226 6 51 9
227 6 57 3
228 6 63 10
229 6 70 2
230 6 71 5
231 6 78 3
232 6 88 8
233 6 91 9
234 6 95 3
235 6 120 9
236 6 121 2
237 6 123 2
238 6 125 9
239 6 132 2
240 6 144 8
241 6 148 2
242 6 149 5
243 6 151 1
244 6 152 2
245 6 156 8
246 6 158 9
247 6 164 6
248 6 166 10
249 6 175 1
250 6 176 2
251 6 178 2
252 6 180 7
253 6 182 10
254 6 185 5
255 6 187 5
256 6 188 7
257 6 189 5
258 6 193 8
259 7 8 4
260 7 13 3
261 7 15 6
262 7 16 6
263 7 18 3
264 7 23 7
265 7 35 4
266 7 46 9
267 7 50 9
268 7 55 9
269 7 58 7
270 7 65 1
271 7 71 1
272 7 74 10
273 7 82 8
274 7 86 1
275 7 87 6
276 7 90 7
277 7 92 1
278 7 96 9
279 7 100 5
280 7 101 4
281 7 103 6
282 7 105 1
283 7 107 9
284 7 110 1
285 7 114 6
286 7 121 4
287 7 128 5
288 7 129 8
289 7 139 2
290 7 145 3
291 7 147 10
292 7 152 10
293 7 155 2
294 7 158 3
295 7 172 9
296 7 173 9
297 7 177 3
298 7 183 1
299 7 187 3
300 7 192 3
301 8 13 8
302 8 18 9
303 8 25 7
304 8 27 8
305 8 30 7
306 8 41 7
307 8 45 9
308 8 48 3
309 8 51 2
310 8 59 6
311 8 60 7
312 8 66 3
313 8 74 7
314 8 82 5
315 8 83 5
316 8 87 3
317 8 89 6
318 8 91 9
319 8 92 9
320 8 105 5
321 8 107 4
322 8 112 8
323 8 120 3
324 8 121 2
325 8 122 3
326 8 127 1
327 8 128 7
328 8 133 9
329 8 136 9
330 8 137 8
331 8 138 10
332 8 139 5
333 8 140 2
334 8 144 7
335 8 153 6
336 8 155 6
337 8 160 7
338 8 161 10
339 8 162 1
340 8 163 7
341 8 174 6
342 8 175 4
343 8 178 9
344 8 182 1
345 8 185 7
346 8 193 4
347 9 11 7
348 9 16 2
349 9 21 9
350 9 22 10
351 9 28 5
352 9 30 3
353 9 35 9
354 9 44 8
355 9 46 8
356 9 49 2
357 9 59 4
358 9 62 3
359 9 63 1
360 9 71 5
361 9 75 6
362 9 76 8
363 9 80 3
364 9 81 6
365 9 91 4
366 9 94 3
367 9 96 1
368 9 100 3
369 9 103 6
370 9 104 6
371 9 105 2
372 9 110 2
373 9 118 6
374 9 125 7
375 9 127 2
376 9 128 8
377 9 136 2
378 9 140 3
379 9 142 1
380 9 159 3
381 9 165 7
382 9 169 4
383 9 173 4
384 9 176 8
385 9 180 8
386 9 183 10
387 9 185 5
388 9 192 4
389 9 194 1
390 10 15 3
391 10 22 9
392 10 29 3
393 10 32 9
394 10 33 3
395 10 35 8
396 10 37 1
397 10 40 5
398 10 49 7
399 10 72 6
400 10 75 1
401 10 80 2
402 10 86 6
403 10 93 4
404 10 95 7
405 10 96 4
406 10 103 3
407 10 104 3
408 10 105 7
409 10 110 5
410 10 114 5
411 10 122 6
412 10 125 8
413 10 128 10
414 10 134 5
415 10 137 5
416 10 140 2
417 10 155 2
418 10 162 9
419 10 163 6
420 10 171 3
421 10 174 7
422 10 180 7
423 10 184 5
424 10 185 10
425 10 191 6
426 10 197 3
427 11 16 10
428 11 21 3
429 11 32 2
430 11 35 10
431 11 36 5
432 11 41 5
433 11 47 5
434 11 50 1
435 11 52 7
436 11 54 9
437 11 62 2
438 11 68 8
439 11 72 3
440 11 75 8
441 11 76 4
442 11 91 1
443 11 92 3
444 11 97 4
445 11 103 1
446 11 104 1
447 11 112 8
448 11 114 1
449 11 117 4
450 11 120 7
451 11 121 3
452 11 129 4
453 11 135 10
454 11 148 1
455 11 150 1
456 11 154 8
457 11 155 2
458 11 167 1
459 11 180 10
460 11 181 7
461 11 189 8
462 11 191 4
463 11 192 7
464 11 194 10
465 11 197 8
466 11 198 9
467 12 26 3
468 12 27 7
469 12 30 7
470 12 34 8
471 12 36 10
472 12 40 10
473 12 44 4
474 12 47 2
475 12 49 4
476 12 51 7
477 12 56 7
478 12 58 7
479 12 60 6
480 12 68 5
481 12 78 2
482 12 84 5
483 12 86 3
484 12 95 3
485 12 97 8
486 12 101 4
487 12 102 3
488 12 105 4
489 12 110 5
490 12 111 3
491 12 115 8
492 12 118 4
493 12 120 10
494 12 128 6
495 12 140 2
496 12 141 3
497 12 143 1
498 12 148 4
499 12 151 1
500 12 152 1
501 12 153 2
502 12 168 3
503 12 178 3
504 12 186 6
505 12 189 7
506 12 192 8
507 12 197 3
508 13 22 7
509 13 27 2
510 13 29 8
511 13 34 9
512 13 38 5
513 13 39 6
514 13 43 2
515 13 44 2
516 13 55 1
517 13 57 9
518 13 60 4
519 13 65 6
520 13 67 9
521 13 70 8
522 13 72 2
523 13 89 5
524 13 93 8
525 13 95 2
526 13 96 7
527 13 98 5
528 13 109 6
529 13 116 8
530 13 122 7
531 13 126 5
532 13 127 1
533 13 128 8
534 13 137 4
535 13 138 7
536 13 140 2
537 13 146 6
538 13 147 10
539 13 150 2
540 13 152 8
541 13 154 2
542 13 159 3
543 13 164 9
544 13 165 8
545 13 170 4
546 13 173 6
547 13 176 7
548 13 183 3
549 13 185 2
550 13 186 5
551 13 190 1
552 13 198 10
553 14 28 9
554 14 30 5
555 14 34 3
556 14 51 8
557 14 55 10
558 14 57 2
559 14 69 3
560 14 70 6
561 14 73 3
562 14 83 2
563 14 101 9
564 14 107 1
565 14 108 10
566 14 114 5
567 14 116 8
568 14 127 1
569 14 129 4
570 14 130 1
571 14 135 8
572 14 137 1
573 14 140 9
574 14 146 3
575 14 159 2
576 14 166 7
577 14 170 5
578 14 178 9
579 14 179 8
580 14 181 8
581 14 182 10
582 14 184 9
583 14 190 2
584 14 197 9
585 15 16 4
586 15 21 1
587 15 22 1
588 15 32 2
589 15 43 1
590 15 46 8
591 15 50 4
592 15 55 2
593 15 64 9
594 15 65 8
595 15 72 3
596 15 75 10
597 15 78 3
598 15 81 3
599 15 82 3
600 15 90 7
601 15 98 3
602 15 105 7
603 15 112 8
604 15 125 1
605 15 128 10
606 15 129 2
607 15 130 10
608 15 139 9
609 15 144 5
610 15 154 9
611 15 173 7
612 15 177 2
613 15 181 8
614 15 190 7
615 15 193 1
616 16 18 3
617 16 29 10
618 16 30 8
619 16 34 7
620 16 35 1
621 16 36 3
622 16 41 7
623 16 46 7
624 16 49 3
625 16 55 3
626 16 63 5
627 16 65 7
628 16 72 5
629 16 76 9
630 16 77 10
631 16 79 5
632 16 87 10
633 16 91 7
634 16 94 5
635 16 96 1
636 16 106 3
637 16 113 6
638 16 126 3
639 16 130 3
640 16 143 6
641 16 145 2
642 16 147 4
643 16 159 5
644 16 160 8
645 16 167 6
646 16 171 10
647 16 172 6
648 16 181 5
649 16 190 1
650 16 191 3
651 16 197 7
652 16 199 3
653 17 27 4
654 17 31 9
655 17 34 1
656 17 54 2
657 17 56 7
658 17 62 10
659 17 77 2
660 17 78 4
661 17 80 5
662 17 81 7
663 17 83 7
664 17 85 8
665 17 86 7
666 17 101 1
667 17 113 1
668 17 114 4
669 17 115 6
670 17 117 5
671 17 123 2
672 17 125 2
673 17 127 6
674 17 129 6
675 17 136 3
676 17 139 10
677 17 150 7
678 17 156 7
679 17 158 8
680 17 167 2
681 17 172 4
682 17 176 4
683 17 183 3
684 17 184 10
685 17 188 7
686 17 194 5
687 17 195 3
688 18 19 10
689 18 20 6
690 18 21 4
691 18 25 8
692 18 26 2
693 18 28 6
694 18 31 7
695 18 37 8
696 18 39 4
697 18 40 1
698 18 42 1
699 18 46 1
700 18 64 6
701 18 68 10
702 18 75 4
703 18 77 9
704 18 100 4
705 18 104 1
706 18 109 1
707 18 113 2
708 18 116 5
709 18 120 1
710 18 130 3
711 18 135 9
712 18 153 10
713 18 154 9
714 18 158 10
715 18 165 2
716 18 167 3
717 18 169 1
718 18 176 1
719 18 182 1
720 18 183 1
721 18 184 10
722 18 185 1
723 18 198 9
724 19 27 3
725 19 29 9
726 19 33 6
727 19 49 6
728 19 52 9
729 19 53 5
730 19 56 9
731 19 59 4
732 19 64 5
733 19 69 1
734 19 73 10
735 19 80 9
736 19 81 4
737 19 82 3
738 19 84 10
739 19 94 4
740 19 97 1
741 19 105 5
742 19 109 2
743 19 111 3
744 19 117 4
745 19 125 6
746 19 127 6
747 19 142 6
748 19 144 4
749 19 145 8
750 19 148 6
751 19 157 7
752 19 160 3
753 19 161 7
754 19 165 2
755 19 170 2
756 19 173 2
757 19 185 5
758 19 189 1
759 19 191 4
760 19 199 3
761 20 22 9
762 20 26 9
763 20 43 2
764 20 44 7
765 20 55 8
766 20 60 6
767 20 65 2
768 20 71 3
769 20 80 5
770 20 86 4
771 20 88 9
772 20 95 10
773 20 104 10
774 20 107 6
775 20 109 7
776 20 127 8
777 20 129 7
778 20 131 1
779 20 132 7
780 20 136 10
781 20 139 6
782 20 140 4
783 20 141 6
784 20 145 8
785 20 147 9
786 20 150 9
787 20 153 9
788 20 160 2
789 20 167 2
790 20 169 4
791 20 171 7
792 20 174 7
793 20 177 7
794 20 188 3
795 20 191 9
796 20 192 5
797 20 199 10
798 21 25 4
799 21 30 8
800 21 37 2
801 21 54 6
802 21 82 1
803 21 91 7
804 21 97 2
805 21 99 8
806 21 101 4
807 21 102 1
808 21 107 4
809 21 120 3
810 21 125 8
811 21 127 5
812 21 139 3
813 21 148 4
814 21 152 4
815 21 156 5
816 21 160 2
817 21 176 6
818 21 183 2
819 21 186 9
820 21 196 9
821 21 198 7
822 22 33 8
823 22 39 9
824 22 46 4
825 22 58 10
826 22 67 1
827 22 72 2
828 22 74 1
829 22 79 5
830 22 88 3
831 22 89 4
832 22 93 2
833 22 100 5
834 22 102 7
835 22 118 1
836 22 120 5
837 22 121 4
838 22 125 2
839 22 129 10
840 22 130 7
841 22 133 1
842 22 139 4
843 22 145 10
844 22 151 1
845 22 154 8
846 22 158 10
847 22 160 5
848 22 164 8
849 22 169 1
850 22 176 1
851 22 179 9
852 22 186 2
853 22 191 6
854 22 193 8
855 23 27 1
856 23 34 6
857 23 36 8
858 23 37 7
859 23 41 10
860 23 43 7
861 23 46 9
862 23 48 4
863 23 51 10
864 23 61 7
865 23 65 2
866 23 69 1
867 23 70 2
868 23 71 9
869 23 77 1
870 23 82 2
871 23 85 7
872 23 91 1
873 23 94 3
874 23 103 10
875 23 105 4
876 23 110 4
877 23 120 7
878 23 130 8
879 23 131 1
880 23 147 6
881 23 151 10
882 23 155 1
883 23 157 6
884 23 165 5
885 23 168 8
886 23 183 2
887 23 188 4
888 23 192 10
889 23 196 6
890 24 34 6
891 24 35 2
892 24 38 9
893 24 49 10
894 24 51 2
895 24 60 6
896 24 75 7
897 24 77 8
898 24 87 5
899 24 88 8
900 24 90 5
901 24 98 4
902 24 104 3
903 24 109 3
904 24 110 1
905 24 111 2
906 24 113 9
907 24 120 2
908 24 133 9
909 24 147 9
910 24 150 6
911 24 155 1
912 24 157 8
913 24 177 6
914 24 178 9
915 24 191 3
916 24 199 7
917 25 42 1
918 25 44 8
919 25 52 4
920 25 68 5
921 25 71 9
922 25 76 2
923 25 77 5
924 25 84 10
925 25 94 5
926 25 95 10
927 25 97 8
928 25 98 6
929 25 101 3
930 25 108 1
931 25 109 9
932 25 111 2
933 25 112 3
934 25 116 5
935 25 117 8
936 25 121 10
937 25 125 7
938 25 135 2
939 25 140 7
940 25 147 2
941 25 151 7
942 25 153 7
943 25 158 7
944 25 159 3
945 25 160 2
946 25 161 1
947 25 164 8
948 25 166 7
949 25 167 2
950 25 173 2
951 25 180 6
952 25 182 8
953 25 185 10
954 25 188 8
955 25 194 3
956 26 32 3
957 26 37 4
958 26 41 3
959 26 45 9
960 26 47 10
961 26 61 4
962 26 67 2
963 26 71 3
964 26 72 4
965 26 93 3
966 26 95 2
967 26 96 8
968 26 97 1
969 26 106 3
970 26 109 2
971 26 110 6
972 26 117 4
973 26 119 7
974 26 122 2
975 26 130 5
976 26 136 4
977 26 138 10
978 26 141 9
979 26 146 2
980 26 147 1
981 26 151 6
982 26 155 7
983 26 162 10
984 26 167 4
985 26 176 7
986 26 177 3
987 26 183 2
988 26 184 10
989 26 185 3
990 26 187 1
991 26 188 8
992 26 190 9
993 26 192 6
994 26 199 6
995 27 29 10
996 27 34 2
997 27 37 9
998 27 40 2
999 27 43 5
1000 27 48 6
1001 27 49 2
1002 27 50 1
1003 27 75 8
1004 27 78 5
1005 27 81 1
1006 27 82 1
1007 27 86 8
1008 27 89 5
1009 27 90 9
1010 27 95 4
1011 27 103 7
1012 27 104 4
1013 27 115 1
1014 27 134 9
1015 27 136 4
1016 27 137 6
1017 27 142 1
1018 27 153 6
1019 27 154 4
1020 27 157 3
1021 27 159 9
1022 27 162 7
1023 27 171 9
1024 27 176 4
1025 27 183 8
1026 27 186 4
1027 27 198 9
1028 28 40 2
1029 28 43 1
1030 28 48 3
1031 28 50 3
1032 28 51 5
1033 28 52 8
1034 28 61 10
1035 28 63 1
1036 28 66 7
1037 28 71 8
1038 28 76 10
1039 28 99 9
1040 28 107 8
1041 28 108 7
1042 28 112 6
1043 28 114 8
1044 28 115 3
1045 28 134 7
1046 28 138 6
1047 28 140 4
1048 28 150 4
1049 28 153 6
1050 28 154 10
1051 28 164 6
1052 28 180 5
1053 28 183 6
1054 28 185 7
1055 28 196 2
1056 29 41 4
1057 29 43 9
1058 29 44 9
1059 29 45 9
1060 29 55 6
1061 29 56 2
1062 29 62 4
1063 29 68 7
1064 29 69 10
1065 29 78 1
1066 29 87 10
1067 29 92 2
1068 29 95 3
1069 29 96 4
1070 29 102 3
1071 29 119 1
1072 29 124 5
1073 29 127 7
1074 29 130 9
1075 29 133 10
1076 29 135 1
1077 29 136 6
1078 29 141 3
1079 29 142 9
1080 29 144 1
1081 29 152 2
1082 29 156 9
1083 29 158 2
1084 29 172 2
1085 29 182 6
1086 29 191 5
1087 29 195 6
1088 29 197 4
1089 30 31 2
1090 30 38 1
1091 30 41 7
1092 30 50 5
1093 30 51 7
1094 30 56 6
1095 30 71 10
1096 30 85 8
1097 30 92 1
1098 30 102 3
1099 30 117 9
1100 30 119 4
1101 30 126 9
1102 30 133 2
1103 30 146 8
1104 30 147 1
1105 30 150 5
1106 30 158 6
1107 30 162 7
1108 30 163 8
1109 30 172 3
1110 30 176 2
1111 30 184 5
1112 30 186 4
1113 30 192 3
1114 30 196 6
1115 30 199 1
1116 31 32 9
1117 31 46 4
1118 31 47 5
1119 31 53 7
1120 31 56 3
1121 31 57 8
1122 31 61 3
1123 31 63 1
1124 31 66 6
1125 31 73 2
1126 31 78 6
1127 31 82 3
1128 31 84 4
1129 31 87 10
1130 31 98 2
1131 31 106 5
1132 31 112 6
1133 31 121 4
1134 31 125 7
1135 31 144 3
1136 31 151 5
1137 31 152 10
1138 31 155 1
1139 31 160 4
1140 31 169 10
1141 31 175 8
1142 31 185 8
1143 32 52 5
1144 32 59 2
1145 32 64 9
1146 32 67 5
1147 32 72 9
1148 32 95 6
1149 32 97 6
1150 32 109 9
1151 32 110 7
1152 32 111 5
1153 32 116 6
1154 32 119 6
1155 32 124 3
1156 32 130 9
1157 32 148 2
1158 32 151 8
1159 32 152 5
1160 32 153 5
1161 32 158 8
1162 32 161 3
1163 32 173 1
1164 32 175 1
1165 32 179 7
1166 32 191 6
1167 32 192 5
1168 32 194 2
1169 32 195 3
1170 32 196 5
1171 33 36 9
1172 33 37 6
1173 33 39 8
1174 33 46 4
1175 33 48 2
1176 33 56 3
1177 33 62 7
1178 33 66 4
1179 33 67 9
1180 33 70 7
1181 33 78 2
1182 33 79 2
1183 33 80 5
1184 33 89 7
1185 33 95 4
1186 33 102 8
1187 33 114 3
1188 33 121 9
1189 33 123 2
1190 33 129 3
1191 33 136 4
1192 33 142 1
1193 33 143 3
1194 33 147 3
1195 33 152 2
1196 33 158 9
1197 33 159 7
1198 33 167 5
1199 33 172 10
1200 33 173 6
1201 33 180 8
1202 33 184 2
1203 33 185 10
1204 33 188 8
1205 33 189 2
1206 33 194 6
1207 33 195 10
1208 33 197 10
1209 34 39 5
1210 34 62 5
1211 34 63 3
1212 34 77 10
1213 34 78 5
1214 34 79 8
1215 34 97 5
1216 34 98 1
1217 34 110 2
1218 34 117 5
1219 34 125 5
1220 34 129 8
1221 34 137 4
1222 34 142 6
1223 34 158 8
1224 34 164 3
1225 34 167 8
1226 34 169 8
1227 34 175 5
1228 34 183 5
1229 34 187 2
1230 34 188 4
1231 34 193 8
1232 34 195 9
1233 35 47 2
1234 35 57 8
1235 35 59 4
1236 35 62 7
1237 35 67 5
1238 35 70 8
1239 35 78 7
1240 35 81 2
1241 35 87 4
1242 35 91 3
1243 35 94 2
1244 35 101 2
1245 35 106 5
1246 35 116 10
1247 35 125 4
1248 35 132 9
1249 35 135 7
1250 35 137 6
1251 35 139 10
1252 35 144 8
1253 35 151 8
1254 35 154 9
1255 35 156 10
1256 35 157 9
1257 35 166 10
1258 35 173 2
1259 35 177 4
1260 35 178 10
1261 35 180 1
1262 35 186 6
1263 35 188 2
1264 35 195 2
1265 36 38 2
1266 36 48 8
1267 36 56 2
1268 36 61 5
1269 36 66 7
1270 36 69 9
1271 36 75 2
1272 36 82 2
1273 36 83 8
1274 36 84 7
1275 36 87 6
1276 36 102 2
1277 36 105 2
1278 36 107 10
1279 36 119 9
1280 36 121 6
1281 36 122 10
1282 36 132 2
1283 36 133 4
1284 36 141 10
1285 36 142 7
1286 36 145 3
1287 36 156 8
1288 36 162 3
1289 36 174 3
1290 36 176 7
1291 36 183 9
1292 36 186 5
1293 36 192 7
1294 36 194 6
1295 36 195 5
1296 36 196 8
1297 36 197 8
1298 36 198 4
1299 37 41 7
1300 37 48 5
1301 37 49 8
1302 37 52 5
1303 37 55 3
1304 37 58 7
1305 37 59 10
1306 37 63 10
1307 37 66 3
1308 37 69 10
1309 37 70 8
1310 37 80 9
1311 37 81 4
1312 37 96 3
1313 37 99 4
1314 37 104 3
1315 37 106 3
1316 37 111 6
1317 37 118 9
1318 37 123 4
1319 37 138 6
1320 37 143 8
1321 37 144 4
1322 37 151 4
1323 37 152 1
1324 37 153 3
1325 37 154 10
1326 37 172 6
1327 37 174 1
1328 37 192 7
1329 38 43 10
1330 38 50 4
1331 38 58 9
1332 38 60 6
1333 38 62 4
1334 38 63 9
1335 38 75 9
1336 38 80 4
1337 38 87 5
1338 38 88 7
1339 38 90 9
1340 38 93 1
1341 38 94 6
1342 38 115 10
1343 38 132 2
1344 38 134 1
1345 38 146 3
1346 38 147 7
1347 38 155 9
1348 38 157 4
1349 38 158 7
1350 38 159 6
1351 38 160 4
1352 38 162 6
1353 38 167 9
1354 38 179 9
1355 38 183 10
1356 38 187 3
1357 38 191 7
1358 38 194 7
1359 38 198 4
1360 39 44 1
1361 39 46 6
1362 39 47 1
1363 39 60 5
1364 39 66 5
1365 39 77 6
1366 39 82 9
1367 39 84 2
1368 39 101 4
1369 39 103 3
1370 39 105 7
1371 39 108 8
1372 39 109 7
1373 39 111 4
1374 39 122 4
1375 39 126 10
1376 39 128 2
1377 39 129 9
1378 39 139 4
1379 39 148 7
1380 39 155 1
1381 39 157 5
1382 39 158 1
1383 39 160 4
1384 39 162 10
1385 39 163 2
1386 39 169 1
1387 39 175 10
1388 39 177 7
1389 39 181 7
1390 39 183 5
1391 39 186 2
1392 39 188 6
1393 39 195 8
1394 40 45 7
1395 40 47 1
1396 40 53 6
1397 40 56 2
1398 40 69 5
1399 40 72 4
1400 40 74 1
1401 40 83 3
1402 40 103 4
1403 40 106 9
1404 40 110 8
1405 40 114 7
1406 40 122 3
1407 40 123 3
1408 40 129 2
1409 40 131 10
1410 40 142 4
1411 40 144 8
1412 40 150 9
1413 40 152 3
1414 40 166 8
1415 40 168 5
1416 40 171 2
1417 40 172 6
1418 40 178 8
1419 40 181 9
1420 40 186 2
1421 40 188 3
1422 40 189 8
1423 40 197 6
1424 41 46 5
1425 41 51 4
1426 41 55 10
1427 41 58 8
1428 41 68 1
1429 41 70 5
1430 41 75 9
1431 41 82 9
1432 41 88 10
1433 41 92 7
1434 41 103 10
1435 41 104 7
1436 41 107 7
1437 41 111 6
1438 41 123 1
1439 41 125 9
1440 41 129 4
1441 41 137 1
1442 41 144 9
1443 41 157 9
1444 41 160 4
1445 41 165 7
1446 41 169 1
1447 41 170 5
1448 41 175 6
1449 41 177 6
1450 41 178 5
1451 41 186 7
1452 41 189 4
1453 41 194 8
1454 41 195 6
1455 42 46 9
1456 42 50 4
1457 42 54 1
1458 42 55 3
1459 42 56 4
1460 42 59 1
1461 42 64 9
1462 42 66 8
1463 42 68 10
1464 42 71 2
1465 42 73 7
1466 42 74 2
1467 42 76 6
1468 42 80 6
1469 42 87 4
1470 42 88 5
1471 42 89 6
1472 42 91 9
1473 42 92 8
1474 42 93 6
1475 42 121 1
1476 42 124 2
1477 42 128 9
1478 42 142 8
1479 42 144 2
1480 42 146 7
1481 42 160 10
1482 42 164 6
1483 42 172 9
1484 42 173 8
1485 42 186 7
1486 42 187 1
1487 42 190 4
1488 42 193 1
1489 42 197 8
1490 42 198 6
1491 42 199 9
1492 43 45 2
1493 43 47 4
1494 43 52 5
1495 43 66 9
1496 43 71 4
1497 43 72 4
1498 43 73 8
1499 43 74 6
1500 43 83 5
1501 43 103 3
1502 43 104 3
1503 43 106 8
1504 43 110 10
1505 43 112 4
1506 43 115 5
1507 43 116 5
1508 43 123 3
1509 43 129 1
1510 43 135 9
1511 43 142 10
1512 43 146 10
1513 43 150 10
1514 43 153 6
1515 43 156 1
1516 43 162 8
1517 43 165 5
1518 43 167 10
1519 43 168 4
1520 43 169 4
1521 43 170 3
1522 43 172 4
1523 43 179 3
1524 43 181 10
1525 43 184 3
1526 43 185 10
1527 43 188 2
1528 43 194 10
1529 43 198 10
1530 44 54 6
1531 44 55 2
1532 44 60 5
1533 44 62 9
1534 44 78 2
1535 44 83 8
1536 44 100 7
1537 44 104 4
1538 44 108 1
1539 44 114 7
1540 44 122 10
1541 44 124 4
1542 44 126 6
1543 44 132 9
1544 44 133 3
1545 44 135 5
1546 44 139 9
1547 44 172 3
1548 44 176 2
1549 44 178 8
1550 44 189 5
1551 44 192 7
1552 45 52 8
1553 45 53 7
1554 45 55 5
1555 45 60 4
1556 45 61 4
1557 45 68 1
1558 45 71 9
1559 45 73 5
1560 45 76 5
1561 45 80 4
1562 45 84 5
1563 45 87 10
1564 45 90 3
1565 45 93 1
1566 45 95 2
1567 45 98 3
1568 45 106 9
1569 45 109 4
1570 45 127 2
1571 45 128 10
1572 45 132 9
1573 45 143 3
1574 45 146 5
1575 45 147 8
1576 45 152 6
1577 45 158 6
1578 45 161 6
1579 45 162 7
1580 45 170 7
1581 45 173 8
1582 45 183 6
1583 45 186 3
1584 45 194 5
1585 45 195 2
1586 46 48 5
1587 46 50 3
1588 46 58 6
1589 46 60 2
1590 46 64 7
1591 46 66 6
1592 46 74 4
1593 46 82 6
1594 46 83 8
1595 46 85 5
1596 46 92 6
1597 46 100 10
1598 46 101 2
1599 46 103 1
1600 46 106 2
1601 46 108 2
1602 46 113 6
1603 46 114 6
1604 46 116 4
1605 46 118 9
1606 46 123 2
1607 46 127 9
1608 46 130 10
1609 46 144 8
1610 46 145 9
1611 46 149 3
1612 46 155 7
1613 46 158 5
1614 46 160 5
1615 46 166 6
1616 46 167 4
1617 46 168 4
1618 46 182 9
1619 46 195 8
1620 46 198 7
1621 47 48 4
1622 47 57 6
1623 47 67 9
1624 47 70 7
1625 47 73 9
1626 47 76 7
1627 47 81 7
1628 47 88 8
1629 47 89 10
1630 47 91 3
1631 47 92 5
1632 47 93 7
1633 47 95 6
1634 47 96 6
1635 47 102 4
1636 47 104 8
1637 47 116 9
1638 47 118 6
1639 47 122 1
1640 47 123 7
1641 47 125 4
1642 47 131 4
1643 47 136 9
1644 47 139 5
1645 47 146 7
1646 47 155 2
1647 47 160 8
1648 47 164 3
1649 47 167 3
1650 47 168 4
1651 47 170 5
1652 47 176 1
1653 47 179 7
1654 47 182 1
1655 47 185 9
1656 47 197 2
1657 48 49 6
1658 48 55 2
1659 48 57 8
1660 48 67 3
1661 48 82 4
1662 48 85 5
1663 48 86 8
1664 48 89 1
1665 48 90 2
1666 48 119 5
1667 48 139 5
1668 48 155 10
1669 48 161 1
1670 48 165 1
1671 48 174 6
1672 48 189 5
1673 48 191 7
1674 48 195 10
1675 49 54 8
1676 49 58 10
1677 49 61 2
1678 49 67 7
1679 49 68 8
1680 49 78 5
1681 49 82 8
1682 49 84 2
1683 49 96 4
1684 49 98 1
1685 49 99 9
1686 49 104 3
1687 49 107 3
1688 49 109 3
1689 49 110 7
1690 49 113 3
1691 49 132 6
1692 49 139 4
1693 49 142 5
1694 49 145 7
1695 49 160 3
1696 49 164 3
1697 49 170 4
1698 49 171 8
1699 49 191 3
1700 49 193 8
1701 49 199 4
1702 50 64 5
1703 50 69 2
1704 50 71 1
1705 50 75 6
1706 50 77 2
1707 50 78 9
1708 50 81 2
1709 50 90 2
1710 50 91 10
1711 50 94 2
1712 50 95 5
1713 50 97 7
1714 50 106 2
1715 50 107 7
1716 50 108 1
1717 50 118 3
1718 50 123 2
1719 50 127 5
1720 50 129 5
1721 50 131 4
1722 50 133 4
1723 50 136 4
1724 50 137 8
1725 50 146 4
1726 50 164 1
1727 50 166 1
1728 50 167 1
1729 50 171 6
1730 50 172 3
1731 50 174 4
1732 50 180 3
1733 50 186 6
1734 50 188 3
1735 50 189 5
1736 50 195 8
1737 50 196 6
1738 50 197 2
1739 51 62 5
1740 51 66 9
1741 51 72 3
1742 51 74 9
1743 51 75 1
1744 51 88 10
1745 51 91 2
1746 51 94 8
1747 51 95 4
1748 51 98 8
1749 51 100 7
1750 51 103 10
1751 51 105 3
1752 51 107 7
1753 51 109 8
1754 51 112 3
1755 51 115 1
1756 51 117 9
1757 51 127 1
1758 51 134 4
1759 51 137 10
1760 51 139 8
1761 51 140 8
1762 51 141 7
1763 51 147 2
1764 51 148 7
1765 51 149 7
1766 51 153 5
1767 51 163 4
1768 51 164 10
1769 51 170 5
1770 51 184 10
1771 51 190 8
1772 51 197 3
1773 51 199 10
1774 52 59 10
1775 52 62 4
1776 52 64 5
1777 52 66 5
1778 52 68 7
1779 52 80 2
1780 52 83 5
1781 52 89 2
1782 52 90 2
1783 52 91 5
1784 52 102 6
1785 52 110 1
1786 52 123 2
1787 52 129 1
1788 52 134 3
1789 52 141 10
1790 52 142 8
1791 52 144 4
1792 52 146 5
1793 52 161 6
1794 52 165 2
1795 52 166 4
1796 52 167 5
1797 52 172 1
1798 52 174 3
1799 52 175 1
1800 52 176 1
1801 52 177 5
1802 52 179 4
1803 52 186 2
1804 52 187 8
1805 52 198 10
1806 53 55 4
1807 53 63 7
1808 53 65 7
1809 53 71 5
1810 53 77 4
1811 53 82 5
1812 53 104 10
1813 53 119 3
1814 53 120 3
1815 53 124 7
1816 53 125 6
1817 53 131 3
1818 53 133 1
1819 53 143 9
1820 53 145 4
1821 53 148 6
1822 53 151 2
1823 53 152 4
1824 53 154 4
1825 53 160 10
1826 53 161 8
1827 53 166 5
1828 53 168 3
1829 53 169 1
1830 53 172 10
1831 53 173 3
1832 53 176 5
1833 53 177 2
1834 53 184 9
1835 53 188 10
1836 53 189 4
1837 53 190 1
1838 53 191 3
1839 53 192 4
1840 53 193 4
1841 53 196 10
1842 53 198 6
1843 53 199 4
1844 54 57 3
1845 54 62 3
1846 54 64 7
1847 54 67 8
1848 54 69 7
1849 54 72 8
1850 54 82 4
1851 54 90 1
1852 54 91 7
1853 54 95 7
1854 54 96 6
1855 54 99 7
1856 54 100 1
1857 54 103 8
1858 54 104 6
1859 54 110 8
1860 54 119 2
1861 54 120 2
1862 54 129 4
1863 54 131 3
1864 54 136 9
1865 54 155 4
1866 54 157 3
1867 54 159 6
1868 54 161 6
1869 54 172 6
1870 54 173 9
1871 54 178 6
1872 54 181 10
1873 54 186 7
1874 54 195 4
1875 55 57 6
1876 55 63 1
1877 55 66 3
1878 55 67 4
1879 55 78 5
1880 55 89 5
1881 55 99 8
1882 55 107 6
1883 55 126 3
1884 55 128 9
1885 55 135 9
1886 55 138 1
1887 55 140 9
1888 55 144 5
1889 55 151 4
1890 55 154 1
1891 55 156 2
1892 55 162 9
1893 55 165 9
1894 55 170 6
1895 55 175 7
1896 55 176 7
1897 55 186 2
1898 55 192 2
1899 55 194 9
1900 55 199 5
1901 56 58 3
1902 56 62 9
1903 56 71 6
1904 56 91 2
1905 56 96 10
1906 56 104 1
1907 56 114 5
1908 56 115 2
1909 56 121 1
1910 56 122 4
1911 56 124 10
1912 56 126 6
1913 56 131 5
1914 56 132 9
1915 56 137 8
1916 56 140 4
1917 56 148 8
1918 56 153 2
1919 56 155 8
1920 56 160 2
1921 56 161 4
1922 56 166 3
1923 56 172 10
1924 56 176 4
1925 56 178 10
1926 56 182 3
1927 56 187 1
1928 56 194 5
1929 57 59 3
1930 57 65 6
1931 57 73 7
1932 57 75 3
1933 57 77 6
1934 57 85 8
1935 57 99 10
1936 57 118 1
1937 57 124 3
1938 57 128 5
1939 57 129 2
1940 57 130 8
1941 57 131 9
1942 57 136 9
1943 57 138 2
1944 57 141 6
1945 57 148 2
1946 57 149 8
1947 57 150 10
1948 57 157 10
1949 57 159 6
1950 57 163 2
1951 57 164 6
1952 57 165 3
1953 57 174 2
1954 57 176 8
1955 57 178 5
1956 57 179 9
1957 57 181 7
1958 57 183 6
1959 57 189 10
1960 57 196 7
1961 57 197 2
1962 58 59 1
1963 58 62 6
1964 58 64 1
1965 58 67 4
1966 58 88 2
1967 58 91 4
1968 58 92 8
1969 58 103 5
1970 58 114 6
1971 58 120 2
1972 58 123 10
1973 58 125 8
1974 58 126 6
1975 58 134 9
1976 58 153 7
1977 58 158 6
1978 58 171 6
1979 58 184 7
1980 58 193 1
1981 58 194 1
1982 59 62 1
1983 59 66 3
1984 59 75 3
1985 59 77 3
1986 59 78 2
1987 59 82 9
1988 59 84 6
1989 59 85 6
1990 59 89 5
1991 59 91 4
1992 59 94 10
1993 59 99 4
1994 59 103 9
1995 59 107 1
1996 59 113 2
1997 59 115 10
1998 59 118 4
1999 59 122 5
2000 59 127 3
2001 59 128 4
2002 59 135 2
2003 59 137 6
2004 59 140 5
2005 59 148 2
2006 59 151 1
2007 59 153 10
2008 59 154 9
2009 59 159 4
2010 59 165 3
2011 59 169 7
2012 59 182 5
2013 59 187 4
2014 59 189 4
2015 60 69 9
2016 60 74 10
2017 60 76 7
2018 60 85 3
2019 60 87 1
2020 60 89 6
2021 60 97 5
2022 60 114 10
2023 60 115 6
2024 60 124 5
2025 60 125 9
2026 60 135 10
2027 60 144 4
2028 60 145 7
2029 60 149 5
2030 60 150 8
2031 60 151 6
2032 60 156 8
2033 60 159 8
2034 60 160 6
2035 60 163 3
2036 60 166 5
2037 60 168 3
2038 60 169 3
2039 60 170 2
2040 60 172 5
2041 60 174 7
2042 60 180 1
2043 60 181 1
2044 60 189 10
2045 60 193 10
2046 60 197 7
2047 61 64 1
2048 61 65 8
2049 61 75 7
2050 61 79 4
2051 61 81 1
2052 61 83 4
2053 61 84 7
2054 61 87 9
2055 61 93 4
2056 61 95 10
2057 61 101 3
2058 61 105 9
2059 61 106 8
2060 61 110 6
2061 61 111 9
2062 61 117 6
2063 61 120 1
2064 61 132 9
2065 61 140 4
2066 61 146 9
2067 61 148 4
2068 61 151 3
2069 61 158 2
2070 61 165 8
2071 61 171 6
2072 61 172 5
2073 61 175 9
2074 61 179 9
2075 61 182 7
2076 61 186 2
2077 61 189 7
2078 61 199 3
2079 62 64 7
2080 62 65 10
2081 62 71 6
2082 62 75 10
2083 62 78 5
2084 62 93 8
2085 62 96 5
2086 62 105 10
2087 62 111 10
2088 62 121 6
2089 62 128 6
2090 62 132 7
2091 62 136 2
2092 62 137 2
2093 62 152 3
2094 62 155 4
2095 62 163 3
2096 62 165 3
2097 62 168 1
2098 62 172 4
2099 62 177 9
2100 62 178 4
2101 62 187 9
2102 63 70 3
2103 63 78 7
2104 63 84 5
2105 63 88 10
2106 63 89 6
2107 63 120 1
2108 63 127 1
2109 63 135 4
2110 63 140 9
2111 63 158 2
2112 63 160 5
2113 63 162 8
2114 63 172 6
2115 63 184 2
2116 63 190 10
2117 63 191 3
2118 64 70 9
2119 64 72 6
2120 64 78 1
2121 64 80 4
2122 64 85 4
2123 64 88 3
2124 64 89 5
2125 64 92 10
2126 64 93 2
2127 64 101 2
2128 64 115 9
2129 64 118 3
2130 64 128 5
2131 64 132 2
2132 64 135 9
2133 64 141 1
2134 64 143 10
2135 64 148 6
2136 64 149 6
2137 64 150 6
2138 64 164 10
2139 64 167 9
2140 64 179 8
2141 64 184 1
2142 64 188 9
2143 64 189 6
2144 64 193 2
2145 64 194 10
2146 65 75 1
2147 65 81 7
2148 65 83 3
2149 65 91 7
2150 65 92 7
2151 65 93 9
2152 65 94 9
2153 65 97 10
2154 65 103 8
2155 65 109 4
2156 65 122 10
2157 65 124 1
2158 65 126 10
2159 65 134 9
2160 65 137 9
2161 65 138 1
2162 65 139 5
2163 65 149 5
2164 65 164 5
2165 65 174 8
2166 65 176 8
2167 65 181 5
2168 65 182 5
2169 65 190 7
2170 65 193 7
2171 66 70 5
2172 66 71 6
2173 66 78 6
2174 66 86 6
2175 66 87 7
2176 66 98 1
2177 66 102 10
2178 66 111 7
2179 66 114 1
2180 66 118 8
2181 66 124 8
2182 66 128 5
2183 66 131 9
2184 66 132 9
2185 66 142 10
2186 66 151 5
2187 66 160 9
2188 66 161 7
2189 66 163 4
2190 66 171 4
2191 66 181 9
2192 66 190 8
2193 66 194 2
2194 66 195 5
2195 66 196 5
2196 67 68 4
2197 67 73 3
2198 67 74 10
2199 67 80 6
2200 67 85 10
2201 67 87 9
2202 67 88 9
2203 67 90 6
2204 67 92 3
2205 67 99 1
2206 67 107 6
2207 67 108 6
2208 67 109 7
2209 67 113 4
2210 67 115 9
2211 67 122 9
2212 67 131 7
2213 67 135 6
2214 67 138 6
2215 67 140 4
2216 67 144 2
2217 67 157 5
2218 67 159 10
2219 67 190 5
2220 67 196 4
2221 68 76 10
2222 68 81 6
2223 68 83 5
2224 68 99 3
2225 68 107 8
2226 68 110 3
2227 68 118 4
2228 68 122 7
2229 68 125 8
2230 68 127 2
2231 68 129 3
2232 68 135 2
2233 68 138 10
2234 68 142 8
2235 68 144 10
2236 68 150 1
2237 68 152 4
2238 68 162 8
2239 68 163 4
2240 68 166 8
2241 68 167 5
2242 68 175 10
2243 68 179 5
2244 68 183 10
2245 68 186 5
2246 68 187 1
2247 68 192 2
2248 68 198 4
2249 69 72 10
2250 69 73 5
2251 69 80 10
2252 69 86 8
2253 69 90 2
2254 69 93 9
2255 69 102 8
2256 69 105 10
2257 69 109 1
2258 69 118 7
2259 69 121 1
2260 69 122 7
2261 69 127 6
2262 69 140 4
2263 69 141 1
2264 69 145 4
2265 69 150 5
2266 69 170 9
2267 69 174 1
2268 69 176 1
2269 69 185 7
2270 69 189 7
2271 70 74 1
2272 70 86 10
2273 70 94 9
2274 70 98 2
2275 70 100 9
2276 70 108 7
2277 70 117 6
2278 70 119 1
2279 70 126 5
2280 70 128 2
2281 70 133 5
2282 70 136 6
2283 70 142 3
2284 70 150 4
2285 70 153 9
2286 70 156 9
2287 70 160 6
2288 70 163 3
2289 70 177 5
2290 70 193 9
2291 71 79 10
2292 71 85 2
2293 71 88 9
2294 71 90 4
2295 71 96 1
2296 71 99 2
2297 71 100 7
2298 71 102 5
2299 71 110 5
2300 71 112 4
2301 71 115 3
2302 71 116 6
2303 71 124 6
2304 71 126 9
2305 71 128 8
2306 71 142 3
2307 71 152 8
2308 71 161 9
2309 71 170 9
2310 71 171 2
2311 71 177 6
2312 71 184 9
2313 71 187 9
2314 72 84 10
2315 72 88 8
2316 72 89 4
2317 72 92 10
2318 72 101 9
2319 72 102 8
2320 72 104 5
2321 72 107 7
2322 72 114 9
2323 72 117 5
2324 72 145 10
2325 72 149 9
2326 72 151 6
2327 72 164 10
2328 72 166 1
2329 72 167 5
2330 72 169 10
2331 72 172 5
2332 72 173 8
2333 72 181 9
2334 72 184 5
2335 72 192 6
2336 73 74 9
2337 73 76 7
2338 73 85 7
2339 73 86 1
2340 73 90 7
2341 73 91 4
2342 73 95 5
2343 73 97 8
2344 73 99 5
2345 73 100 3
2346 73 104 1
2347 73 106 1
2348 73 110 3
2349 73 111 2
2350 73 123 6
2351 73 125 1
2352 73 129 6
2353 73 136 7
2354 73 137 7
2355 73 150 3
2356 73 151 10
2357 73 152 3
2358 73 156 9
2359 73 164 4
2360 73 165 6
2361 73 177 10
2362 73 178 6
2363 73 180 8
2364 73 185 10
2365 73 186 9
2366 73 187 8
2367 73 192 6
2368 74 75 5
2369 74 78 5
2370 74 81 4
2371 74 85 8
2372 74 87 6
2373 74 89 3
2374 74 91 10
2375 74 96 7
2376 74 97 5
2377 74 108 10
2378 74 109 4
2379 74 119 1
2380 74 123 7
2381 74 127 8
2382 74 131 3
2383 74 135 7
2384 74 147 9
2385 74 152 3
2386 74 162 4
2387 74 163 10
2388 74 165 7
2389 74 170 3
2390 74 174 7
2391 74 178 6
2392 74 182 7
2393 74 187 10
2394 74 198 3
2395 75 81 5
2396 75 83 8
2397 75 85 7
2398 75 88 9
2399 75 97 9
2400 75 101 7
2401 75 102 8
2402 75 103 10
2403 75 111 10
2404 75 121 1
2405 75 130 7
2406 75 131 10
2407 75 135 5
2408 75 141 1
2409 75 144 6
2410 75 145 9
2411 75 146 9
2412 75 154 10
2413 75 155 1
2414 75 156 2
2415 75 157 3
2416 75 168 8
2417 75 173 4
2418 75 175 5
2419 75 176 1
2420 75 182 7
2421 75 185 10
2422 75 188 4
2423 75 190 3
2424 75 199 2
2425 76 79 10
2426 76 81 7
2427 76 85 5
2428 76 86 9
2429 76 97 4
2430 76 109 2
2431 76 112 6
2432 76 119 8
2433 76 122 1
2434 76 126 1
2435 76 129 3
2436 76 133 1
2437 76 143 10
2438 76 144 5
2439 76 150 10
2440 76 153 8
2441 76 156 1
2442 76 165 7
2443 76 172 2
2444 76 181 1
2445 76 183 6
2446 76 184 6
2447 76 185 2
2448 76 187 5
2449 76 188 5
2450 77 83 4
2451 77 84 4
2452 77 93 8
2453 77 95 8
2454 77 96 10
2455 77 98 8
2456 77 99 3
2457 77 100 9
2458 77 102 5
2459 77 109 1
2460 77 119 5
2461 77 123 6
2462 77 124 4
2463 77 130 6
2464 77 142 3
2465 77 143 6
2466 77 144 8
2467 77 147 8
2468 77 150 3
2469 77 155 1
2470 77 160 3
2471 77 161 2
2472 77 167 6
2473 77 169 10
2474 77 175 3
2475 77 181 4
2476 77 195 5
2477 78 82 9
2478 78 84 8
2479 78 85 1
2480 78 86 1
2481 78 89 3
2482 78 91 2
2483 78 94 4
2484 78 96 7
2485 78 103 8
2486 78 106 5
2487 78 111 3
2488 78 118 5
2489 78 125 6
2490 78 126 2
2491 78 129 5
2492 78 135 4
2493 78 140 9
2494 78 142 4
2495 78 152 3
2496 78 156 3
2497 78 158 10
2498 78 171 2
2499 78 177 6
2500 78 187 5
2501 78 199 6
2502 79 86 3
2503 79 88 6
2504 79 106 6
2505 79 114 7
2506 79 119 4
2507 79 121 10
2508 79 126 5
2509 79 133 5
2510 79 136 7
2511 79 144 5
2512 79 150 7
2513 79 151 9
2514 79 161 4
2515 79 168 7
2516 79 169 1
2517 79 171 6
2518 79 173 6
2519 79 189 2
2520 79 199 1
2521 80 83 10
2522 80 84 5
2523 80 86 10
2524 80 91 5
2525 80 92 7
2526 80 96 6
2527 80 98 8
2528 80 99 8
2529 80 104 5
2530 80 116 4
2531 80 125 8
2532 80 147 2
2533 80 155 9
2534 80 165 9
2535 80 166 9
2536 80 175 10
2537 80 182 10
2538 80 186 8
2539 80 192 1
2540 80 193 1
2541 80 197 4
2542 81 88 8
2543 81 89 9
2544 81 92 4
2545 81 93 1
2546 81 99 5
2547 81 114 5
2548 81 117 4
2549 81 127 9
2550 81 134 2
2551 81 135 1
2552 81 138 7
2553 81 143 3
2554 81 145 1
2555 81 146 10
2556 81 148 2
2557 81 149 8
2558 81 155 6
2559 81 158 10
2560 81 162 6
2561 81 170 8
2562 81 172 5
2563 81 177 2
2564 81 185 10
2565 81 186 7
2566 81 188 3
2567 81 193 8
2568 81 196 6
2569 82 84 10
2570 82 85 2
2571 82 87 5
2572 82 90 8
2573 82 98 2
2574 82 99 2
2575 82 119 7
2576 82 127 2
2577 82 128 2
2578 82 130 2
2579 82 131 9
2580 82 134 3
2581 82 136 8
2582 82 138 9
2583 82 140 1
2584 82 141 10
2585 82 142 7
2586 82 144 6
2587 82 148 8
2588 82 154 3
2589 82 171 6
2590 82 176 2
2591 82 179 2
2592 82 186 7
2593 82 190 3
2594 82 195 10
2595 82 196 6
2596 82 199 7
2597 83 84 6
2598 83 85 7
2599 83 86 5
2600 83 87 5
2601 83 88 3
2602 83 92 4
2603 83 95 2
2604 83 100 3
2605 83 107 6
2606 83 108 3
2607 83 113 10
2608 83 126 10
2609 83 128 4
2610 83 143 7
2611 83 148 4
2612 83 156 4
2613 83 159 1
2614 83 170 1
2615 83 175 1
2616 83 176 4
2617 83 178 7
2618 83 189 6
2619 83 190 5
2620 83 191 4
2621 83 193 8
2622 83 194 8
2623 83 196 10
2624 83 198 7
2625 84 87 8
2626 84 107 10
2627 84 108 9
2628 84 116 7
2629 84 123 4
2630 84 130 4
2631 84 141 7
2632 84 150 3
2633 84 153 8
2634 84 156 4
2635 84 176 7
2636 84 181 8
2637 84 184 4
2638 84 188 5
2639 84 189 2
2640 85 88 3
2641 85 97 9
2642 85 112 9
2643 85 115 6
2644 85 118 7
2645 85 123 6
2646 85 129 1
2647 85 139 3
2648 85 141 7
2649 85 150 7
2650 85 155 7
2651 85 156 9
2652 85 157 7
2653 85 164 7
2654 85 168 8
2655 85 169 1
2656 85 171 4
2657 85 172 9
2658 85 175 6
2659 85 176 1
2660 85 177 10
2661 86 91 1
2662 86 97 5
2663 86 99 7
2664 86 100 1
2665 86 112 4
2666 86 114 1
2667 86 116 6
2668 86 128 10
2669 86 136 1
2670 86 141 8
2671 86 145 4
2672 86 149 7
2673 86 154 1
2674 86 155 3
2675 86 158 5
2676 86 159 6
2677 86 167 9
2678 86 169 3
2679 86 172 9
2680 86 173 4
2681 86 181 5
2682 86 183 8
2683 86 192 1
2684 87 91 5
2685 87 95 5
2686 87 99 7
2687 87 100 1
2688 87 106 10
2689 87 113 4
2690 87 117 9
2691 87 118 8
2692 87 129 7
2693 87 132 6
2694 87 138 7
2695 87 149 8
2696 87 151 7
2697 87 153 2
2698 87 156 5
2699 87 158 3
2700 87 161 1
2701 87 162 4
2702 87 164 1
2703 87 168 9
2704 87 171 10
2705 87 174 5
2706 87 176 4
2707 87 177 3
2708 87 178 5
2709 87 179 8
2710 87 186 4
2711 87 190 1
2712 87 193 6
2713 88 94 6
2714 88 100 8
2715 88 107 3
2716 88 113 1
2717 88 118 6
2718 88 135 8
2719 88 138 7
2720 88 141 9
2721 88 142 10
2722 88 143 8
2723 88 155 7
2724 88 160 8
2725 88 162 10
2726 88 172 3
2727 88 173 5
2728 88 177 1
2729 88 180 4
2730 88 181 4
2731 88 182 6
2732 88 185 1
2733 88 188 9
2734 88 190 4
2735 88 191 5
2736 88 192 10
2737 89 93 3
2738 89 99 5
2739 89 107 5
2740 89 110 2
2741 89 117 4
2742 89 120 1
2743 89 124 10
2744 89 129 3
2745 89 139 10
2746 89 143 5
2747 89 147 6
2748 89 148 7
2749 89 150 2
2750 89 151 8
2751 89 154 3
2752 89 159 1
2753 89 162 7
2754 89 165 6
2755 89 167 7
2756 89 180 7
2757 89 183 1
2758 89 185 6
2759 89 186 3
2760 89 195 2
2761 90 95 6
2762 90 96 5
2763 90 102 5
2764 90 123 4
2765 90 131 6
2766 90 137 7
2767 90 141 3
2768 90 142 5
2769 90 145 5
2770 90 154 4
2771 90 159 10
2772 90 165 4
2773 90 167 5
2774 90 183 4
2775 90 187 7
2776 90 188 8
2777 90 197 4
2778 90 198 5
2779 91 98 9
2780 91 102 4
2781 91 103 9
2782 91 111 7
2783 91 113 7
2784 91 119 6
2785 91 126 7
2786 91 127 6
2787 91 153 3
2788 91 157 1
2789 91 160 8
2790 91 169 8
2791 91 187 3
2792 91 198 6
2793 92 93 6
2794 92 102 10
2795 92 104 7
2796 92 122 3
2797 92 128 8
2798 92 142 9
2799 92 145 4
2800 92 149 8
2801 92 152 6
2802 92 153 3
2803 92 156 2
2804 92 159 2
2805 92 165 7
2806 92 172 8
2807 92 177 2
2808 92 183 6
2809 92 184 6
2810 92 187 4
2811 92 190 6
2812 92 197 2
2813 92 199 10
2814 93 98 5
2815 93 108 4
2816 93 112 6
2817 93 113 1
2818 93 115 5
2819 93 117 1
2820 93 132 10
2821 93 136 3
2822 93 138 6
2823 93 143 2
2824 93 146 6
2825 93 162 3
2826 93 166 9
2827 93 172 7
2828 93 173 3
2829 93 175 1
2830 93 178 10
2831 93 184 2
2832 93 191 6
2833 93 193 9
2834 93 198 8
2835 94 104 1
2836 94 116 6
2837 94 117 10
2838 94 120 7
2839 94 123 9
2840 94 132 8
2841 94 140 6
2842 94 142 7
2843 94 147 10
2844 94 149 2
2845 94 154 8
2846 94 159 4
2847 94 164 8
2848 94 171 9
2849 94 176 2
2850 94 177 9
2851 94 178 6
2852 94 180 2
2853 94 183 2
2854 94 187 1
2855 94 191 5
2856 94 197 7
2857 95 104 8
2858 95 105 5
2859 95 107 5
2860 95 108 6
2861 95 110 9
2862 95 137 3
2863 95 138 6
2864 95 141 8
2865 95 142 5
2866 95 150 10
2867 95 163 9
2868 95 165 5
2869 95 171 9
2870 95 173 4
2871 95 181 7
2872 95 183 7
2873 95 190 3
2874 95 195 4
2875 95 197 2
2876 96 98 9
2877 96 102 10
2878 96 116 6
2879 96 121 7
2880 96 122 7
2881 96 134 2
2882 96 136 9
2883 96 140 10
2884 96 154 4
2885 96 156 7
2886 96 163 3
2887 96 169 3
2888 96 170 8
2889 96 172 10
2890 96 176 2
2891 96 177 10
2892 96 179 7
2893 96 184 1
2894 96 193 3
2895 97 105 8
2896 97 108 7
2897 97 113 2
2898 97 114 8
2899 97 127 6
2900 97 136 8
2901 97 138 9
2902 97 139 4
2903 97 141 10
2904 97 144 10
2905 97 148 10
2906 97 154 8
2907 97 158 4
2908 97 163 4
2909 97 169 9
2910 97 172 5
2911 97 174 5
2912 97 183 8
2913 97 187 2
2914 97 188 9
2915 97 198 8
2916 98 100 1
2917 98 101 3
2918 98 104 1
2919 98 105 10
2920 98 107 9
2921 98 115 7
2922 98 117 4
2923 98 119 8
2924 98 120 3
2925 98 125 6
2926 98 128 1
2927 98 141 5
2928 98 153 1
2929 98 161 8
2930 98 172 1
2931 98 178 10
2932 98 186 6
2933 98 191 3
2934 99 100 5
2935 99 110 7
2936 99 115 10
2937 99 119 10
2938 99 120 7
2939 99 121 4
2940 99 128 5
2941 99 133 2
2942 99 140 9
2943 99 142 7
2944 99 144 9
2945 99 170 3
2946 99 171 5
2947 99 192 9
2948 99 194 4
2949 100 103 5
2950 100 104 9
2951 100 109 10
2952 100 113 6
2953 100 141 2
2954 100 147 1
2955 100 154 9
2956 100 158 9
2957 100 165 1
2958 100 167 4
2959 100 171 5
2960 100 174 8
2961 100 179 5
2962 100 181 4
2963 100 183 5
2964 100 195 7
2965 100 199 6
2966 101 107 8
2967 101 116 6
2968 101 118 2
2969 101 122 5
2970 101 127 6
2971 101 143 9
2972 101 147 5
2973 101 152 8
2974 101 156 2
2975 101 169 7
2976 101 176 7
2977 101 179 6
2978 101 182 2
2979 101 187 7
2980 102 103 10
2981 102 104 7
2982 102 108 10
2983 102 116 2
2984 102 122 5
2985 102 129 5
2986 102 131 5
2987 102 138 2
2988 102 143 4
2989 102 153 7
2990 102 159 8
2991 102 160 3
2992 102 165 6
2993 102 166 10
2994 102 173 3
2995 102 174 9
2996 102 186 5
2997 102 191 6
2998 102 192 8
2999 102 193 5
3000 103 104 2
3001 103 106 4
3002 103 112 4
3003 103 114 10
3004 103 119 3
3005 103 121 3
3006 103 128 9
3007 103 129 7
3008 103 136 5
3009 103 156 9
3010 103 158 7
3011 103 160 6
3012 103 165 4
3013 103 168 1
3014 103 175 5
3015 103 178 4
3016 103 179 1
3017 103 190 7
3018 103 194 10
3019 103 196 8
3020 104 105 7
3021 104 107 10
3022 104 110 4
3023 104 111 8
3024 104 114 2
3025 104 120 1
3026 104 121 6
3027 104 130 2
3028 104 131 1
3029 104 133 6
3030 104 134 9
3031 104 138 1
3032 104 145 8
3033 104 147 3
3034 104 156 9
3035 104 166 10
3036 104 167 10
3037 104 170 1
3038 104 175 5
3039 104 176 6
3040 104 184 9
3041 104 185 6
3042 104 195 10
3043 105 109 6
3044 105 112 9
3045 105 120 3
3046 105 123 8
3047 105 124 5
3048 105 126 2
3049 105 138 3
3050 105 139 9
3051 105 141 10
3052 105 148 4
3053 105 151 7
3054 105 153 4
3055 105 154 10
3056 105 158 3
3057 105 159 1
3058 105 164 7
3059 105 165 10
3060 105 170 10
3061 105 171 3
3062 105 175 5
3063 105 177 5
3064 105 178 6
3065 105 195 5
3066 105 199 7
3067 106 108 8
3068 106 109 8
3069 106 120 4
3070 106 140 4
3071 106 145 10
3072 106 156 1
3073 106 159 4
3074 106 166 5
3075 106 170 4
3076 106 171 4
3077 106 175 2
3078 106 177 6
3079 106 189 2
3080 106 196 6
3081 107 108 2
3082 107 111 5
3083 107 118 7
3084 107 119 5
3085 107 124 1
3086 107 136 7
3087 107 137 7
3088 107 138 7
3089 107 142 10
3090 107 147 4
3091 107 152 1
3092 107 154 3
3093 107 155 5
3094 107 159 3
3095 107 160 7
3096 107 161 2
3097 107 164 6
3098 107 170 2
3099 107 173 8
3100 107 176 1
3101 107 183 3
3102 107 186 3
3103 108 109 3
3104 108 114 9
3105 108 118 9
3106 108 120 9
3107 108 121 8
3108 108 123 9
3109 108 127 3
3110 108 128 4
3111 108 148 8
3112 108 168 6
3113 108 170 7
3114 108 189 7
3115 108 194 4
3116 109 111 3
3117 109 112 6
3118 109 114 9
3119 109 115 6
3120 109 116 8
3121 109 120 9
3122 109 136 6
3123 109 146 4
3124 109 149 10
3125 109 151 10
3126 109 161 3
3127 109 163 7
3128 109 164 6
3129 109 165 8
3130 109 170 6
3131 109 184 5
3132 110 115 5
3133 110 119 2
3134 110 121 5
3135 110 140 8
3136 110 145 7
3137 110 147 5
3138 110 150 9
3139 110 153 5
3140 110 160 7
3141 110 161 7
3142 110 163 3
3143 110 165 3
3144 110 171 1
3145 110 173 1
3146 110 182 3
3147 110 186 3
3148 110 189 6
3149 110 197 2
3150 110 199 2
3151 111 113 10
3152 111 124 3
3153 111 128 7
3154 111 129 6
3155 111 136 5
3156 111 145 9
3157 111 146 2
3158 111 152 5
3159 111 154 4
3160 111 167 5
3161 111 172 5
3162 111 179 1
3163 111 181 9
3164 111 182 1
3165 111 187 9
3166 111 191 7
3167 111 193 10
3168 112 118 8
3169 112 120 3
3170 112 127 5
3171 112 130 9
3172 112 142 4
3173 112 152 8
3174 112 156 9
3175 112 157 9
3176 112 159 8
3177 112 160 10
3178 112 167 7
3179 112 170 9
3180 112 180 1
3181 112 187 8
3182 112 188 6
3183 113 116 3
3184 113 122 9
3185 113 131 5
3186 113 134 2
3187 113 141 9
3188 113 154 10
3189 113 166 9
3190 113 169 7
3191 113 172 5
3192 113 175 9
3193 113 185 4
3194 113 189 3
3195 113 191 7
3196 113 194 3
3197 113 199 9
3198 114 115 5
3199 114 116 8
3200 114 125 8
3201 114 130 9
3202 114 142 2
3203 114 145 9
3204 114 149 4
3205 114 151 1
3206 114 155 8
3207 114 165 2
3208 114 167 9
3209 114 173 1
3210 114 174 2
3211 114 179 5
3212 114 180 1
3213 114 183 9
3214 114 185 10
3215 114 187 3
3216 114 188 3
3217 114 190 10
3218 115 120 10
3219 115 124 9
3220 115 129 2
3221 115 131 3
3222 115 136 3
3223 115 144 10
3224 115 146 5
3225 115 156 10
3226 115 158 1
3227 115 159 5
3228 115 170 10
3229 115 175 3
3230 115 178 3
3231 115 180 8
3232 115 186 9
3233 115 187 2
3234 115 196 2
3235 115 198 6
3236 116 129 4
3237 116 132 5
3238 116 134 5
3239 116 136 4
3240 116 143 3
3241 116 155 9
3242 116 156 7
3243 116 158 8
3244 116 159 2
3245 116 164 5
3246 116 181 2
3247 116 188 8
3248 116 198 10
3249 117 121 2
3250 117 125 6
3251 117 130 9
3252 117 133 6
3253 117 134 5
3254 117 137 9
3255 117 140 8
3256 117 155 7
3257 117 159 10
3258 117 160 4
3259 117 163 8
3260 117 171 6
3261 117 172 8
3262 117 176 1
3263 117 177 4
3264 117 183 2
3265 117 185 2
3266 117 190 6
3267 117 191 1
3268 117 197 8
3269 118 121 8
3270 118 127 3
3271 118 138 5
3272 118 142 7
3273 118 143 8
3274 118 144 6
3275 118 148 10
3276 118 152 4
3277 118 161 5
3278 118 179 10
3279 118 180 4
3280 118 181 6
3281 118 185 7
3282 118 190 10
3283 119 125 7
3284 119 140 3
3285 119 154 8
3286 119 155 1
3287 119 163 2
3288 119 164 2
3289 119 166 3
3290 119 175 8
3291 119 182 5
3292 120 124 9
3293 120 128 5
3294 120 137 10
3295 120 139 2
3296 120 140 6
3297 120 143 3
3298 120 144 4
3299 120 149 7
3300 120 153 5
3301 120 155 9
3302 120 160 3
3303 120 168 6
3304 120 169 3
3305 120 171 5
3306 120 182 5
3307 120 187 5
3308 120 189 3
3309 120 192 1
3310 121 122 2
3311 121 129 4
3312 121 136 1
3313 121 137 9
3314 121 152 4
3315 121 162 3
3316 121 165 1
3317 121 168 3
3318 121 181 3
3319 121 185 6
3320 121 189 6
3321 121 190 2
3322 122 129 3
3323 122 132 6
3324 122 133 1
3325 122 134 6
3326 122 141 5
3327 122 151 4
3328 122 153 4
3329 122 166 8
3330 122 167 2
3331 122 169 10
3332 122 171 7
3333 122 180 1
3334 122 181 6
3335 122 188 10
3336 122 198 7
3337 123 124 6
3338 123 125 8
3339 123 126 5
3340 123 135 1
3341 123 136 8
3342 123 139 7
3343 123 142 2
3344 123 148 7
3345 123 158 1
3346 123 161 6
3347 123 165 10
3348 123 171 8
3349 123 172 4
3350 123 178 4
3351 123 179 2
3352 123 185 8
3353 123 186 2
3354 123 192 3
3355 123 196 7
3356 124 125 7
3357 124 126 5
3358 124 134 8
3359 124 147 10
3360 124 150 10
3361 124 152 4
3362 124 154 3
3363 124 159 7
3364 124 160 9
3365 124 165 2
3366 124 171 7
3367 124 172 7
3368 124 173 4
3369 124 186 4
3370 124 187 1
3371 124 189 5
3372 124 195 3
3373 124 196 9
3374 124 197 10
3375 125 133 5
3376 125 134 1
3377 125 139 7
3378 125 144 7
3379 125 151 6
3380 125 152 2
3381 125 153 8
3382 125 160 10
3383 125 166 5
3384 125 172 2
3385 125 179 5
3386 125 185 7
3387 125 187 10
3388 126 136 7
3389 126 143 6
3390 126 149 7
3391 126 152 7
3392 126 155 1
3393 126 159 2
3394 126 161 10
3395 126 166 1
3396 126 167 6
3397 126 176 9
3398 126 179 3
3399 126 181 8
3400 126 187 1
3401 126 193 7
3402 126 194 9
3403 127 129 2
3404 127 132 7
3405 127 136 2
3406 127 147 6
3407 127 149 7
3408 127 150 6
3409 127 151 4
3410 127 153 9
3411 127 154 9
3412 127 168 9
3413 127 174 5
3414 127 176 9
3415 127 181 7
3416 127 188 6
3417 127 190 6
3418 127 195 4
3419 127 196 7
3420 127 198 9
3421 128 132 1
3422 128 133 9
3423 128 143 10
3424 128 148 9
3425 128 158 7
3426 128 163 4
3427 128 166 1
3428 128 172 10
3429 128 173 8
3430 128 178 7
3431 128 180 2
3432 128 197 4
3433 129 140 7
3434 129 143 2
3435 129 145 2
3436 129 146 3
3437 129 149 7
3438 129 151 1
3439 129 154 5
3440 129 159 9
3441 129 169 4
3442 129 186 9
3443 129 192 6
3444 130 133 6
3445 130 144 2
3446 130 146 5
3447 130 147 5
3448 130 164 4
3449 130 168 8
3450 130 171 8
3451 130 179 4
3452 130 193 5
3453 131 136 9
3454 131 141 5
3455 131 144 4
3456 131 145 2
3457 131 146 10
3458 131 148 9
3459 131 153 4
3460 131 154 3
3461 131 156 10
3462 131 162 2
3463 131 164 5
3464 131 167 3
3465 131 169 8
3466 131 172 2
3467 131 173 3
3468 131 174 5
3469 131 176 9
3470 131 178 3
3471 131 179 5
3472 131 184 4
3473 131 190 8
3474 131 191 3
3475 131 193 6
3476 131 194 8
3477 131 195 8
3478 131 196 3
3479 132 133 9
3480 132 154 1
3481 132 160 5
3482 132 170 1
3483 132 172 7
3484 132 177 5
3485 132 183 2
3486 132 184 8
3487 132 194 9
3488 132 196 8
3489 133 134 10
3490 133 143 1
3491 133 148 6
3492 133 153 9
3493 133 163 9
3494 133 167 1
3495 133 171 4
3496 133 175 6
3497 133 191 2
3498 133 194 7
3499 134 141 4
3500 134 150 8
3501 134 152 7
3502 134 180 1
3503 134 181 4
3504 134 192 5
3505 135 139 8
3506 135 147 5
3507 135 151 1
3508 135 162 9
3509 135 165 4
3510 135 166 2
3511 135 169 6
3512 135 173 9
3513 135 175 4
3514 135 181 7
3515 135 182 4
3516 135 186 1
3517 135 187 3
3518 135 192 2
3519 135 195 10
3520 135 198 10
3521 136 137 4
3522 136 153 1
3523 136 159 1
3524 136 163 8
3525 136 166 5
3526 136 173 7
3527 136 175 2
3528 136 178 9
3529 136 179 6
3530 136 183 3
3531 136 189 2
3532 136 190 10
3533 136 196 2
3534 137 141 5
3535 137 144 3
3536 137 154 6
3537 137 159 4
3538 137 160 5
3539 137 169 8
3540 137 172 1
3541 137 175 7
3542 137 182 6
3543 137 194 4
3544 137 196 9
3545 137 198 6
3546 138 141 3
3547 138 144 10
3548 138 148 3
3549 138 150 9
3550 138 152 5
3551 138 157 2
3552 138 166 3
3553 138 170 4
3554 138 175 3
3555 138 180 4
3556 138 182 1
3557 138 185 6
3558 138 195 6
3559 139 153 5
3560 139 164 1
3561 139 171 3
3562 139 173 5
3563 139 175 10
3564 139 184 2
3565 139 196 10
3566 140 146 6
3567 140 152 2
3568 140 155 8
3569 140 158 10
3570 140 166 5
3571 140 169 10
3572 140 172 3
3573 140 182 4
3574 140 183 8
3575 140 187 2
3576 140 190 5
3577 140 196 6
3578 141 148 3
3579 141 149 6
3580 141 150 1
3581 141 157 3
3582 141 165 2
3583 141 172 8
3584 141 175 2
3585 141 178 9
3586 141 182 10
3587 141 184 2
3588 141 191 8
3589 141 195 7
3590 142 143 5
3591 142 150 4
3592 142 152 2
3593 142 156 2
3594 142 157 1
3595 142 158 10
3596 142 160 8
3597 142 163 9
3598 142 164 7
3599 142 166 8
3600 142 172 1
3601 142 177 3
3602 142 181 8
3603 142 182 10
3604 142 188 1
3605 142 192 1
3606 142 198 3
3607 142 199 1
3608 143 154 3
3609 143 162 2
3610 143 165 3
3611 143 166 7
3612 143 168 10
3613 143 169 2
3614 143 174 1
3615 143 176 10
3616 144 156 6
3617 144 157 6
3618 144 161 6
3619 144 162 5
3620 144 164 9
3621 144 169 9
3622 144 180 7
3623 144 185 1
3624 144 188 9
3625 144 192 8
3626 144 194 10
3627 144 198 9
3628 145 146 7
3629 145 149 3
3630 145 153 7
3631 145 154 9
3632 145 159 8
3633 145 161 1
3634 145 162 4
3635 145 176 10
3636 145 177 10
3637 145 179 1
3638 145 180 8
3639 145 181 6
3640 145 182 2
3641 145 183 4
3642 145 195 1
3643 145 197 7
3644 145 198 4
3645 146 152 6
3646 146 156 8
3647 146 157 4
3648 146 168 3
3649 146 171 3
3650 146 187 5
3651 146 196 9
3652 146 197 9
3653 147 152 9
3654 147 153 3
3655 147 154 3
3656 147 164 10
3657 147 165 4
3658 147 174 9
3659 147 178 10
3660 147 191 8
3661 148 149 6
3662 148 151 1
3663 148 156 5
3664 148 160 5
3665 148 162 9
3666 148 170 5
3667 148 195 9
3668 149 150 10
3669 149 151 4
3670 149 154 8
3671 149 156 4
3672 149 158 7
3673 149 162 6
3674 149 166 3
3675 149 167 9
3676 149 176 10
3677 149 177 10
3678 149 178 6
3679 149 187 8
3680 149 190 6
3681 149 194 7
3682 149 199 8
3683 150 156 6
3684 150 157 1
3685 150 162 2
3686 150 164 4
3687 150 165 9
3688 150 174 6
3689 150 179 10
3690 150 188 10
3691 150 192 10
3692 151 160 4
3693 151 165 10
3694 151 174 9
3695 151 178 6
3696 151 184 9
3697 151 186 2
3698 151 191 3
3699 151 197 7
3700 151 199 9
3701 152 165 1
3702 152 171 4
3703 152 173 5
3704 152 176 6
3705 152 183 6
3706 152 184 5
3707 152 185 7
3708 152 186 4
3709 153 156 4
3710 153 165 4
3711 153 178 2
3712 153 180 4
3713 153 189 6
3714 153 197 9
3715 154 162 9
3716 154 166 9
3717 154 167 5
3718 154 169 2
3719 154 171 4
3720 154 196 6
3721 155 160 9
3722 155 161 1
3723 155 163 7
3724 155 166 1
3725 155 173 1
3726 155 176 9
3727 155 179 8
3728 155 189 6
3729 155 197 9
3730 156 157 9
3731 156 160 1
3732 156 161 3
3733 156 169 1
3734 156 174 9
3735 156 178 6
3736 156 181 7
3737 156 185 7
3738 156 187 10
3739 156 188 7
3740 156 193 6
3741 157 159 3
3742 157 160 9
3743 157 164 2
3744 157 169 7
3745 157 171 7
3746 157 183 1
3747 157 192 9
3748 157 197 2
3749 158 161 4
3750 158 174 2
3751 158 191 6
3752 158 193 7
3753 158 198 9
3754 159 170 2
3755 159 181 10
3756 159 182 4
3757 159 183 8
3758 159 186 6
3759 159 188 7
3760 159 189 2
3761 159 198 7
3762 160 172 3
3763 160 176 10
3764 160 177 3
3765 160 188 9
3766 160 196 10
3767 161 163 2
3768 161 165 10
3769 161 172 9
3770 161 177 9
3771 161 180 6
3772 161 182 4
3773 161 183 7
3774 161 185 3
3775 161 188 6
3776 161 192 10
3777 162 165 4
3778 162 172 5
3779 162 185 8
3780 162 188 6
3781 162 195 7
3782 162 197 9
3783 163 173 1
3784 163 181 7
3785 163 184 8
3786 163 185 6
3787 163 195 7
3788 163 196 5
3789 164 184 4
3790 164 185 2
3791 164 188 9
3792 164 189 8
3793 164 191 4
3794 164 193 8
3795 165 169 6
3796 165 174 8
3797 165 181 5
3798 165 187 8
3799 165 194 10
3800 165 195 6
3801 165 196 3
3802 166 167 5
3803 166 177 6
3804 166 178 7
3805 166 180 7
3806 166 181 3
3807 166 187 9
3808 167 179 7
3809 167 181 1
3810 167 185 2
3811 167 188 7
3812 167 189 3
3813 167 192 2
3814 168 170 5
3815 168 171 1
3816 168 174 2
3817 168 175 7
3818 168 192 10
3819 168 195 7
3820 168 199 9
3821 169 178 1
3822 169 180 10
3823 169 182 3
3824 169 186 2
3825 169 191 7
3826 169 195 8
3827 169 196 1
3828 169 199 4
3829 170 180 4
3830 170 181 5
3831 170 187 10
3832 170 188 1
3833 170 193 10
3834 170 197 8
3835 171 172 4
3836 171 184 9
3837 171 193 3
3838 171 195 5
3839 172 185 10
3840 172 186 2
3841 173 180 10
3842 173 186 5
3843 173 187 3
3844 173 189 1
3845 173 199 9
3846 174 178 7
3847 174 181 1
3848 174 182 2
3849 174 191 8
3850 174 192 4
3851 175 178 8
3852 175 184 6
3853 175 190 10
3854 176 177 1
3855 176 194 4
3856 177 193 4
3857 177 195 3
3858 177 199 6
3859 178 179 5
3860 178 183 1
3861 178 189 8
3862 178 195 5
3863 178 197 7
3864 179 185 4
3865 179 188 8
3866 179 197 8
3867 180 181 9
3868 180 185 2
3869 180 188 1
3870 180 189 7
3871 180 190 8
3872 180 193 2
3873 181 188 7
3874 181 193 7
3875 182 184 2
3876 182 186 7
3877 182 197 4
3878 182 199 5
3879 183 188 3
3880 183 193 7
3881 183 194 2
3882 183 196 3
3883 184 187 4
3884 184 188 6
3885 184 193 10
3886 186 188 9
3887 187 189 8
3888 187 190 1
3889 187 192 9
3890 187 193 9
3891 187 199 3
3892 188 190 3
3893 188 194 3
3894 188 197 8
3895 189 197 10
3896 190 192 10
3897 190 194 6
3898 192 199 3
3899 193 197 3
3900 193 198 3
3901 194 198 5
3902 195 196 4
3903 196 197 2
3904 197 198 3
3905 197 199 6
